1 1
2 1
3 1
4 2
5 0
6 1
7 2
8 2
9 1
10 1
11 0
12 1
13 1
14 1
15 1
16 1
17 1
18 1
19 0
20 0
21 1
22 0
23 1
24 1
25 0
26 1
27 1
28 1
29 2
30 2
31 0
32 1
33 1
34 0
35 0
36 1
37 2
38 0
39 1
40 0
41 2
42 2
43 1
44 1
45 1
46 1
47 1
48 1
49 1
50 1
51 1
52 1
53 1
54 0
55 1
56 1
57 0
58 0
59 0
60 0
61 1
62 0
63 0
64 1
65 1
66 0
67 1
68 0
69 0
70 1
71 0
72 1
73 1
74 1
75 0
76 1
77 1
78 0
79 2
80 0
81 1
82 1
83 0
84 1
85 1
86 0
87 1
88 1
89 1
90 1
91 0
92 1
93 0
94 0
95 0
96 1
97 1
98 0
99 0
100 1
101 1
102 0
103 1
104 1
105 1
106 1
107 1
108 1
109 0
110 0
111 1
112 0
113 0
114 1
115 1
116 0
117 1
118 1
119 2
120 0
121 1
122 1
123 1
124 0
125 1
126 0
127 1
128 1
129 1
130 1
131 2
132 1
133 1
134 1
135 1
136 2
137 0
138 1
139 0
140 0
141 1
142 1
143 1
144 1
145 0
146 0
147 0
148 1
149 1
150 1
151 1
152 1
153 1
154 1
155 0
156 1
157 1
158 0
159 1
160 0
161 1
162 0
163 0
164 1
165 1
166 1
167 1
168 1
169 1
170 0
171 1
172 1
173 1
174 0
175 1
176 1
177 1
178 1
179 1
180 1
181 1
182 0
183 1
184 1
185 1
186 1
187 0
188 1
189 0
190 1
191 1
192 1
193 1
194 1
195 0
196 1
197 1
198 0
199 1
200 1
201 1
202 1
203 0
204 0
205 1
206 1
207 1
208 1
209 1
210 1
211 1
212 1
213 1
214 1
215 0
216 0
217 1
218 1
219 2
220 0
221 0
222 0
223 1
224 0
225 0
226 0
227 1
228 0
229 1
230 1
231 1
232 0
233 1
234 1
235 1
236 0
237 1
238 2
239 1
240 1
241 0
242 1
243 0
244 0
245 1
246 0
247 1
248 1
249 0
250 1
251 1
252 1
253 0
254 1
255 1
256 1
257 1
258 1
259 1
260 1
261 1
262 1
263 1
264 1
265 0
266 0
267 0
268 0
269 0
270 1
271 1
272 0
273 0
274 0
275 0
276 1
277 0
278 1
279 1
280 1
281 1
282 0
283 1
284 0
285 1
286 1
287 1
288 1
289 1
290 1
291 1
292 0
293 1
294 0
295 0
296 1
297 1
298 0
299 0
300 1
301 1
302 1
303 1
304 1
305 1
306 0
307 0
308 0
309 0
310 0
311 0
312 1
313 1
314 0
315 1
316 0
317 1
318 1
319 0
320 0
321 0
322 0
323 1
324 1
325 0
326 1
327 0
328 0
329 0
330 0
331 0
332 1
333 1
334 0
335 1
336 1
337 0
338 0
339 0
340 0
341 0
342 0
343 1
344 0
345 0
346 1
347 1
348 1
349 1
350 0
351 1
352 0
353 1
354 0
355 0
356 0
357 0
358 0
359 1
360 1
361 0
362 0
363 1
364 0
365 1
366 0
367 0
368 0
369 1
370 0
371 0
372 0
373 1
374 1
375 0
376 0
377 0
378 0
379 0
380 0
381 0
382 0
383 0
384 0
385 0
386 0
387 0
388 0
389 0
390 0
391 0
392 1
393 0
394 0
395 1
396 0
397 0
398 0
399 0
400 0
401 0
402 0
403 0
404 0
405 0
406 0
407 0
408 0
409 1
410 0
411 0
412 0
413 0
414 0
415 0
416 0
417 0
418 0
419 0
420 0
421 0
422 0
423 0
424 1
425 0
426 0
427 1
428 0
429 0
430 0
431 0
432 0
433 0
434 0
435 0
436 0
437 0
438 0
439 0
440 1
441 0
442 0
443 0
444 1
445 0
446 0
447 0
448 1
449 0
450 0
451 0
452 0
453 0
454 1
455 0
456 0
457 0
458 0
459 1
460 0
461 0
462 0
463 0
464 0
465 1
466 1
467 0
468 0
469 0
470 0
471 0
472 0
473 0
474 1
475 0
476 1
477 0
478 0
479 0
480 0
481 0
482 1
483 0
484 1
485 0
486 0
487 0
488 0
489 0
490 1
491 0
492 0
493 0
494 1
495 0
496 0
497 0
498 0
499 0
500 1
501 0
502 0
503 1
504 0
505 0
506 0
507 0
508 0
509 0
510 0
511 0
512 1
513 1
514 1
515 1
516 1
517 0
518 0
519 0
520 0
521 0
522 0
523 0
524 0
525 0
526 1
527 1
528 0
529 1
530 0
531 0
532 0
533 0
534 0
535 0
536 0
537 0
538 0
539 0
540 0
541 0
542 0
543 0
544 0
545 0
546 0
547 1
548 0
549 0
550 0
551 0
552 0
553 0
554 0
555 0
556 0
557 1
558 0
559 1
560 0
561 1
562 0
563 0
564 0
565 1
566 0
567 0
568 0
569 0
570 0
571 0
572 0
573 0
574 0
575 0
576 0
577 1
578 0
579 0
580 1
581 0
582 0
583 1
584 0
585 0
586 0
587 1
588 1
589 1
590 0
591 0
592 1
593 1
594 0
595 0
596 0
597 0
598 0
599 0
600 0
601 0
602 0
603 0
604 0
605 0
606 0
607 0
608 1
609 0
610 1
611 0
612 1
613 0
614 0
615 1
616 0
617 0
618 1
619 0
620 0
621 0
622 0
623 0
624 0
625 0
626 0
627 0
628 0
629 1
630 0
631 0
632 0
633 0
634 1
635 0
636 0
637 0
638 0
639 0
640 1
641 0
642 0
643 0
644 0
645 0
646 0
647 0
648 0
649 0
650 0
651 1
652 0
653 1
654 1
655 1
656 0
657 1
658 1
659 0
660 0
661 0
662 0
663 0
664 0
665 0
666 1
667 1
668 1
669 0
670 1
671 0
672 0
673 0
674 0
675 0
676 0
677 0
678 0
679 0
680 1
681 1
682 1
683 0
684 1
685 0
686 1
687 0
688 0
689 0
690 0
691 1
692 0
693 0
694 0
695 0
696 0
697 0
698 1
699 0
700 1
701 0
702 1
703 1
704 0
705 1
706 1
707 1
708 1
709 1
710 0
711 1
712 1
713 1
714 0
715 0
716 0
717 0
718 0
719 1
720 0
721 1
722 0
723 0
724 0
725 0
726 0
727 0
728 1
729 0
730 0
731 1
732 0
733 1
734 1
735 0
736 1
737 0
738 0
739 1
740 1
741 1
742 1
743 1
744 1
745 1
746 1
747 1
748 1
749 1
750 0
751 1
752 0
753 1
754 0
755 0
756 1
757 1
758 0
759 0
760 1
761 1
762 1
763 0
764 0
765 0
766 0
767 0
768 0
769 1
770 1
771 0
772 1
773 0
774 0
775 0
776 0
777 0
778 0
779 0
780 1
781 0
782 0
783 0
784 1
785 0
786 0
787 0
788 0
789 0
790 0
791 1
792 0
793 0
794 1
795 1
796 0
797 0
798 1
799 1
800 0
801 1
802 0
803 0
804 1
805 1
806 0
807 0
808 1
809 1
810 0
811 1
812 1
813 1
814 1
815 1
816 1
817 0
818 0
819 1
820 1
821 1
822 1
823 1
824 1
825 1
826 1
827 1
828 0
829 1
830 1
831 0
832 0
833 1
834 1
835 1
836 0
837 0
838 0
839 1
840 0
841 0
842 0
843 0
844 0
845 1
846 0
847 1
848 1
849 0
850 0
851 0
852 0
853 0
854 0
855 1
856 0
857 0
858 0
859 0
860 0
861 0
862 1
863 0
864 0
865 0
866 0
867 0
868 1
869 1
870 0
871 1
872 1
873 1
874 1
875 1
876 1
877 1
878 1
879 0
880 1
881 0
882 0
883 1
884 1
885 2
886 0
887 1
888 1
889 1
890 1
891 0
892 0
893 0
894 0
895 1
896 0
897 0
898 0
899 0
900 0
901 1
902 0
903 0
904 1
905 0
906 1
907 1
908 1
909 0
910 1
911 1
912 1
913 1
914 0
915 1
916 1
917 1
918 1
919 1
920 1
921 1
922 1
923 1
924 1
925 1
926 1
927 1
928 0
929 1
930 1
931 1
932 1
933 1
934 0
935 1
936 1
937 1
938 2
939 1
940 0
941 1
942 1
943 1
944 1
945 1
946 1
947 1
948 1
949 0
950 1
951 0
952 1
953 1
954 0
955 1
956 1
957 0
958 1
959 1
960 1
961 1
962 1
963 1
964 1
965 1
966 0
967 0
968 1
969 1
970 0
971 1
972 1
973 0
974 1
975 1
976 1
977 1
978 2
979 1
980 1
981 1
982 1
983 1
984 1
985 2
986 1
987 1
988 1
989 0
990 1
991 1
992 1
993 1
994 1
995 1
996 1
997 1
998 1
999 1
1000 1
1001 1
1002 1
1003 1
1004 1
1005 1
1006 1
1007 1
1008 0
1009 1
1010 1
1011 1
1012 1
1013 1
1014 1
1015 1
1016 1
1017 1
1018 1
1019 2
1020 1
1021 1
1022 0
1023 1
1024 0
1025 1
1026 1
1027 1
1028 1
1029 1
1030 1
1031 0
1032 1
1033 1
1034 0
1035 1
1036 1
1037 1
1038 1
1039 1
1040 0
1041 2
1042 2
1043 1
1044 0
1045 1
1046 0
1047 0
1048 1
1049 1
1050 0
1051 0
1052 1
1053 0
1054 1
1055 1
1056 0
1057 0
1058 1
1059 0
1060 0
1061 1
1062 0
1063 1
1064 1
1065 1
1066 0
1067 1
1068 1
1069 1
1070 0
1071 0
1072 0
1073 0
1074 0
1075 1
1076 1
1077 0
1078 1
1079 1
1080 1
1081 1
1082 1
1083 1
1084 1
1085 1
1086 1
1087 1
1088 1
1089 0
1090 1
1091 1
1092 0
1093 0
1094 0
1095 0
1096 0
1097 0
1098 0
1099 0
1100 1
1101 0
1102 0
1103 1
1104 2
1105 0
1106 1
1107 0
1108 1
1109 1
1110 1
1111 2
1112 1
1113 1
1114 2
1115 1
1116 0
1117 0
1118 1
1119 1
1120 0
1121 1
1122 1
1123 0
1124 0
1125 0
1126 1
1127 1
1128 1
1129 1
1130 0
1131 1
1132 1
1133 1
1134 1
1135 1
1136 1
1137 1
1138 1
1139 1
1140 1
1141 1
1142 1
1143 1
1144 0
1145 2
1146 1
1147 0
1148 1
1149 0
1150 1
1151 1
1152 1
1153 1
1154 1
1155 1
1156 0
1157 1
1158 1
1159 1
1160 1
1161 0
1162 0
1163 0
1164 1
1165 0
1166 1
1167 1
1168 1
1169 0
1170 0
1171 0
1172 1
1173 1
1174 1
1175 0
1176 1
1177 0
1178 0
1179 1
1180 1
1181 1
1182 1
1183 0
1184 0
1185 0
1186 0
1187 0
1188 1
1189 0
1190 0
1191 0
1192 1
1193 1
1194 0
1195 0
1196 0
1197 0
1198 1
1199 0
1200 0
1201 1
1202 0
1203 1
1204 0
1205 0
1206 1
1207 0
1208 0
1209 0
1210 0
1211 0
1212 0
1213 0
1214 1
1215 1
1216 1
1217 0
1218 0
1219 0
1220 0
1221 1
1222 0
1223 0
1224 0
1225 0
1226 0
1227 0
1228 0
1229 0
1230 0
1231 0
1232 0
1233 0
1234 0
1235 1
1236 0
1237 1
1238 0
1239 1
1240 0
1241 1
1242 0
1243 0
1244 0
1245 0
1246 0
1247 0
1248 0
1249 1
1250 1
1251 0
1252 0
1253 1
1254 1
1255 0
1256 0
1257 0
1258 1
1259 1
1260 1
1261 0
1262 0
1263 0
1264 0
1265 0
1266 0
1267 0
1268 0
1269 1
1270 0
1271 0
1272 0
1273 0
1274 0
1275 1
1276 1
1277 0
1278 1
1279 1
1280 1
1281 1
1282 1
1283 1
1284 1
1285 0
1286 0
1287 1
1288 1
1289 1
1290 0
1291 0
1292 0
1293 1
1294 0
1295 1
1296 1
1297 1
1298 1
1299 1
1300 0
1301 0
1302 1
1303 1
1304 0
1305 0
1306 1
1307 0
1308 1
1309 0
1310 0
1311 0
1312 0
1313 0
1314 0
1315 0
1316 0
1317 0
1318 1
1319 0
1320 0
1321 0
1322 1
1323 0
1324 1
1325 1
1326 0
1327 1
1328 0
1329 1
1330 1
1331 1
1332 0
1333 0
1334 0
1335 0
1336 0
1337 0
1338 0
1339 0
1340 1
1341 1
1342 0
1343 1
1344 0
1345 1
1346 0
1347 0
1348 1
1349 1
1350 1
1351 0
1352 1
1353 0
1354 1
1355 0
1356 1
1357 0
1358 1
1359 1
1360 0
1361 1
1362 1
1363 0
1364 1
1365 0
1366 0
1367 1
1368 1
1369 0
1370 0
1371 0
1372 1
1373 0
1374 0
1375 0
1376 0
1377 0
1378 0
1379 0
1380 0
1381 0
1382 1
1383 0
1384 1
1385 0
1386 0
1387 0
1388 0
1389 0
1390 0
1391 0
1392 1
1393 0
1394 0
1395 1
1396 1
1397 0
1398 0
1399 1
1400 0
1401 0
1402 0
1403 1
1404 1
1405 1
1406 1
1407 1
1408 1
1409 0
1410 1
1411 0
1412 1
1413 1
1414 1
1415 1
1416 1
1417 1
1418 1
1419 0
1420 1
1421 0
1422 1
1423 0
1424 0
1425 0
1426 0
1427 0
1428 1
1429 1
1430 0
1431 1
1432 1
1433 1
1434 1
1435 1
1436 1
1437 2
1438 0
1439 2
1440 2
1441 0
1442 1
1443 1
1444 1
1445 1
1446 1
1447 0
1448 1
1449 1
1450 1
1451 1
1452 0
1453 1
1454 1
1455 0
1456 1
1457 1
1458 0
1459 0
1460 1
1461 1
1462 1
1463 1
1464 1
1465 0
1466 0
1467 0
1468 1
1469 0
1470 1
1471 1
1472 0
1473 1
1474 0
1475 0
1476 1
1477 0
1478 1
1479 1
1480 1
1481 0
1482 0
1483 1
1484 1
1485 1
1486 1
1487 1
1488 0
1489 1
1490 1
1491 2
1492 1
1493 1
1494 1
1495 1
1496 1
1497 0
1498 1
1499 1
1500 1
1501 1
1502 0
1503 0
1504 1
1505 1
1506 1
1507 0
1508 2
1509 0
1510 2
1511 1
1512 1
1513 0
1514 0
1515 1
1516 1
1517 0
1518 0
1519 0
1520 1
1521 1
1522 0
1523 0
1524 0
1525 1
1526 1
1527 0
1528 1
1529 1
1530 1
1531 1
1532 0
1533 0
1534 1
1535 0
1536 1
1537 1
1538 1
1539 0
1540 0
1541 0
1542 0
1543 0
1544 0
1545 1
1546 1
1547 1
1548 1
1549 1
1550 1
1551 0
1552 0
1553 0
1554 1
1555 0
1556 1
1557 0
1558 1
1559 0
1560 1
1561 1
1562 1
1563 0
1564 1
1565 1
1566 1
1567 1
1568 1
1569 0
1570 0
1571 0
1572 0
1573 0
1574 0
1575 1
1576 0
1577 1
1578 1
1579 0
1580 1
1581 0
1582 1
1583 1
1584 0
1585 1
1586 1
1587 1
1588 1
1589 1
1590 1
1591 0
1592 1
1593 1
1594 2
1595 1
1596 1
1597 1
1598 1
1599 1
1600 1
1601 0
1602 0
1603 1
1604 1
1605 1
1606 1
1607 2
1608 1
1609 1
1610 0
1611 1
1612 1
1613 1
1614 1
1615 0
1616 1
1617 1
1618 1
1619 1
1620 1
1621 1
1622 1
1623 1
1624 1
1625 1
1626 2
1627 1
1628 1
1629 1
1630 2
1631 0
1632 1
1633 1
1634 1
1635 1
1636 1
1637 1
1638 1
1639 1
1640 1
1641 0
1642 1
1643 1
1644 1
1645 1
1646 0
1647 1
1648 1
1649 0
1650 0
1651 2
1652 1
1653 1
1654 1
1655 1
1656 0
1657 1
1658 1
1659 0
1660 1
1661 2
1662 1
1663 1
1664 0
1665 2
1666 1
1667 1
1668 1
1669 1
1670 2
1671 1
1672 1
1673 1
1674 1
1675 2
1676 1
1677 1
1678 0
1679 2
1680 1
1681 1
1682 2
1683 1
1684 1
1685 0
1686 1
1687 0
1688 0
1689 1
1690 1
1691 1
1692 2
1693 2
1694 1
1695 0
1696 1
1697 1
1698 0
1699 1
1700 1
1701 0
1702 0
1703 1
1704 1
1705 2
1706 1
1707 0
1708 0
1709 1
1710 1
1711 2
1712 1
1713 1
1714 1
1715 1
1716 1
1717 2
1718 1
1719 1
1720 0
1721 2
1722 0
1723 2
1724 1
1725 1
1726 2
1727 0
1728 1
1729 1
1730 1
1731 0
1732 1
1733 2
1734 0
1735 1
1736 1
1737 1
1738 0
1739 0
1740 1
1741 1
1742 2
1743 2
1744 0
1745 1
1746 2
1747 0
1748 2
1749 2
1750 1
1751 0
1752 0
1753 1
1754 1
1755 0
1756 0
1757 0
1758 1
1759 1
1760 1
1761 1
1762 1
1763 2
1764 2
1765 1
1766 0
1767 0
1768 1
1769 1
1770 1
1771 1
1772 1
1773 0
1774 2
1775 1
1776 0
1777 1
1778 1
1779 1
1780 1
1781 1
1782 0
1783 1
1784 0
1785 0
1786 0
1787 1
1788 1
1789 0
1790 0
1791 0
1792 1
1793 1
1794 1
1795 0
1796 0
1797 0
1798 0
1799 1
1800 1
1801 0
1802 1
1803 0
1804 0
1805 1
1806 0
1807 0
1808 1
1809 0
1810 1
1811 1
1812 0
1813 0
1814 0
1815 0
1816 1
1817 0
1818 0
1819 0
1820 0
1821 0
1822 1
1823 0
1824 0
1825 0
1826 1
1827 1
1828 0
1829 1
1830 0
1831 1
1832 1
1833 0
1834 1
1835 0
1836 0
1837 1
1838 1
1839 1
1840 1
1841 0
1842 0
1843 0
1844 0
1845 0
1846 0
1847 1
1848 1
1849 0
1850 1
1851 1
1852 0
1853 0
1854 1
1855 0
1856 1
1857 1
1858 1
1859 1
1860 1
1861 1
1862 1
1863 0
1864 0
1865 1
1866 1
1867 0
1868 1
1869 1
1870 0
1871 1
1872 1
1873 0
1874 0
1875 1
1876 0
1877 0
1878 0
1879 1
1880 1
1881 0
1882 0
1883 0
1884 0
1885 1
1886 1
1887 1
1888 0
1889 1
1890 1
1891 0
1892 1
1893 1
1894 0
1895 1
1896 1
1897 1
1898 1
1899 1
1900 1
1901 1
1902 1
1903 1
1904 1
1905 1
1906 2
1907 1
1908 1
1909 1
1910 1
1911 2
1912 1
1913 1
1914 0
1915 0
1916 1
1917 1
1918 0
1919 1
1920 1
1921 0
1922 1
1923 1
1924 1
1925 2
1926 1
1927 1
1928 1
1929 0
1930 1
1931 0
1932 1
1933 1
1934 1
1935 0
1936 1
1937 1
1938 1
1939 0
1940 1
1941 1
1942 1
1943 1
1944 0
1945 1
1946 0
1947 0
1948 1
1949 0
1950 1
1951 1
1952 1
1953 0
1954 1
1955 1
1956 1
1957 1
1958 1
1959 1
1960 1
1961 1
1962 1
1963 1
1964 1
1965 1
1966 1
1967 1
1968 1
1969 1
1970 1
1971 1
1972 1
1973 1
1974 0
1975 1
1976 1
1977 1
1978 1
1979 1
1980 1
1981 1
1982 1
1983 1
1984 1
1985 2
1986 0
1987 2
1988 1
1989 0
1990 1
1991 1
1992 1
1993 0
1994 1
1995 1
1996 1
1997 0
1998 1
1999 1
2000 1
2001 1
2002 1
2003 1
2004 0
2005 0
2006 1
2007 1
2008 0
2009 0
2010 1
2011 1
2012 1
2013 1
2014 1
2015 0
2016 0
2017 0
2018 0
2019 1
2020 1
2021 0
2022 0
2023 2
2024 0
2025 1
2026 0
2027 0
2028 0
2029 1
2030 1
2031 0
2032 1
2033 1
2034 1
2035 1
2036 1
2037 0
2038 2
2039 0
2040 0
2041 1
2042 1
2043 1
2044 0
2045 1
2046 1
2047 1
2048 1
2049 1
2050 0
2051 0
2052 1
2053 1
2054 1
2055 0
2056 1
2057 1
2058 0
2059 1
2060 1
2061 1
2062 1
2063 1
2064 1
2065 1
2066 0
2067 1
2068 0
2069 0
2070 1
2071 1
2072 0
2073 1
2074 1
2075 0
2076 1
2077 1
2078 1
2079 0
2080 1
2081 1
2082 2
2083 1
2084 1
2085 1
2086 1
2087 0
2088 1
2089 1
2090 1
2091 1
2092 0
2093 1
2094 0
2095 1
2096 1
2097 1
2098 1
2099 1
2100 1
2101 1
2102 1
2103 1
2104 1
2105 1
2106 1
2107 0
2108 1
2109 1
2110 1
2111 1
2112 0
2113 1
2114 1
2115 1
2116 1
2117 1
2118 0
2119 1
2120 1
2121 2
2122 1
2123 0
2124 1
2125 1
2126 0
2127 1
2128 1
2129 0
2130 1
2131 2
2132 1
2133 1
2134 1
2135 1
2136 0
2137 1
2138 0
2139 1
2140 0
2141 1
2142 1
2143 1
2144 1
2145 1
2146 0
2147 1
2148 1
2149 1
2150 0
2151 1
2152 1
2153 1
2154 1
2155 1
2156 1
2157 1
2158 1
2159 2
2160 0
2161 1
2162 1
2163 1
2164 1
2165 0
2166 1
2167 0
2168 0
2169 1
2170 1
2171 1
2172 0
2173 0
2174 1
2175 1
2176 0
2177 1
2178 1
2179 1
2180 1
2181 1
2182 1
2183 0
2184 1
2185 0
2186 0
2187 1
2188 1
2189 0
2190 1
2191 1
2192 1
2193 1
2194 1
2195 2
2196 1
2197 1
2198 0
2199 0
2200 1
2201 1
2202 1
2203 0
2204 0
2205 2
2206 1
2207 2
2208 2
2209 2
2210 1
2211 1
2212 1
2213 1
2214 1
2215 1
2216 1
2217 1
2218 2
2219 0
2220 1
2221 1
2222 1
2223 1
2224 1
2225 1
2226 1
2227 1
2228 1
2229 1
2230 1
2231 1
2232 1
2233 1
2234 1
2235 0
2236 1
2237 0
2238 1
2239 1
2240 1
2241 1
2242 1
2243 1
2244 2
2245 0
2246 1
2247 1
2248 1
2249 1
2250 1
2251 1
2252 1
2253 1
2254 1
2255 1
2256 2
2257 1
2258 2
2259 1
2260 0
2261 0
2262 1
2263 1
2264 0
2265 2
2266 1
2267 1
2268 1
2269 1
2270 1
2271 1
2272 0
2273 1
2274 1
2275 0
2276 1
2277 1
2278 1
2279 0
2280 1
2281 0
2282 0
2283 0
2284 1
2285 1
2286 1
2287 1
2288 0
2289 1
2290 1
2291 1
2292 1
2293 0
2294 1
2295 1
2296 1
2297 0
2298 2
2299 1
2300 1
2301 0
2302 0
2303 1
2304 1
2305 0
2306 1
2307 1
2308 1
2309 1
2310 0
2311 0
2312 0
2313 0
2314 1
2315 1
2316 1
2317 1
2318 1
2319 1
2320 2
2321 0
2322 0
2323 1
2324 1
2325 1
2326 0
2327 1
2328 1
2329 0
2330 0
2331 0
2332 1
2333 1
2334 1
2335 1
2336 1
2337 1
2338 1
2339 1
2340 1
2341 1
2342 1
2343 1
2344 1
2345 0
2346 1
2347 2
2348 1
2349 0
2350 1
2351 1
2352 1
2353 1
2354 1
2355 1
2356 1
2357 0
2358 1
2359 1
2360 2
2361 1
2362 0
2363 0
2364 0
2365 1
2366 1
2367 1
2368 1
2369 1
2370 1
2371 1
2372 1
2373 2
2374 1
2375 1
2376 1
2377 0
2378 1
2379 0
2380 1
2381 1
2382 1
2383 1
2384 0
2385 1
2386 1
2387 0
2388 0
2389 0
2390 0
2391 1
2392 0
2393 1
2394 1
2395 0
2396 1
2397 0
2398 0
2399 1
2400 1
2401 1
2402 1
2403 1
2404 1
2405 1
2406 2
2407 1
2408 1
2409 1
2410 1
2411 0
2412 0
2413 0
2414 1
2415 0
2416 1
2417 1
2418 2
2419 1
2420 1
2421 2
2422 1
2423 1
2424 1
2425 1
2426 1
2427 0
2428 0
2429 1
2430 1
2431 0
2432 0
2433 0
2434 1
2435 0
2436 0
2437 1
2438 0
2439 0
2440 1
2441 0
2442 1
2443 1
2444 1
2445 1
2446 0
2447 1
2448 0
2449 0
2450 0
2451 1
2452 1
2453 1
2454 0
2455 1
2456 1
2457 2
2458 1
2459 0
2460 1
2461 1
2462 0
2463 1
2464 1
2465 1
2466 0
2467 0
2468 0
2469 1
2470 0
2471 0
2472 0
2473 0
2474 0
2475 1
2476 1
2477 1
2478 1
2479 0
2480 0
2481 0
2482 1
2483 0
2484 1
2485 0
2486 0
2487 0
2488 0
2489 0
2490 1
2491 0
2492 1
2493 1
2494 0
2495 0
2496 0
2497 1
2498 0
2499 1
2500 1
2501 1
2502 1
2503 0
2504 1
2505 1
2506 0
2507 1
2508 0
2509 1
2510 0
2511 1
2512 0
2513 0
2514 1
2515 1
2516 0
2517 0
2518 0
2519 0
2520 1
2521 0
2522 0
2523 0
2524 0
2525 0
2526 0
2527 0
2528 1
2529 0
2530 1
2531 1
2532 1
2533 0
2534 0
2535 0
2536 0
2537 1
2538 1
2539 1
2540 0
2541 1
2542 1
2543 1
2544 0
2545 0
2546 0
2547 1
2548 1
2549 0
2550 0
2551 1
2552 1
2553 0
2554 0
2555 0
2556 0
2557 1
2558 1
2559 0
2560 0
2561 0
2562 0
2563 0
2564 1
2565 1
2566 1
2567 1
2568 0
2569 0
2570 1
2571 0
2572 1
2573 1
2574 1
2575 1
2576 1
2577 2
2578 1
2579 1
2580 1
2581 1
2582 0
2583 0
2584 0
2585 1
2586 1
2587 1
2588 1
2589 1
2590 0
2591 1
2592 0
2593 1
2594 0
2595 1
2596 1
2597 1
2598 0
2599 1
2600 1
2601 1
2602 0
2603 0
2604 1
2605 1
2606 0
2607 0
2608 0
2609 0
2610 1
2611 1
2612 0
2613 1
2614 0
2615 1
2616 1
2617 1
2618 1
2619 1
2620 1
2621 1
2622 1
2623 0
2624 0
2625 1
2626 1
2627 1
2628 1
2629 1
2630 0
2631 0
2632 0
2633 1
2634 1
2635 1
2636 1
2637 1
2638 1
2639 1
2640 2
2641 0
2642 1
2643 0
2644 0
2645 1
2646 1
2647 1
2648 1
2649 0
2650 1
2651 0
2652 1
2653 1
2654 1
2655 1
2656 1
2657 1
2658 0
2659 1
2660 1
2661 1
2662 1
2663 1
2664 0
2665 1
2666 1
2667 0
2668 0
2669 1
2670 1
2671 1
2672 1
2673 1
2674 1
2675 1
2676 1
2677 2
2678 0
2679 0
2680 1
2681 1
2682 1
2683 1
2684 0
2685 0
2686 1
2687 1
2688 1
2689 1
2690 1
2691 2
2692 1
2693 1
2694 1
2695 0
2696 0
2697 1
2698 1
2699 1
2700 1
2701 1
2702 1
2703 1
2704 1
2705 0
2706 1
2707 1
2708 0
2709 1
2710 1
2711 1
2712 1
2713 1
2714 1
2715 2
2716 1
2717 1
2718 1
2719 1
2720 0
2721 1
2722 1
2723 0
2724 0
2725 1
2726 1
2727 1
2728 1
2729 0
2730 1
2731 1
2732 2
2733 1
2734 2
2735 0
2736 1
2737 1
2738 1
2739 0
2740 1
2741 2
2742 1
2743 1
2744 1
2745 1
2746 1
2747 1
2748 1
2749 1
2750 0
2751 2
2752 1
2753 1
2754 0
2755 1
2756 2
2757 1
2758 1
2759 1
2760 1
2761 2
2762 0
2763 1
2764 1
2765 1
2766 0
2767 1
2768 0
2769 0
2770 0
2771 1
2772 1
2773 1
2774 0
2775 1
2776 1
2777 1
2778 1
2779 1
2780 0
2781 0
2782 0
2783 1
2784 1
2785 1
2786 1
2787 1
2788 0
2789 1
2790 0
2791 2
2792 1
2793 1
2794 1
2795 1
2796 1
2797 0
2798 1
2799 1
2800 1
2801 1
2802 1
2803 1
2804 1
2805 1
2806 1
2807 0
2808 1
2809 1
2810 1
2811 2
2812 1
2813 1
2814 0
2815 1
2816 1
2817 1
2818 1
2819 0
2820 1
2821 1
2822 0
2823 1
2824 1
2825 2
2826 1
2827 1
2828 0
2829 0
2830 2
2831 0
2832 1
2833 1
2834 1
2835 1
2836 0
2837 0
2838 1
2839 1
2840 1
2841 1
2842 0
2843 1
2844 1
2845 0
2846 0
2847 0
2848 0
2849 1
2850 0
2851 1
2852 0
2853 1
2854 1
2855 1
2856 1
2857 1
2858 1
2859 1
2860 0
2861 1
2862 1
2863 1
2864 1
2865 1
2866 1
2867 1
2868 1
2869 1
2870 1
2871 0
2872 1
2873 1
2874 0
2875 1
2876 1
2877 1
2878 1
2879 0
2880 0
2881 1
2882 1
2883 1
2884 1
2885 1
2886 0
2887 1
2888 0
2889 1
2890 1
2891 1
2892 1
2893 1
2894 0
2895 1
2896 1
2897 1
2898 1
2899 1
2900 2
2901 0
2902 0
2903 1
2904 0
2905 1
2906 1
2907 1
2908 0
2909 1
2910 1
2911 1
2912 2
2913 1
2914 0
2915 1
2916 1
2917 1
2918 1
2919 0
2920 1
2921 0
2922 1
2923 0
2924 1
2925 1
2926 1
2927 1
2928 1
2929 0
2930 1
2931 1
2932 1
2933 1
2934 1
2935 1
2936 1
2937 1
2938 0
2939 1
2940 1
2941 1
2942 0
2943 1
2944 1
2945 1
2946 1
2947 0
2948 0
2949 1
2950 1
2951 0
2952 1
2953 0
2954 0
2955 1
2956 0
2957 1
2958 1
2959 0
2960 0
2961 0
2962 1
2963 1
2964 1
2965 1
2966 1
2967 0
2968 0
2969 1
2970 0
2971 0
2972 1
2973 0
2974 0
2975 1
2976 2
2977 0
2978 1
2979 1
2980 1
2981 1
2982 0
2983 1
2984 2
2985 1
2986 1
2987 1
2988 2
2989 0
2990 1
2991 1
2992 1
2993 1
2994 1
2995 1
2996 1
2997 1
2998 1
2999 1
3000 1
3001 2
3002 0
3003 1
3004 0
3005 0
3006 0
3007 1
3008 1
3009 0
3010 1
3011 0
3012 1
3013 0
3014 1
3015 1
3016 0
3017 1
3018 1
3019 1
3020 1
3021 1
3022 1
3023 1
3024 1
3025 1
3026 0
3027 2
3028 0
3029 0
3030 1
3031 0
3032 1
3033 0
3034 1
3035 1
3036 1
3037 0
3038 1
3039 2
3040 0
3041 0
3042 1
3043 0
3044 1
3045 1
3046 1
3047 1
3048 2
3049 1
3050 1
3051 1
3052 0
3053 1
3054 1
3055 0
3056 1
3057 1
3058 1
3059 0
3060 1
3061 1
3062 1
3063 1
3064 1
3065 1
3066 1
3067 1
3068 0
3069 1
3070 1
3071 1
3072 1
3073 1
3074 2
3075 1
3076 2
3077 0
3078 1
3079 1
3080 0
3081 1
3082 1
3083 1
3084 1
3085 1
3086 1
3087 0
3088 1
3089 1
3090 1
3091 1
3092 0
3093 1
3094 1
3095 1
3096 1
3097 1
3098 1
3099 0
3100 1
3101 1
3102 0
3103 1
3104 1
3105 0
3106 1
3107 0
3108 1
3109 1
3110 1
3111 1
3112 1
3113 1
3114 0
3115 1
3116 0
3117 0
3118 1
3119 1
3120 0
3121 1
3122 0
3123 2
3124 1
3125 1
3126 0
3127 1
3128 1
3129 1
3130 1
3131 1
3132 0
3133 0
3134 1
3135 1
3136 0
3137 1
3138 1
3139 0
3140 0
3141 0
3142 1
3143 1
3144 0
3145 0
3146 0
3147 1
3148 1
3149 1
3150 1
3151 1
3152 1
3153 1
3154 0
3155 1
3156 0
3157 1
3158 1
3159 2
3160 0
3161 1
3162 1
3163 1
3164 1
3165 1
3166 2
3167 1
3168 1
3169 1
3170 0
3171 0
3172 0
3173 0
3174 1
3175 1
3176 0
3177 0
3178 1
3179 1
3180 1
3181 2
3182 1
3183 1
3184 2
3185 1
3186 1
3187 1
3188 1
3189 1
3190 1
3191 0
3192 1
3193 1
3194 1
3195 1
3196 0
3197 1
3198 1
3199 1
3200 1
3201 0
3202 1
3203 0
3204 2
3205 1
3206 1
3207 0
3208 1
3209 0
3210 1
3211 0
3212 1
3213 1
3214 1
3215 1
3216 1
3217 1
3218 1
3219 1
3220 0
3221 1
3222 1
3223 1
3224 0
3225 1
3226 1
3227 1
3228 1
3229 1
3230 1
3231 1
3232 1
3233 0
3234 1
3235 1
3236 1
3237 1
3238 1
3239 1
3240 1
3241 1
3242 1
3243 1
3244 0
3245 1
3246 0
3247 0
3248 1
3249 1
3250 0
3251 1
3252 0
3253 1
3254 1
3255 1
3256 1
3257 1
3258 1
3259 1
3260 1
3261 1
3262 1
3263 1
3264 1
3265 1
3266 0
3267 1
3268 0
3269 1
3270 0
3271 2
3272 0
3273 0
3274 1
3275 1
3276 1
3277 1
3278 1
3279 0
3280 1
3281 1
3282 1
3283 1
3284 1
3285 1
3286 1
3287 1
3288 1
3289 1
3290 1
3291 0
3292 1
3293 0
3294 1
3295 1
3296 2
3297 1
3298 1
3299 0
3300 1
3301 1
3302 1
3303 1
3304 1
3305 1
3306 0
3307 1
3308 0
3309 1
3310 1
3311 1
3312 1
3313 1
3314 1
3315 1
3316 0
3317 0
3318 1
3319 1
3320 1
3321 1
3322 2
3323 1
3324 1
3325 1
3326 0
3327 1
3328 1
3329 1
3330 2
3331 0
3332 1
3333 1
3334 1
3335 1
3336 1
3337 1
3338 1
3339 0
3340 1
3341 1
3342 1
3343 1
3344 0
3345 1
3346 1
3347 1
3348 1
3349 1
3350 1
3351 1
3352 1
3353 0
3354 1
3355 1
3356 1
3357 1
3358 0
3359 1
3360 0
3361 1
3362 1
3363 0
3364 2
3365 1
3366 0
3367 1
3368 0
3369 1
3370 1
3371 1
3372 0
3373 1
3374 1
3375 1
3376 1
3377 1
3378 1
3379 1
3380 0
3381 1
3382 1
3383 1
3384 1
3385 1
3386 1
3387 0
3388 0
3389 0
3390 0
3391 0
3392 1
3393 0
3394 1
3395 1
3396 1
3397 1
3398 1
3399 1
3400 1
3401 0
3402 1
3403 1
3404 1
3405 1
3406 1
3407 0
3408 1
3409 1
3410 1
3411 1
3412 1
3413 1
3414 1
3415 2
3416 0
3417 0
3418 1
3419 1
3420 0
3421 2
3422 0
3423 1
3424 1
3425 0
3426 0
3427 0
3428 1
3429 1
3430 2
3431 0
3432 0
3433 1
3434 1
3435 0
3436 1
3437 0
3438 1
3439 0
3440 1
3441 1
3442 1
3443 1
3444 0
3445 0
3446 0
3447 2
3448 1
3449 1
3450 2
3451 2
3452 1
3453 0
3454 1
3455 0
3456 1
3457 1
3458 0
3459 1
3460 1
3461 1
3462 1
3463 1
3464 0
3465 1
3466 1
3467 1
3468 1
3469 0
3470 1
3471 1
3472 0
3473 1
3474 0
3475 1
3476 0
3477 1
3478 2
3479 1
3480 0
3481 1
3482 1
3483 0
3484 1
3485 0
3486 2
3487 0
3488 0
3489 0
3490 1
3491 0
3492 1
3493 2
3494 1
3495 1
3496 0
3497 1
3498 0
3499 1
3500 1
3501 0
3502 1
3503 1
3504 0
3505 1
3506 0
3507 0
3508 1
3509 1
3510 1
3511 1
3512 1
3513 2
3514 1
3515 2
3516 1
3517 1
3518 1
3519 1
3520 1
3521 0
3522 0
3523 1
3524 1
3525 1
3526 0
3527 1
3528 1
3529 1
3530 1
3531 1
3532 1
3533 0
3534 1
3535 0
3536 1
3537 0
3538 0
3539 1
3540 1
3541 0
3542 0
3543 0
3544 1
3545 0
3546 0
3547 0
3548 0
3549 0
3550 0
3551 0
3552 0
3553 0
3554 0
3555 0
3556 0
3557 0
3558 0
3559 0
3560 0
3561 0
3562 0
3563 0
3564 0
3565 0
3566 0
3567 0
3568 0
3569 0
3570 0
3571 1
3572 0
3573 0
3574 0
3575 0
3576 0
3577 0
3578 0
3579 0
3580 0
3581 0
3582 0
3583 0
3584 0
3585 0
3586 1
3587 2
3588 0
3589 1
3590 0
3591 1
3592 1
3593 1
3594 2
3595 1
3596 0
3597 1
3598 1
3599 0
3600 1
3601 2
3602 1
3603 0
3604 2
3605 1
3606 1
3607 0
3608 1
3609 0
3610 1
3611 2
3612 2
3613 1
3614 0
3615 2
3616 2
3617 1
3618 0
3619 2
3620 0
3621 1
3622 1
3623 0
3624 1
3625 1
3626 1
3627 2
3628 1
3629 1
3630 0
3631 0
3632 1
3633 2
3634 2
3635 2
3636 1
3637 1
3638 2
3639 2
3640 1
3641 1
3642 2
3643 1
3644 1
3645 1
3646 0
3647 0
3648 1
3649 1
3650 1
3651 1
3652 1
3653 2
3654 1
3655 1
3656 1
3657 1
3658 1
3659 1
3660 0
3661 1
3662 0
3663 1
3664 0
3665 0
3666 1
3667 2
3668 1
3669 1
3670 0
3671 1
3672 1
3673 0
3674 0
3675 1
3676 1
3677 0
3678 2
3679 0
3680 0
3681 1
3682 1
3683 0
3684 1
3685 1
3686 1
3687 1
3688 1
3689 0
3690 1
3691 1
3692 2
3693 1
3694 0
3695 1
3696 0
3697 1
3698 0
3699 0
3700 1
3701 2
3702 1
3703 1
3704 1
3705 1
3706 2
3707 1
3708 0
3709 0
3710 0
3711 1
3712 2
3713 1
3714 0
3715 1
3716 2
3717 1
3718 0
3719 0
3720 1
3721 1
3722 1
3723 2
3724 1
3725 0
3726 1
3727 1
3728 1
3729 2
3730 1
3731 0
3732 1
3733 1
3734 2
3735 2
3736 1
3737 0
3738 1
3739 1
3740 0
3741 1
3742 1
3743 1
3744 0
3745 2
3746 1
3747 1
3748 1
3749 1
3750 0
3751 1
3752 1
3753 1
3754 0
3755 1
3756 0
3757 1
3758 1
3759 0
3760 0
3761 0
3762 1
3763 2
3764 1
3765 1
3766 0
3767 1
3768 1
3769 1
3770 0
3771 1
3772 1
3773 0
3774 0
3775 1
3776 2
3777 1
3778 1
3779 1
3780 1
3781 1
3782 1
3783 1
3784 0
3785 1
3786 1
3787 2
3788 1
3789 0
3790 1
3791 3
3792 1
3793 0
3794 1
3795 1
3796 1
3797 1
3798 1
3799 1
3800 2
3801 1
3802 1
3803 1
3804 1
3805 0
3806 1
3807 1
3808 1
3809 1
3810 1
3811 0
3812 0
3813 1
3814 1
3815 0
3816 0
3817 1
3818 1
3819 1
3820 1
3821 1
3822 0
3823 2
3824 0
3825 1
3826 1
3827 1
3828 1
3829 1
3830 0
3831 1
3832 1
3833 1
3834 1
3835 1
3836 1
3837 1
3838 2
3839 2
3840 0
3841 2
3842 0
3843 0
3844 0
3845 0
3846 1
3847 1
3848 2
3849 0
3850 2
3851 1
3852 1
3853 0
3854 1
3855 0
3856 2
3857 1
3858 2
3859 1
3860 1
3861 2
3862 0
3863 0
3864 1
3865 1
3866 0
3867 2
3868 1
3869 1
3870 1
3871 1
3872 2
3873 1
3874 1
3875 1
3876 2
3877 1
3878 0
3879 0
3880 1
3881 1
3882 0
3883 1
3884 0
3885 1
3886 1
3887 1
3888 1
3889 0
3890 1
3891 1
3892 1
3893 1
3894 1
3895 1
3896 1
3897 1
3898 1
3899 1
3900 1
3901 2
3902 1
3903 1
3904 1
3905 0
3906 1
3907 1
3908 0
3909 1
3910 2
3911 1
3912 1
3913 1
3914 2
3915 1
3916 0
3917 1
3918 1
3919 1
3920 2
3921 1
3922 0
3923 2
3924 1
3925 2
3926 1
3927 0
3928 1
3929 1
3930 1
3931 1
3932 1
3933 0
3934 1
3935 1
3936 1
3937 1
3938 1
3939 2
3940 1
3941 0
3942 1
3943 0
3944 0
3945 0
3946 0
3947 0
3948 0
3949 0
3950 0
3951 0
3952 0
3953 0
3954 0
3955 0
3956 1
3957 0
3958 0
3959 0
3960 0
3961 0
3962 0
3963 0
3964 0
3965 0
3966 0
3967 0
3968 0
3969 0
3970 0
3971 0
3972 0
3973 0
3974 0
3975 0
3976 0
3977 0
3978 0
3979 0
3980 0
3981 0
3982 0
3983 0
3984 0
3985 0
3986 0
3987 0
3988 0
3989 0
3990 0
3991 0
3992 0
3993 0
3994 0
3995 0
3996 0
3997 0
3998 0
3999 0
4000 0
4001 0
4002 0
4003 0
4004 0
4005 0
4006 0
4007 0
4008 0
4009 0
4010 0
4011 1
4012 0
4013 1
4014 1
4015 0
4016 1
4017 2
4018 1
4019 0
4020 0
4021 1
4022 0
4023 1
4024 0
4025 2
4026 2
4027 2
4028 0
4029 1
4030 1
4031 0
4032 1
4033 1
4034 0
4035 1
4036 1
4037 0
4038 1
4039 0
4040 1
4041 1
4042 2
4043 2
4044 0
4045 1
4046 0
4047 1
4048 0
4049 1
4050 1
4051 0
4052 0
4053 0
4054 1
4055 0
4056 1
4057 1
4058 0
4059 2
4060 1
4061 1
4062 2
4063 1
4064 1
4065 2
4066 1
4067 1
4068 1
4069 1
4070 1
4071 1
4072 0
4073 2
4074 1
4075 1
4076 1
4077 0
4078 1
4079 0
4080 1
4081 2
4082 1
4083 0
4084 0
4085 1
4086 1
4087 1
4088 2
4089 0
4090 1
4091 0
4092 0
4093 1
4094 0
4095 0
4096 1
4097 1
4098 1
4099 2
4100 0
4101 1
4102 1
4103 1
4104 1
4105 1
4106 0
4107 0
4108 0
4109 0
4110 1
4111 1
4112 1
4113 0
4114 1
4115 0
4116 0
4117 0
4118 0
4119 0
4120 0
4121 1
4122 2
4123 1
4124 1
4125 0
4126 0
4127 0
4128 1
4129 0
4130 2
4131 1
4132 1
4133 1
4134 2
4135 0
4136 0
4137 1
4138 1
4139 0
4140 1
4141 1
4142 2
4143 1
4144 1
4145 0
4146 0
4147 1
4148 1
4149 2
4150 0
4151 2
4152 1
4153 1
4154 0
4155 0
4156 0
4157 1
4158 1
4159 1
4160 1
4161 1
4162 0
4163 2
4164 1
4165 2
4166 1
4167 1
4168 0
4169 0
4170 1
4171 0
4172 1
4173 1
4174 2
4175 1
4176 1
4177 1
4178 2
4179 0
4180 0
4181 0
4182 2
4183 2
4184 1
4185 1
4186 1
4187 0
4188 1
4189 0
4190 1
4191 2
4192 0
4193 2
4194 2
4195 1
4196 1
4197 2
4198 1
4199 1
4200 1
4201 1
4202 0
4203 1
4204 1
4205 1
4206 1
4207 1
4208 1
4209 1
4210 0
4211 1
4212 0
4213 0
4214 1
4215 1
4216 1
4217 1
4218 0
4219 0
4220 0
4221 1
4222 2
4223 0
4224 1
4225 1
4226 0
4227 0
4228 0
4229 0
4230 1
4231 2
4232 1
4233 0
4234 0
4235 1
4236 2
4237 1
4238 1
4239 0
4240 1
4241 1
4242 0
4243 1
4244 1
4245 0
4246 0
4247 1
4248 1
4249 1
4250 1
4251 1
4252 1
4253 0
4254 0
4255 0
4256 1
4257 1
4258 1
4259 1
4260 1
4261 0
4262 1
4263 1
4264 1
4265 1
4266 1
4267 2
4268 1
4269 1
4270 0
4271 0
4272 1
4273 0
4274 0
4275 1
4276 0
4277 1
4278 1
4279 1
4280 2
4281 1
4282 0
4283 0
4284 1
4285 0
4286 0
4287 1
4288 0
4289 1
4290 1
4291 0
4292 1
4293 1
4294 1
4295 0
4296 1
4297 1
4298 2
4299 1
4300 1
4301 2
4302 0
4303 1
4304 1
4305 1
4306 1
4307 1
4308 1
4309 0
4310 0
4311 0
4312 1
4313 2
4314 2
4315 0
4316 1
4317 1
4318 2
4319 0
4320 1
4321 1
4322 1
4323 1
4324 1
4325 1
4326 0
4327 1
4328 1
4329 1
4330 1
4331 2
4332 0
4333 1
4334 1
4335 0
4336 0
4337 0
4338 0
4339 1
4340 1
4341 1
4342 2
4343 1
4344 0
4345 1
4346 1
4347 1
4348 2
4349 1
4350 0
4351 1
4352 1
4353 0
4354 0
4355 1
4356 0
4357 1
4358 2
4359 2
4360 2
4361 1
4362 0
4363 1
4364 1
4365 1
4366 2
4367 1
4368 0
4369 0
4370 1
4371 1
4372 1
4373 0
4374 1
4375 1
4376 2
4377 1
4378 1
4379 1
4380 1
4381 1
4382 1
4383 0
4384 0
4385 2
4386 1
4387 1
4388 1
4389 0
4390 1
4391 0
4392 0
4393 1
4394 2
4395 1
4396 1
4397 0
4398 1
4399 1
4400 1
4401 1
4402 1
4403 0
4404 0
4405 1
4406 1
4407 2
4408 1
4409 2
4410 1
4411 1
4412 0
4413 1
4414 1
4415 0
4416 0
4417 1
4418 1
4419 0
4420 0
4421 0
4422 1
4423 1
4424 0
4425 1
4426 0
4427 1
4428 0
4429 1
4430 0
4431 0
4432 1
4433 1
4434 0
4435 1
4436 1
4437 2
4438 1
4439 0
4440 0
4441 1
4442 1
4443 0
4444 1
4445 1
4446 2
4447 1
4448 1
4449 0
4450 0
4451 1
4452 0
4453 1
4454 1
4455 1
4456 1
4457 1
4458 1
4459 1
4460 0
4461 0
4462 1
4463 1
4464 0
4465 1
4466 0
4467 1
4468 1
4469 2
4470 2
4471 0
4472 1
4473 1
4474 0
4475 0
4476 0
4477 1
4478 0
4479 1
4480 0
4481 1
4482 0
4483 1
4484 1
4485 1
4486 1
4487 1
4488 0
4489 1
4490 0
4491 1
4492 2
4493 1
4494 3
4495 0
4496 1
4497 2
4498 2
4499 2
4500 2
4501 1
4502 1
4503 0
4504 0
4505 1
4506 0
4507 1
4508 1
4509 1
4510 2
4511 1
4512 1
4513 1
4514 0
4515 1
4516 0
4517 1
4518 1
4519 1
4520 0
4521 1
4522 1
4523 1
4524 2
4525 1
4526 1
4527 1
4528 0
4529 1
4530 1
4531 1
4532 0
4533 0
4534 1
4535 0
4536 1
4537 1
4538 1
4539 0
4540 0
4541 1
4542 2
4543 1
4544 1
4545 1
4546 0
4547 0
4548 1
4549 1
4550 1
4551 1
4552 1
4553 0
4554 1
4555 1
4556 1
4557 1
4558 0
4559 0
4560 1
4561 1
4562 2
4563 1
4564 1
4565 2
4566 1
4567 1
4568 0
4569 1
4570 1
4571 1
4572 0
4573 1
4574 1
4575 0
4576 0
4577 1
4578 1
4579 2
4580 0
4581 1
4582 1
4583 1
4584 0
4585 0
4586 0
4587 1
4588 2
4589 1
4590 1
4591 0
4592 1
4593 1
4594 0
4595 1
4596 1
4597 0
4598 1
4599 2
4600 1
4601 1
4602 1
4603 1
4604 0
4605 1
4606 2
4607 2
4608 2
4609 1
4610 0
4611 1
4612 1
4613 1
4614 0
4615 0
4616 1
4617 1
4618 1
4619 1
4620 1
4621 1
4622 0
4623 1
4624 1
4625 1
4626 0
4627 1
4628 1
4629 0
4630 0
4631 1
4632 1
4633 1
4634 1
4635 1
4636 1
4637 0
4638 0
4639 0
4640 1
4641 1
4642 1
4643 0
4644 1
4645 1
4646 0
4647 2
4648 1
4649 2
4650 1
4651 1
4652 0
4653 0
4654 1
4655 1
4656 0
4657 1
4658 1
4659 2
4660 1
4661 1
4662 1
4663 2
4664 2
4665 1
4666 0
4667 1
4668 0
4669 1
4670 1
4671 1
4672 1
4673 1
4674 1
4675 1
4676 1
4677 1
4678 1
4679 1
4680 1
4681 1
4682 2
4683 1
4684 0
4685 2
4686 0
4687 0
4688 0
4689 1
4690 1
4691 0
4692 0
4693 2
4694 1
4695 0
4696 2
4697 0
4698 1
4699 0
4700 1
4701 0
4702 1
4703 1
4704 0
4705 1
4706 2
4707 0
4708 2
4709 1
4710 0
4711 2
4712 1
4713 1
4714 0
4715 1
4716 0
4717 1
4718 0
4719 1
4720 1
4721 1
4722 1
4723 1
4724 0
4725 0
4726 1
4727 1
4728 0
4729 0
4730 1
4731 1
4732 0
4733 1
4734 0
4735 1
4736 1
4737 0
4738 0
4739 1
4740 0
4741 0
4742 1
4743 1
4744 1
4745 1
4746 2
4747 2
4748 0
4749 1
4750 1
4751 1
4752 1
4753 1
4754 1
4755 1
4756 0
4757 1
4758 1
4759 1
4760 1
4761 1
4762 1
4763 2
4764 0
4765 1
4766 1
4767 1
4768 2
4769 0
4770 1
4771 1
4772 1
4773 1
4774 2
4775 1
4776 1
4777 2
4778 1
4779 1
4780 1
4781 2
4782 1
4783 2
4784 1
4785 0
4786 1
4787 0
4788 1
4789 1
4790 0
4791 0
4792 1
4793 0
4794 0
4795 1
4796 0
4797 2
4798 0
4799 1
4800 1
4801 1
4802 2
4803 1
4804 1
4805 1
4806 0
4807 1
4808 2
4809 0
4810 0
4811 1
4812 1
4813 1
4814 0
4815 1
4816 1
4817 1
4818 2
4819 1
4820 1
4821 1
4822 1
4823 1
4824 1
4825 1
4826 1
4827 0
4828 1
4829 2
4830 1
4831 1
4832 1
4833 2
4834 2
4835 1
4836 0
4837 0
4838 0
4839 1
4840 1
4841 0
4842 1
4843 0
4844 0
4845 0
4846 0
4847 1
4848 1
4849 0
4850 2
4851 1
4852 1
4853 1
4854 1
4855 2
4856 0
4857 1
4858 0
4859 0
4860 1
4861 1
4862 0
4863 0
4864 1
4865 1
4866 2
4867 0
4868 0
4869 1
4870 1
4871 2
4872 1
4873 2
4874 1
4875 0
4876 1
4877 1
4878 2
4879 2
4880 1
4881 1
4882 0
4883 0
4884 1
4885 2
4886 0
4887 2
4888 1
4889 1
4890 1
4891 1
4892 1
4893 0
4894 2
4895 1
4896 1
4897 1
4898 1
4899 1
4900 1
4901 3
4902 0
4903 0
4904 1
4905 1
4906 1
4907 0
4908 2
4909 1
4910 0
4911 2
4912 1
4913 0
4914 1
4915 2
4916 0
4917 1
4918 0
4919 1
4920 2
4921 1
4922 0
4923 0
4924 1
4925 1
4926 1
4927 1
4928 1
4929 1
4930 1
4931 1
4932 1
4933 1
4934 1
4935 0
4936 1
4937 2
4938 1
4939 1
4940 1
4941 1
4942 0
4943 1
4944 1
4945 0
4946 0
4947 0
4948 1
4949 0
4950 2
4951 2
4952 1
4953 0
4954 0
4955 1
4956 0
4957 0
4958 1
4959 1
4960 1
4961 1
4962 2
4963 1
4964 1
4965 0
4966 1
4967 1
4968 1
4969 1
4970 0
4971 1
4972 1
4973 0
4974 0
4975 2
4976 1
4977 1
4978 1
4979 1
4980 0
4981 1
4982 1
4983 0
4984 0
4985 2
4986 0
4987 0
4988 1
4989 0
4990 1
4991 2
4992 0
4993 0
4994 1
4995 1
4996 0
4997 1
4998 0
4999 1
5000 1
5001 2
5002 2
5003 1
5004 0
5005 1
5006 1
5007 1
5008 0
5009 1
5010 0
5011 1
5012 1
5013 1
5014 0
5015 0
5016 2
5017 1
5018 1
5019 1
5020 0
5021 0
5022 1
5023 1
5024 0
5025 0
5026 1
5027 1
5028 0
5029 2
5030 3
5031 2
5032 0
5033 1
5034 1
5035 1
5036 1
5037 1
5038 1
5039 1
5040 0
5041 1
5042 1
5043 1
5044 1
5045 0
5046 2
5047 2
5048 1
5049 1
5050 2
5051 2
5052 1
5053 1
5054 0
5055 2
5056 1
5057 1
5058 1
5059 1
5060 1
5061 2
5062 2
5063 2
5064 0
5065 1
5066 0
5067 0
5068 0
5069 0
5070 1
5071 0
5072 0
5073 0
5074 1
5075 1
5076 0
5077 0
5078 1
5079 1
5080 0
5081 0
5082 1
5083 1
5084 1
5085 2
5086 2
5087 1
5088 1
5089 0
5090 0
5091 2
5092 2
5093 0
5094 1
5095 0
5096 1
5097 1
5098 0
5099 1
5100 1
5101 2
5102 2
5103 1
5104 1
5105 1
5106 2
5107 0
5108 0
5109 0
5110 1
5111 0
5112 1
5113 1
5114 0
5115 1
5116 2
5117 1
5118 1
5119 2
5120 1
5121 2
5122 1
5123 0
5124 1
5125 0
5126 0
5127 2
5128 1
5129 2
5130 2
5131 1
5132 0
5133 1
5134 1
5135 0
5136 1
5137 1
5138 0
5139 1
5140 0
5141 0
5142 1
5143 2
5144 1
5145 1
5146 0
5147 1
5148 0
5149 1
5150 1
5151 0
5152 0
5153 1
5154 0
5155 0
5156 1
5157 2
5158 1
5159 1
5160 0
5161 1
5162 1
5163 1
5164 2
5165 1
5166 0
5167 0
5168 1
5169 1
5170 1
5171 1
5172 0
5173 1
5174 1
5175 2
5176 2
5177 0
5178 2
5179 0
5180 1
5181 0
5182 1
5183 2
5184 1
5185 1
5186 1
5187 1
5188 1
5189 1
5190 0
5191 1
5192 0
5193 1
5194 0
5195 0
5196 2
5197 1
5198 1
5199 1
5200 2
5201 1
5202 0
5203 1
5204 1
5205 0
5206 2
5207 2
5208 1
5209 1
5210 1
5211 1
5212 1
5213 1
5214 1
5215 0
5216 0
5217 0
5218 2
5219 1
5220 1
5221 1
5222 1
5223 0
5224 2
5225 2
5226 0
5227 2
5228 1
5229 1
5230 1
5231 0
5232 2
5233 1
5234 2
5235 1
5236 1
5237 2
5238 2
5239 0
5240 2
5241 0
5242 1
5243 1
5244 2
5245 1
5246 1
5247 0
5248 0
5249 1
5250 1
5251 2
5252 0
5253 0
5254 1
5255 1
5256 1
5257 1
5258 1
5259 0
5260 0
5261 1
5262 1
5263 1
5264 1
5265 1
5266 2
5267 0
5268 0
5269 1
5270 2
5271 1
5272 1
5273 1
5274 0
5275 1
5276 1
5277 1
5278 1
5279 1
5280 2
5281 0
5282 1
5283 1
5284 2
5285 0
5286 0
5287 1
5288 1
5289 1
5290 0
5291 0
5292 0
5293 2
5294 1
5295 0
5296 0
5297 0
5298 1
5299 0
5300 2
5301 1
5302 1
5303 1
5304 1
5305 0
5306 0
5307 1
5308 0
5309 0
5310 1
5311 1
5312 2
5313 1
5314 1
5315 0
5316 0
5317 1
5318 2
5319 0
5320 1
5321 1
5322 0
5323 0
5324 2
5325 1
5326 1
5327 1
5328 1
5329 1
5330 1
5331 0
5332 0
5333 1
5334 1
5335 1
5336 1
5337 2
5338 0
5339 0
5340 2
5341 0
5342 2
5343 1
5344 2
5345 1
5346 1
5347 0
5348 1
5349 0
5350 1
5351 1
5352 2
5353 1
5354 2
5355 2
5356 1
5357 1
5358 1
5359 0
5360 1
5361 0
5362 1
5363 1
5364 1
5365 1
5366 0
5367 0
5368 2
5369 2
5370 2
5371 0
5372 1
5373 1
5374 1
5375 0
5376 0
5377 1
5378 2
5379 1
5380 2
5381 0
5382 0
5383 1
5384 1
5385 0
5386 1
5387 1
5388 0
5389 1
5390 0
5391 0
5392 1
5393 0
5394 1
5395 1
5396 1
5397 1
5398 1
5399 1
5400 0
5401 1
5402 1
5403 1
5404 1
5405 2
5406 1
5407 1
5408 2
5409 1
5410 1
5411 1
5412 0
5413 0
5414 0
5415 1
5416 1
5417 1
5418 1
5419 0
5420 1
5421 1
5422 0
5423 2
5424 0
5425 1
5426 0
5427 1
5428 1
5429 2
5430 0
5431 1
5432 1
5433 1
5434 0
5435 0
5436 1
5437 1
5438 1
5439 0
5440 1
5441 1
5442 1
5443 1
5444 0
5445 1
5446 1
5447 0
5448 0
5449 1
5450 1
5451 0
5452 0
5453 1
5454 0
5455 2
5456 2
5457 0
5458 1
5459 0
5460 1
5461 1
5462 1
5463 0
5464 1
5465 0
5466 2
5467 0
5468 0
5469 2
5470 1
5471 0
5472 1
5473 1
5474 0
5475 0
5476 1
5477 1
5478 0
5479 0
5480 0
5481 0
5482 2
5483 0
5484 1
5485 1
5486 1
5487 1
5488 1
5489 1
5490 0
5491 1
5492 2
5493 1
5494 1
5495 0
5496 1
5497 1
5498 2
5499 0
5500 2
5501 0
5502 0
5503 0
5504 1
5505 1
5506 2
5507 2
5508 1
5509 0
5510 1
5511 1
5512 0
5513 1
5514 1
5515 3
5516 2
5517 2
5518 0
5519 1
5520 2
5521 1
5522 1
5523 1
5524 2
5525 0
5526 1
5527 1
5528 1
5529 1
5530 1
5531 2
5532 2
5533 1
5534 1
5535 1
5536 0
5537 1
5538 1
5539 1
5540 0
5541 0
5542 1
5543 1
5544 1
5545 1
5546 1
5547 1
5548 0
5549 1
5550 0
5551 2
5552 1
5553 0
5554 1
5555 1
5556 0
5557 1
5558 1
5559 2
5560 2
5561 0
5562 0
5563 2
5564 1
5565 1
5566 0
5567 1
5568 1
5569 0
5570 1
5571 1
5572 1
5573 0
5574 0
5575 1
5576 1
5577 1
5578 1
5579 1
5580 1
5581 0
5582 0
5583 1
5584 1
5585 1
5586 1
5587 0
5588 1
5589 1
5590 1
5591 0
5592 1
5593 1
5594 1
5595 1
5596 0
5597 0
5598 0
5599 0
5600 1
5601 1
5602 1
5603 0
5604 0
5605 1
5606 1
5607 1
5608 0
5609 1
5610 1
5611 1
5612 1
5613 1
5614 2
5615 1
5616 0
5617 0
5618 2
5619 2
5620 1
5621 1
5622 2
5623 1
5624 1
5625 2
5626 0
5627 1
5628 2
5629 0
5630 0
5631 0
5632 2
5633 1
5634 2
5635 2
5636 2
5637 1
5638 0
5639 1
5640 1
5641 1
5642 1
5643 1
5644 1
5645 1
5646 0
5647 0
5648 0
5649 1
5650 1
5651 0
5652 1
5653 1
5654 1
5655 2
5656 2
5657 0
5658 1
5659 0
5660 1
5661 1
5662 1
5663 1
5664 2
5665 0
5666 1
5667 1
5668 2
5669 1
5670 2
5671 2
5672 0
5673 0
5674 1
5675 2
5676 1
5677 1
5678 1
5679 1
5680 2
5681 0
5682 0
5683 0
5684 0
5685 1
5686 1
5687 1
5688 2
5689 2
5690 1
5691 0
5692 0
5693 0
5694 1
5695 1
5696 2
5697 1
5698 1
5699 1
5700 1
5701 0
5702 2
5703 1
5704 0
5705 0
5706 1
5707 1
5708 1
5709 0
5710 1
5711 0
5712 0
5713 2
5714 1
5715 1
5716 1
5717 2
5718 1
5719 0
5720 0
5721 1
5722 0
5723 0
5724 1
5725 2
5726 1
5727 2
5728 1
5729 1
5730 2
5731 2
5732 0
5733 0
5734 1
5735 1
5736 1
5737 0
5738 1
5739 0
5740 1
5741 2
5742 1
5743 0
5744 1
5745 0
5746 0
5747 1
5748 2
5749 0
5750 1
5751 0
5752 1
5753 1
5754 1
5755 1
5756 0
5757 0
5758 1
5759 0
5760 0
5761 2
5762 1
5763 1
5764 1
5765 1
5766 1
5767 1
5768 1
5769 0
5770 0
5771 1
5772 1
5773 1
5774 1
5775 1
5776 1
5777 1
5778 1
5779 0
5780 1
5781 0
5782 0
5783 1
5784 0
5785 1
5786 0
5787 0
5788 1
5789 0
5790 1
5791 1
5792 0
5793 1
5794 0
5795 0
5796 1
5797 0
5798 2
5799 0
5800 0
5801 0
5802 1
5803 1
5804 1
5805 0
5806 1
5807 2
5808 0
5809 1
5810 1
5811 1
5812 0
5813 1
5814 1
5815 0
5816 0
5817 1
5818 1
5819 2
5820 1
5821 0
5822 0
5823 2
5824 0
5825 1
5826 1
5827 1
5828 1
5829 0
5830 1
5831 0
5832 0
5833 1
5834 1
5835 2
5836 1
5837 1
5838 1
5839 1
5840 1
5841 1
5842 1
5843 0
5844 1
5845 2
5846 0
5847 1
5848 0
5849 1
5850 1
5851 1
5852 2
5853 1
5854 1
5855 0
5856 0
5857 2
5858 1
5859 1
5860 1
5861 1
5862 1
5863 1
5864 1
5865 0
5866 0
5867 0
5868 1
5869 0
5870 0
5871 1
5872 0
5873 0
5874 1
5875 1
5876 2
5877 0
5878 1
5879 1
5880 2
5881 1
5882 2
5883 2
5884 0
5885 1
5886 0
5887 1
5888 2
5889 2
5890 0
5891 1
5892 0
5893 0
5894 1
5895 0
5896 0
5897 1
5898 1
5899 1
5900 1
5901 2
5902 2
5903 1
5904 1
5905 0
5906 2
5907 2
5908 0
5909 2
5910 1
5911 0
5912 0
5913 1
5914 0
5915 1
5916 1
5917 0
5918 1
5919 1
5920 1
5921 0
5922 1
5923 1
5924 0
5925 0
5926 0
5927 1
5928 1
5929 2
5930 1
5931 0
5932 1
5933 0
5934 0
5935 1
5936 1
5937 0
5938 1
5939 2
5940 1
5941 1
5942 1
5943 1
5944 2
5945 0
5946 0
5947 2
5948 1
5949 1
5950 0
5951 0
5952 1
5953 1
5954 0
5955 1
5956 1
5957 2
5958 2
5959 1
5960 1
5961 1
5962 1
5963 1
5964 2
5965 1
5966 0
5967 0
5968 2
5969 1
5970 1
5971 1
5972 1
5973 0
5974 0
5975 0
5976 2
5977 1
5978 1
5979 0
5980 1
5981 1
5982 0
5983 1
5984 1
5985 0
5986 2
5987 0
5988 0
5989 0
5990 1
5991 1
5992 1
5993 0
5994 1
5995 0
5996 1
5997 0
5998 1
5999 1
6000 0
6001 2
6002 1
6003 0
6004 0
6005 0
6006 0
6007 1
6008 2
6009 1
6010 1
6011 1
6012 0
6013 0
6014 2
6015 1
6016 1
6017 1
6018 2
6019 1
6020 0
6021 1
6022 0
6023 2
6024 1
6025 1
6026 1
6027 0
6028 0
6029 1
6030 0
6031 0
6032 1
6033 0
6034 1
6035 1
6036 2
6037 0
6038 1
6039 1
6040 0
6041 1
6042 1
6043 1
6044 1
6045 2
6046 1
6047 0
6048 1
6049 2
6050 1
6051 1
6052 1
6053 1
6054 0
6055 2
6056 0
6057 0
6058 0
6059 0
6060 1
6061 0
6062 1
6063 1
6064 1
6065 0
6066 0
6067 0
6068 0
6069 0
6070 2
6071 1
6072 0
6073 1
6074 0
6075 1
6076 2
6077 0
6078 1
6079 1
6080 1
6081 1
6082 1
6083 1
6084 1
6085 2
6086 0
6087 0
6088 1
6089 1
6090 2
6091 1
6092 1
6093 0
6094 2
6095 0
6096 1
6097 1
6098 1
6099 1
6100 2
6101 2
6102 1
6103 2
6104 0
6105 1
6106 1
6107 0
6108 0
6109 1
6110 1
6111 2
6112 1
6113 1
6114 0
6115 0
6116 1
6117 0
6118 1
6119 1
6120 0
6121 2
6122 1
6123 2
6124 0
6125 1
6126 1
6127 1
6128 1
6129 0
6130 0
6131 1
6132 2
6133 2
6134 1
6135 1
6136 0
6137 1
6138 0
6139 0
6140 0
6141 0
6142 0
6143 0
6144 1
6145 2
6146 1
6147 1
6148 0
6149 1
6150 1
6151 1
6152 0
6153 1
6154 0
6155 1
6156 2
6157 1
6158 1
6159 2
6160 1
6161 2
6162 0
6163 1
6164 1
6165 1
6166 1
6167 1
6168 0
6169 1
6170 1
6171 1
6172 2
6173 2
6174 0
6175 1
6176 2
6177 0
6178 0
6179 0
6180 1
6181 1
6182 2
6183 0
6184 2
6185 1
6186 1
6187 0
6188 0
6189 0
6190 1
6191 1
6192 1
6193 2
6194 1
6195 0
6196 1
6197 1
6198 0
6199 1
6200 0
6201 1
6202 0
6203 1
6204 1
6205 0
6206 1
6207 0
6208 1
6209 2
6210 1
6211 2
6212 1
6213 1
6214 0
6215 0
6216 1
6217 1
6218 1
6219 0
6220 0
6221 0
6222 1
6223 1
6224 1
6225 0
6226 1
6227 1
6228 2
6229 1
6230 0
6231 1
6232 1
6233 0
6234 1
6235 1
6236 1
6237 0
6238 1
6239 1
6240 0
6241 0
6242 0
6243 1
6244 0
6245 1
6246 1
6247 1
6248 1
6249 2
6250 1
6251 1
6252 1
6253 1
6254 1
6255 2
6256 1
6257 2
6258 1
6259 0
6260 0
6261 1
6262 0
6263 1
6264 1
6265 0
6266 1
6267 0
6268 0
6269 1
6270 1
6271 1
6272 1
6273 1
6274 0
6275 1
6276 1
6277 1
6278 2
6279 0
6280 2
6281 1
6282 0
6283 0
6284 2
6285 0
6286 0
6287 1
6288 0
6289 1
6290 0
6291 0
6292 0
6293 0
6294 0
6295 0
6296 0
6297 0
6298 0
6299 0
6300 0
6301 0
6302 0
6303 0
6304 0
6305 0
6306 0
6307 0
6308 0
6309 0
6310 0
6311 0
6312 0
6313 0
6314 0
6315 0
6316 0
6317 0
6318 0
6319 0
6320 0
6321 0
6322 0
6323 0
6324 0
6325 0
6326 0
6327 0
6328 0
6329 0
6330 0
6331 0
6332 0
6333 0
6334 0
6335 0
6336 0
6337 1
6338 0
6339 0
6340 0
6341 0
6342 0
6343 0
6344 0
6345 0
6346 0
6347 0
6348 0
6349 0
6350 0
6351 1
6352 1
6353 0
6354 1
6355 1
6356 1
6357 0
6358 0
6359 0
6360 0
6361 1
6362 1
6363 0
6364 1
6365 2
6366 1
6367 1
6368 0
6369 0
6370 2
6371 2
6372 0
6373 2
6374 1
6375 0
6376 1
6377 0
6378 0
6379 0
6380 1
6381 2
6382 2
6383 0
6384 1
6385 0
6386 1
6387 0
6388 1
6389 1
6390 0
6391 1
6392 1
6393 0
6394 2
6395 1
6396 1
6397 1
6398 1
6399 1
6400 1
6401 1
6402 0
6403 2
6404 1
6405 0
6406 1
6407 0
6408 1
6409 1
6410 2
6411 0
6412 1
6413 0
6414 0
6415 1
6416 1
6417 1
6418 1
6419 0
6420 1
6421 0
6422 1
6423 2
6424 1
6425 1
6426 0
6427 0
6428 2
6429 1
6430 1
6431 1
6432 0
6433 0
6434 2
6435 1
6436 1
6437 0
6438 0
6439 1
6440 0
6441 1
6442 1
6443 0
6444 1
6445 1
6446 1
6447 2
6448 1
6449 2
6450 2
6451 1
6452 1
6453 1
6454 1
6455 2
6456 1
6457 1
6458 1
6459 1
6460 0
6461 1
6462 1
6463 1
6464 1
6465 1
6466 1
6467 1
6468 1
6469 0
6470 1
6471 0
6472 0
6473 1
6474 1
6475 1
6476 1
6477 0
6478 1
6479 2
6480 0
6481 2
6482 0
6483 0
6484 1
6485 0
6486 1
6487 0
6488 1
6489 1
6490 1
6491 0
6492 1
6493 1
6494 1
6495 0
6496 1
6497 1
6498 1
6499 1
6500 1
6501 1
6502 1
6503 0
6504 2
6505 0
6506 1
6507 1
6508 1
6509 0
6510 1
6511 1
6512 0
6513 1
6514 1
6515 0
6516 1
6517 1
6518 1
6519 1
6520 0
6521 1
6522 1
6523 1
6524 0
6525 1
6526 0
6527 0
6528 2
6529 2
6530 0
6531 0
6532 1
6533 2
6534 1
6535 1
6536 1
6537 1
6538 1
6539 0
6540 2
6541 0
6542 0
6543 1
6544 0
6545 1
6546 0
6547 0
6548 1
6549 1
6550 1
6551 0
6552 1
6553 0
6554 2
6555 1
6556 1
6557 1
6558 1
6559 1
6560 1
6561 1
6562 2
6563 2
6564 2
6565 0
6566 2
6567 2
6568 1
6569 1
6570 1
6571 1
6572 1
6573 0
6574 1
6575 1
6576 1
6577 1
6578 2
6579 0
6580 1
6581 2
6582 1
6583 1
6584 1
6585 1
6586 1
6587 2
6588 1
6589 0
6590 2
6591 0
6592 1
6593 1
6594 1
6595 1
6596 1
6597 1
6598 1
6599 2
6600 1
6601 1
6602 2
6603 2
6604 0
6605 2
6606 1
6607 1
6608 2
6609 0
6610 1
6611 1
6612 0
6613 1
6614 1
6615 1
6616 1
6617 0
6618 2
6619 1
6620 1
6621 0
6622 1
6623 0
6624 0
6625 1
6626 1
6627 2
6628 2
6629 1
6630 1
6631 1
6632 1
6633 0
6634 0
6635 1
6636 1
6637 1
6638 1
6639 0
6640 1
6641 1
6642 1
6643 0
6644 1
6645 1
6646 0
6647 0
6648 1
6649 1
6650 0
6651 0
6652 1
6653 2
6654 0
6655 0
6656 1
6657 0
6658 0
6659 1
6660 0
6661 1
6662 0
6663 1
6664 1
6665 0
6666 1
6667 1
6668 1
6669 0
6670 0
6671 1
6672 0
6673 0
6674 1
6675 0
6676 2
6677 1
6678 2
6679 2
6680 0
6681 1
6682 1
6683 0
6684 0
6685 0
6686 0
6687 0
6688 1
6689 1
6690 0
6691 2
6692 1
6693 1
6694 0
6695 1
6696 0
6697 1
6698 1
6699 0
6700 0
6701 1
6702 1
6703 0
6704 0
6705 2
6706 2
6707 1
6708 1
6709 1
6710 0
6711 0
6712 0
6713 1
6714 1
6715 0
6716 2
6717 1
6718 1
6719 2
6720 2
6721 1
6722 1
6723 1
6724 0
6725 1
6726 0
6727 0
6728 0
6729 0
6730 0
6731 0
6732 0
6733 0
6734 0
6735 0
6736 0
6737 0
6738 0
6739 0
6740 0
6741 0
6742 0
6743 0
6744 0
6745 0
6746 1
6747 1
6748 1
6749 2
6750 1
6751 1
6752 2
6753 1
6754 2
6755 1
6756 1
6757 1
6758 1
6759 1
6760 0
6761 1
6762 1
6763 2
6764 2
6765 0
6766 1
6767 1
6768 1
6769 0
6770 1
6771 1
6772 0
6773 2
6774 1
6775 0
6776 1
6777 1
6778 0
6779 1
6780 1
6781 0
6782 1
6783 1
6784 0
6785 1
6786 1
6787 1
6788 1
6789 1
6790 1
6791 0
6792 1
6793 0
6794 0
6795 0
6796 1
6797 1
6798 1
6799 1
6800 1
6801 1
6802 0
6803 1
6804 1
6805 0
6806 0
6807 1
6808 1
6809 0
6810 1
6811 1
6812 0
6813 1
6814 1
6815 1
6816 0
6817 0
6818 1
6819 1
6820 1
6821 0
6822 2
6823 1
6824 1
6825 1
6826 1
6827 1
6828 0
6829 0
6830 1
6831 1
6832 1
6833 2
6834 0
6835 1
6836 1
6837 0
6838 1
6839 1
6840 2
6841 0
6842 1
6843 1
6844 0
6845 0
6846 1
6847 0
6848 1
6849 2
6850 1
6851 1
6852 1
6853 1
6854 0
6855 1
6856 1
6857 1
6858 1
6859 1
6860 1
6861 2
6862 1
6863 0
6864 0
6865 0
6866 0
6867 0
6868 0
6869 1
6870 0
6871 1
6872 1
6873 0
6874 1
6875 1
6876 1
6877 1
6878 1
6879 2
6880 1
6881 2
6882 1
6883 0
6884 1
6885 1
6886 1
6887 0
6888 1
6889 1
6890 0
6891 0
6892 0
6893 0
6894 1
6895 0
6896 1
6897 1
6898 0
6899 0
6900 1
6901 1
6902 1
6903 1
6904 1
6905 1
6906 0
6907 1
6908 1
6909 1
6910 1
6911 1
6912 1
6913 1
6914 2
6915 1
6916 1
6917 1
6918 1
6919 1
6920 0
6921 1
6922 1
6923 0
6924 0
6925 1
6926 0
6927 1
6928 1
6929 1
6930 1
6931 0
6932 1
6933 1
6934 0
6935 0
6936 0
6937 1
6938 2
6939 1
6940 1
6941 0
6942 1
6943 0
6944 2
6945 1
6946 0
6947 1
6948 1
6949 1
6950 1
6951 1
6952 2
6953 1
6954 1
6955 1
6956 1
6957 0
6958 1
6959 1
6960 0
6961 1
6962 2
6963 1
6964 1
6965 1
6966 1
6967 0
6968 0
6969 1
6970 0
6971 0
6972 0
6973 0
6974 0
6975 0
6976 2
6977 0
6978 0
6979 0
6980 1
6981 1
6982 1
6983 1
6984 1
6985 0
6986 0
6987 1
6988 0
6989 0
6990 1
6991 0
6992 1
6993 1
6994 0
6995 0
6996 0
6997 0
6998 1
6999 1
7000 0
7001 0
7002 1
7003 1
7004 2
7005 0
7006 1
7007 1
7008 0
7009 1
7010 1
7011 0
7012 1
7013 0
7014 1
7015 0
7016 1
7017 1
7018 0
7019 1
7020 1
7021 0
7022 0
7023 1
7024 1
7025 1
7026 1
7027 0
7028 1
7029 1
7030 1
7031 1
7032 1
7033 0
7034 0
7035 2
7036 0
7037 1
7038 1
7039 1
7040 1
7041 1
7042 1
7043 1
7044 2
7045 0
7046 0
7047 1
7048 1
7049 1
7050 1
7051 1
7052 1
7053 1
7054 1
7055 1
7056 1
7057 0
7058 1
7059 0
7060 1
7061 0
7062 1
7063 1
7064 1
7065 1
7066 2
7067 1
7068 2
7069 1
7070 1
7071 0
7072 1
7073 1
7074 1
7075 1
7076 1
7077 0
7078 0
7079 1
7080 1
7081 1
7082 1
7083 0
7084 1
7085 0
7086 1
7087 1
7088 0
7089 1
7090 1
7091 1
7092 1
7093 1
7094 1
7095 1
7096 1
7097 1
7098 1
7099 1
7100 1
7101 0
7102 1
7103 1
7104 1
7105 1
7106 1
7107 1
7108 1
7109 1
7110 1
7111 1
7112 0
7113 1
7114 0
7115 0
7116 1
7117 1
7118 1
7119 1
7120 0
7121 0
7122 1
7123 0
7124 1
7125 0
7126 1
7127 1
7128 1
7129 1
7130 1
7131 2
7132 1
7133 1
7134 1
7135 1
7136 1
7137 1
7138 0
7139 0
7140 1
7141 1
7142 1
7143 1
7144 1
7145 1
7146 1
7147 1
7148 1
7149 1
7150 0
7151 1
7152 1
7153 1
7154 0
7155 1
7156 1
7157 1
7158 0
7159 0
7160 0
7161 1
7162 1
7163 1
7164 1
7165 1
7166 2
7167 1
7168 1
7169 1
7170 1
7171 0
7172 0
7173 1
7174 1
7175 0
7176 0
7177 2
7178 1
7179 1
7180 0
7181 0
7182 1
7183 0
7184 1
7185 0
7186 0
7187 0
7188 0
7189 0
7190 0
7191 1
7192 0
7193 1
7194 1
7195 0
7196 0
7197 0
7198 0
7199 1
7200 1
7201 1
7202 1
7203 1
7204 0
7205 1
7206 0
7207 1
7208 2
7209 0
7210 0
7211 0
7212 1
7213 1
7214 0
7215 1
7216 1
7217 0
7218 0
7219 0
7220 1
7221 1
7222 1
7223 0
7224 2
7225 1
7226 1
7227 0
7228 1
7229 1
7230 0
7231 1
7232 1
7233 1
7234 1
7235 0
7236 0
7237 1
7238 0
7239 1
7240 1
7241 1
7242 1
7243 0
7244 1
7245 2
7246 1
7247 1
7248 1
7249 1
7250 1
7251 1
7252 1
7253 1
7254 0
7255 1
7256 1
7257 1
7258 0
7259 1
7260 1
7261 1
7262 1
7263 1
7264 0
7265 1
7266 0
7267 1
7268 1
7269 1
7270 1
7271 1
7272 1
7273 1
7274 1
7275 0
7276 1
7277 0
7278 1
7279 1
7280 1
7281 1
7282 1
7283 1
7284 1
7285 0
7286 1
7287 2
7288 1
7289 1
7290 0
7291 1
7292 1
7293 0
7294 1
7295 1
7296 0
7297 0
7298 0
7299 1
7300 1
7301 1
7302 1
7303 0
7304 0
7305 1
7306 0
7307 0
7308 1
7309 0
7310 1
7311 1
7312 1
7313 1
7314 1
7315 0
7316 1
7317 2
7318 2
7319 1
7320 1
7321 1
7322 0
7323 1
7324 1
7325 1
7326 0
7327 1
7328 1
7329 1
7330 1
7331 0
7332 1
7333 0
7334 1
7335 0
7336 1
7337 0
7338 0
7339 1
7340 1
7341 1
7342 1
7343 0
7344 1
7345 0
7346 2
7347 1
7348 1
7349 1
7350 1
7351 1
7352 1
7353 0
7354 0
7355 0
7356 0
7357 2
7358 0
7359 1
7360 0
7361 1
7362 1
7363 0
7364 1
7365 1
7366 1
7367 1
7368 1
7369 1
7370 1
7371 1
7372 1
7373 1
7374 1
7375 1
7376 0
7377 1
7378 0
7379 1
7380 0
7381 1
7382 1
7383 2
7384 1
7385 0
7386 0
7387 1
7388 1
7389 0
7390 1
7391 1
7392 1
7393 1
7394 0
7395 1
7396 1
7397 0
7398 0
7399 1
7400 1
7401 0
7402 1
7403 0
7404 1
7405 1
7406 0
7407 1
7408 0
7409 2
7410 0
7411 0
7412 1
7413 1
7414 1
7415 1
7416 1
7417 0
7418 1
7419 0
7420 0
7421 0
7422 1
7423 1
7424 1
7425 1
7426 1
7427 1
7428 1
7429 2
7430 1
7431 0
7432 1
7433 1
7434 0
7435 0
7436 1
7437 1
7438 1
7439 1
7440 1
7441 1
7442 1
7443 1
7444 2
7445 1
7446 1
7447 1
7448 1
7449 1
7450 1
7451 1
7452 1
7453 1
7454 1
7455 1
7456 1
7457 1
7458 1
7459 0
7460 1
7461 1
7462 1
7463 1
7464 0
7465 1
7466 1
7467 0
7468 0
7469 1
7470 1
7471 1
7472 1
7473 1
7474 1
7475 0
7476 1
7477 1
7478 1
7479 0
7480 1
7481 1
7482 1
7483 1
7484 1
7485 0
7486 1
7487 1
7488 0
7489 1
7490 0
7491 0
7492 2
7493 1
7494 1
7495 0
7496 0
7497 1
7498 1
7499 1
7500 0
7501 1
7502 1
7503 1
7504 0
7505 0
7506 1
7507 1
7508 1
7509 1
7510 1
7511 0
7512 0
7513 0
7514 0
7515 0
7516 0
7517 0
7518 0
7519 0
7520 1
7521 1
7522 1
7523 1
7524 1
7525 1
7526 0
7527 1
7528 1
7529 1
7530 1
7531 1
7532 1
7533 1
7534 1
7535 1
7536 1
7537 1
7538 1
7539 1
7540 1
7541 1
7542 1
7543 1
7544 1
7545 2
7546 0
7547 2
7548 1
7549 1
7550 1
7551 1
7552 1
7553 0
7554 1
7555 1
7556 1
7557 1
7558 1
7559 1
7560 1
7561 1
7562 1
7563 1
7564 1
7565 1
7566 1
7567 1
7568 1
7569 1
7570 1
7571 1
7572 1
7573 1
7574 1
7575 1
7576 1
7577 1
7578 0
7579 0
7580 1
7581 1
7582 1
7583 2
7584 1
7585 0
7586 0
7587 0
7588 0
7589 1
7590 1
7591 2
7592 2
7593 1
7594 1
7595 1
7596 1
7597 1
7598 1
7599 0
7600 2
7601 0
7602 1
7603 0
7604 1
7605 1
7606 1
7607 0
7608 1
7609 1
7610 1
7611 1
7612 2
7613 1
7614 1
7615 1
7616 1
7617 1
7618 2
7619 1
7620 1
7621 1
7622 0
7623 1
7624 2
7625 2
7626 1
7627 2
7628 1
7629 0
7630 1
7631 2
7632 2
7633 1
7634 1
7635 2
7636 1
7637 0
7638 2
7639 1
7640 1
7641 1
7642 1
7643 1
7644 1
7645 0
7646 1
7647 1
7648 0
7649 1
7650 0
7651 1
7652 0
7653 0
7654 1
7655 1
7656 1
7657 1
7658 0
7659 1
7660 1
7661 0
7662 2
7663 1
7664 0
7665 1
7666 1
7667 1
7668 0
7669 1
7670 1
7671 0
7672 0
7673 0
7674 2
7675 1
7676 1
7677 0
7678 1
7679 1
7680 1
7681 0
7682 1
7683 1
7684 1
7685 1
7686 1
7687 1
7688 0
7689 1
7690 0
7691 1
7692 1
7693 1
7694 1
7695 1
7696 0
7697 1
7698 1
7699 1
7700 1
7701 2
7702 1
7703 1
7704 0
7705 1
7706 0
7707 1
7708 0
7709 1
7710 1
7711 1
7712 1
7713 1
7714 1
7715 0
7716 1
7717 1
7718 1
7719 1
7720 1
7721 1
7722 0
7723 0
7724 1
7725 1
7726 1
7727 1
7728 1
7729 1
7730 2
7731 1
7732 1
7733 1
7734 1
7735 1
7736 1
7737 1
7738 1
7739 1
7740 1
7741 1
7742 0
7743 1
7744 1
7745 1
7746 1
7747 1
7748 1
7749 1
7750 0
7751 1
7752 0
7753 1
7754 1
7755 1
7756 1
7757 1
7758 0
7759 1
7760 2
7761 1
7762 0
7763 1
7764 1
7765 0
7766 0
7767 0
7768 1
7769 1
7770 1
7771 0
7772 1
7773 1
7774 1
7775 1
7776 1
7777 1
7778 1
7779 1
7780 0
7781 1
7782 0
7783 0
7784 1
7785 1
7786 0
7787 1
7788 1
7789 1
7790 1
7791 1
7792 1
7793 1
7794 1
7795 1
7796 1
7797 2
7798 0
7799 1
7800 1
7801 2
7802 1
7803 0
7804 0
7805 0
7806 1
7807 1
7808 1
7809 0
7810 1
7811 0
7812 0
7813 1
7814 1
7815 1
7816 1
7817 0
7818 1
7819 1
7820 1
7821 1
7822 1
7823 2
7824 1
7825 1
7826 1
7827 1
7828 0
7829 1
7830 1
7831 1
7832 0
7833 0
7834 0
7835 1
7836 1
7837 1
7838 1
7839 1
7840 2
7841 2
7842 1
7843 1
7844 1
7845 1
7846 1
7847 1
7848 0
7849 1
7850 1
7851 0
7852 0
7853 1
7854 1
7855 1
7856 1
7857 1
7858 1
7859 0
7860 1
7861 0
7862 0
7863 1
7864 1
7865 1
7866 1
7867 0
7868 0
7869 1
7870 1
7871 0
7872 0
7873 2
7874 0
7875 1
7876 0
7877 1
7878 1
7879 2
7880 1
7881 1
7882 0
7883 0
7884 1
7885 0
7886 1
7887 1
7888 1
7889 0
7890 1
7891 0
7892 0
7893 1
7894 1
7895 1
7896 1
7897 1
7898 1
7899 1
7900 1
7901 1
7902 1
7903 1
7904 1
7905 1
7906 0
7907 1
7908 1
7909 1
7910 1
7911 1
7912 2
7913 0
7914 1
7915 0
7916 1
7917 0
7918 1
7919 1
7920 0
7921 0
7922 1
7923 1
7924 0
7925 1
7926 1
7927 1
7928 0
7929 0
7930 0
7931 0
7932 1
7933 1
7934 0
7935 1
7936 1
7937 0
7938 1
7939 1
7940 0
7941 1
7942 1
7943 1
7944 1
7945 1
7946 0
7947 1
7948 1
7949 1
7950 1
7951 1
7952 1
7953 0
7954 1
7955 1
7956 0
7957 1
7958 1
7959 0
7960 1
7961 1
7962 1
7963 1
7964 1
7965 1
7966 1
7967 1
7968 1
7969 1
7970 1
7971 0
7972 2
7973 1
7974 1
7975 1
7976 0
7977 1
7978 0
7979 1
7980 0
7981 0
7982 1
7983 1
7984 1
7985 1
7986 1
7987 0
7988 0
7989 1
7990 1
7991 0
7992 1
7993 1
7994 0
7995 1
7996 1
7997 1
7998 1
7999 1
8000 1
8001 1
8002 1
8003 1
8004 1
8005 1
8006 1
8007 1
8008 1
8009 1
8010 1
8011 2
8012 0
8013 1
8014 2
8015 1
8016 2
8017 1
8018 0
8019 1
8020 1
8021 1
8022 1
8023 1
8024 1
8025 1
8026 0
8027 0
8028 1
8029 1
8030 1
8031 0
8032 1
8033 1
8034 1
8035 1
8036 2
8037 1
8038 0
8039 1
8040 1
8041 1
8042 2
8043 0
8044 1
8045 0
8046 1
8047 1
8048 1
8049 1
8050 1
8051 1
8052 1
8053 1
8054 1
8055 1
8056 1
8057 1
8058 1
8059 0
8060 1
8061 1
8062 1
8063 1
8064 1
8065 1
8066 0
8067 0
8068 1
8069 2
8070 1
8071 1
8072 0
8073 0
8074 1
8075 1
8076 1
8077 0
8078 1
8079 1
8080 0
8081 1
8082 1
8083 1
8084 1
8085 0
8086 1
8087 1
8088 0
8089 0
8090 1
8091 1
8092 1
8093 1
8094 1
8095 0
8096 1
8097 1
8098 1
8099 1
8100 1
8101 1
8102 1
8103 0
8104 2
8105 2
8106 1
8107 1
8108 1
8109 0
8110 1
8111 1
8112 1
8113 1
8114 1
8115 1
8116 2
8117 2
8118 1
8119 1
8120 0
8121 1
8122 1
8123 1
8124 1
8125 1
8126 1
8127 1
8128 1
8129 0
8130 1
8131 1
8132 1
8133 1
8134 0
8135 0
8136 1
8137 1
8138 1
8139 1
8140 0
8141 1
8142 1
8143 1
8144 0
8145 2
8146 1
8147 1
8148 1
8149 0
8150 1
8151 0
8152 1
8153 0
8154 0
8155 1
8156 0
8157 0
8158 1
8159 1
8160 1
8161 0
8162 1
8163 0
8164 2
8165 1
8166 0
8167 1
8168 0
8169 2
8170 1
8171 0
8172 1
8173 0
8174 2
8175 1
8176 0
8177 1
8178 2
8179 1
8180 1
8181 1
8182 0
8183 1
8184 1
8185 0
8186 1
8187 1
8188 0
8189 1
8190 0
8191 1
8192 2
8193 1
8194 1
8195 1
8196 1
8197 0
8198 0
8199 1
8200 2
8201 2
8202 1
8203 0
8204 2
8205 1
8206 0
8207 1
8208 1
8209 0
8210 1
8211 1
8212 1
8213 1
8214 0
8215 0
8216 1
8217 0
8218 0
8219 1
8220 2
8221 1
8222 1
8223 1
8224 1
8225 1
8226 1
8227 1
8228 0
8229 2
8230 1
8231 1
8232 2
8233 1
8234 1
8235 1
8236 2
8237 1
8238 1
8239 1
8240 1
8241 1
8242 1
8243 0
8244 1
8245 1
8246 0
8247 2
8248 1
8249 0
8250 1
8251 1
8252 1
8253 1
8254 0
8255 1
8256 1
8257 1
8258 0
8259 2
8260 0
8261 1
8262 1
8263 1
8264 0
8265 2
8266 1
8267 1
8268 0
8269 0
8270 0
8271 2
8272 1
8273 2
8274 0
8275 1
8276 1
8277 2
8278 0
8279 1
8280 1
8281 1
8282 1
8283 2
8284 0
8285 0
8286 0
8287 0
8288 0
8289 1
8290 0
8291 1
8292 1
8293 0
8294 2
8295 0
8296 2
8297 1
8298 1
8299 1
8300 1
8301 0
8302 1
8303 1
8304 1
8305 1
8306 1
8307 1
8308 1
8309 0
8310 1
8311 0
8312 1
8313 2
8314 2
8315 1
8316 0
8317 1
8318 1
8319 2
8320 1
8321 1
8322 0
8323 0
8324 0
8325 0
8326 0
8327 0
8328 0
8329 0
8330 0
8331 0
8332 0
8333 0
8334 0
8335 0
8336 0
8337 0
8338 0
8339 1
8340 0
8341 0
8342 0
8343 0
8344 0
8345 0
8346 0
8347 0
8348 0
8349 0
8350 0
8351 0
8352 0
8353 0
8354 1
8355 0
8356 0
8357 0
8358 0
8359 0
8360 0
8361 0
8362 0
8363 0
8364 0
8365 0
8366 0
8367 0
8368 0
8369 0
8370 0
8371 0
8372 0
8373 0
8374 0
8375 1
8376 1
8377 1
8378 0
8379 1
8380 1
8381 1
8382 1
8383 2
8384 1
8385 1
8386 1
8387 0
8388 1
8389 1
8390 0
8391 0
8392 1
8393 0
8394 1
8395 2
8396 1
8397 1
8398 0
8399 0
8400 2
8401 1
8402 1
8403 0
8404 0
8405 2
8406 1
8407 0
8408 1
8409 2
8410 0
8411 2
8412 0
8413 2
8414 0
8415 1
8416 1
8417 1
8418 1
8419 1
8420 0
8421 0
8422 0
8423 1
8424 1
8425 1
8426 1
8427 1
8428 0
8429 0
8430 0
8431 0
8432 1
8433 0
8434 0
8435 0
8436 1
8437 2
8438 1
8439 1
8440 2
8441 0
8442 0
8443 1
8444 0
8445 2
8446 1
8447 2
8448 2
8449 1
8450 1
8451 1
8452 1
8453 1
8454 0
8455 2
8456 1
8457 1
8458 1
8459 1
8460 2
8461 0
8462 1
8463 1
8464 1
8465 2
8466 1
8467 1
8468 2
8469 1
8470 1
8471 0
8472 1
8473 2
8474 1
8475 0
8476 1
8477 1
8478 1
8479 1
8480 1
8481 1
8482 0
8483 2
8484 0
8485 1
8486 1
8487 1
8488 0
8489 0
8490 0
8491 1
8492 0
8493 1
8494 1
8495 2
8496 1
8497 1
8498 0
8499 0
8500 1
8501 1
8502 1
8503 1
8504 1
8505 1
8506 1
8507 2
8508 2
8509 1
8510 2
8511 2
8512 0
8513 2
8514 3
8515 1
8516 0
8517 1
8518 0
8519 1
8520 1
8521 0
8522 2
8523 1
8524 1
8525 0
8526 0
8527 1
8528 0
8529 1
8530 2
8531 1
8532 1
8533 1
8534 1
8535 0
8536 1
8537 1
8538 2
8539 1
8540 1
8541 0
8542 1
8543 2
8544 0
8545 1
8546 1
8547 0
8548 0
8549 2
8550 1
8551 1
8552 2
8553 1
8554 0
8555 1
8556 1
8557 1
8558 1
8559 0
8560 0
8561 0
8562 0
8563 0
8564 2
8565 2
8566 2
8567 1
8568 0
8569 3
8570 1
8571 1
8572 1
8573 1
8574 0
8575 0
8576 0
8577 1
8578 0
8579 1
8580 0
8581 1
8582 2
8583 1
8584 1
8585 1
8586 1
8587 1
8588 0
8589 0
8590 0
8591 1
8592 1
8593 1
8594 1
8595 0
8596 0
8597 1
8598 1
8599 2
8600 1
8601 1
8602 0
8603 3
8604 1
8605 0
8606 1
8607 1
8608 1
8609 1
8610 0
8611 1
8612 1
8613 1
8614 1
8615 1
8616 1
8617 1
8618 1
8619 0
8620 0
8621 0
8622 1
8623 1
8624 1
8625 1
8626 1
8627 2
8628 1
8629 1
8630 1
8631 1
8632 1
8633 1
8634 1
8635 0
8636 1
8637 1
8638 2
8639 1
8640 1
8641 2
8642 0
8643 2
8644 1
8645 0
8646 0
8647 2
8648 1
8649 1
8650 0
8651 1
8652 1
8653 0
8654 1
8655 0
8656 1
8657 0
8658 1
8659 1
8660 1
8661 2
8662 0
8663 0
8664 1
8665 1
8666 1
8667 1
8668 1
8669 1
8670 1
8671 2
8672 1
8673 1
8674 1
8675 0
8676 1
8677 1
8678 1
8679 2
8680 1
8681 2
8682 1
8683 1
8684 1
8685 1
8686 0
8687 0
8688 2
8689 1
8690 1
8691 0
8692 1
8693 1
8694 1
8695 1
8696 1
8697 1
8698 1
8699 0
8700 1
8701 0
8702 0
8703 2
8704 1
8705 1
8706 1
8707 2
8708 0
8709 0
8710 1
8711 1
8712 1
8713 1
8714 1
8715 2
8716 0
8717 1
8718 1
8719 1
8720 1
8721 2
8722 0
8723 1
8724 1
8725 1
8726 1
8727 1
8728 1
8729 2
8730 1
8731 1
8732 0
8733 1
8734 2
8735 0
8736 2
8737 0
8738 1
8739 1
8740 1
8741 1
8742 1
8743 1
8744 0
8745 2
8746 2
8747 2
8748 1
8749 1
8750 1
8751 1
8752 0
8753 0
8754 1
8755 2
8756 0
8757 1
8758 1
8759 1
8760 1
8761 1
8762 1
8763 1
8764 1
8765 1
8766 1
8767 0
8768 2
8769 0
8770 2
8771 1
8772 1
8773 1
8774 1
8775 0
8776 0
8777 0
8778 0
8779 0
8780 0
8781 0
8782 1
8783 2
8784 1
8785 1
8786 1
8787 1
8788 1
8789 0
8790 1
8791 1
8792 1
8793 2
8794 2
8795 0
8796 1
8797 1
8798 1
8799 1
8800 1
8801 1
8802 0
8803 1
8804 1
8805 0
8806 0
8807 1
8808 1
8809 1
8810 1
8811 0
8812 1
8813 0
8814 1
8815 0
8816 0
8817 1
8818 1
8819 1
8820 1
8821 1
8822 0
8823 1
8824 1
8825 1
8826 1
8827 1
8828 2
8829 1
8830 1
8831 1
8832 1
8833 1
8834 1
8835 1
8836 1
8837 1
8838 1
8839 0
8840 1
8841 1
8842 0
8843 1
8844 1
8845 0
8846 1
8847 1
8848 1
8849 2
8850 1
8851 1
8852 1
8853 1
8854 0
8855 0
8856 0
8857 1
8858 1
8859 0
8860 1
8861 1
8862 1
8863 1
8864 0
8865 1
8866 0
8867 0
8868 0
8869 0
8870 1
8871 0
8872 1
8873 0
8874 2
8875 1
8876 1
8877 1
8878 1
8879 1
8880 0
8881 1
8882 0
8883 0
8884 1
8885 1
8886 1
8887 1
8888 2
8889 0
8890 2
8891 0
8892 0
8893 1
8894 0
8895 0
8896 0
8897 1
8898 1
8899 2
8900 1
8901 1
8902 0
8903 1
8904 1
8905 1
8906 1
8907 1
8908 0
8909 0
8910 1
8911 0
8912 2
8913 1
8914 1
8915 1
8916 1
8917 2
8918 0
8919 2
8920 0
8921 1
8922 1
8923 2
8924 0
8925 1
8926 0
8927 0
8928 0
8929 0
8930 0
8931 0
8932 0
8933 0
8934 0
8935 0
8936 0
8937 0
8938 0
8939 0
8940 0
8941 0
8942 0
8943 0
8944 0
8945 0
8946 0
8947 0
8948 0
8949 0
8950 0
8951 0
8952 0
8953 0
8954 0
8955 0
8956 0
8957 0
8958 0
8959 0
8960 0
8961 0
8962 0
8963 0
8964 0
8965 0
8966 0
8967 0
8968 0
8969 0
8970 0
8971 0
8972 0
8973 0
8974 0
8975 0
8976 0
8977 0
8978 0
8979 1
8980 0
8981 0
8982 0
8983 0
8984 0
8985 0
8986 0
8987 0
8988 0
8989 0
8990 0
8991 0
8992 0
8993 0
8994 0
8995 0
8996 1
8997 1
8998 0
8999 0
9000 0
9001 1
9002 0
9003 0
9004 1
9005 2
9006 0
9007 0
9008 0
9009 1
9010 0
9011 1
9012 1
9013 1
9014 1
9015 2
9016 0
9017 1
9018 0
9019 1
9020 1
9021 0
9022 1
9023 1
9024 2
9025 2
9026 1
9027 1
9028 0
9029 1
9030 1
9031 1
9032 0
9033 1
9034 2
9035 0
9036 0
9037 1
9038 1
9039 1
9040 1
9041 1
9042 2
9043 1
9044 0
9045 1
9046 1
9047 0
9048 1
9049 0
9050 1
9051 1
9052 1
9053 0
9054 1
9055 1
9056 2
9057 0
9058 1
9059 1
9060 1
9061 2
9062 1
9063 2
9064 0
9065 0
9066 1
9067 1
9068 1
9069 0
9070 1
9071 0
9072 2
9073 1
9074 1
9075 1
9076 0
9077 2
9078 0
9079 1
9080 0
9081 0
9082 1
9083 0
9084 0
9085 2
9086 2
9087 0
9088 0
9089 0
9090 1
9091 0
9092 1
9093 0
9094 1
9095 2
9096 0
9097 1
9098 2
9099 0
9100 1
9101 1
9102 2
9103 1
9104 0
9105 1
9106 1
9107 0
9108 0
9109 1
9110 1
9111 2
9112 0
9113 1
9114 1
9115 1
9116 0
9117 1
9118 0
9119 0
9120 1
9121 1
9122 1
9123 1
9124 0
9125 0
9126 1
9127 1
9128 2
9129 1
9130 1
9131 0
9132 1
9133 1
9134 1
9135 0
9136 2
9137 1
9138 2
9139 1
9140 1
9141 0
9142 1
9143 0
9144 1
9145 1
9146 1
9147 1
9148 0
9149 0
9150 2
9151 1
9152 1
9153 2
9154 1
9155 1
9156 1
9157 1
9158 0
9159 1
9160 2
9161 0
9162 1
9163 0
9164 0
9165 0
9166 1
9167 2
9168 2
9169 1
9170 0
9171 0
9172 0
9173 1
9174 2
9175 1
9176 1
9177 1
9178 1
9179 1
9180 1
9181 0
9182 1
9183 1
9184 1
9185 1
9186 0
9187 0
9188 0
9189 0
9190 1
9191 1
9192 1
9193 2
9194 1
9195 2
9196 0
9197 2
9198 1
9199 0
9200 0
9201 1
9202 1
9203 1
9204 1
9205 1
9206 1
9207 1
9208 1
9209 0
9210 1
9211 1
9212 1
9213 0
9214 1
9215 2
9216 0
9217 2
9218 1
9219 0
9220 1
9221 1
9222 1
9223 1
9224 0
9225 1
9226 2
9227 0
9228 1
9229 1
9230 0
9231 1
9232 1
9233 1
9234 2
9235 2
9236 0
9237 0
9238 2
9239 2
9240 1
9241 0
9242 1
9243 1
9244 1
9245 1
9246 2
9247 1
9248 1
9249 1
9250 1
9251 1
9252 1
9253 2
9254 0
9255 1
9256 1
9257 0
9258 1
9259 0
9260 2
9261 1
9262 1
9263 1
9264 0
9265 1
9266 0
9267 1
9268 1
9269 1
9270 1
9271 1
9272 2
9273 0
9274 1
9275 2
9276 1
9277 1
9278 1
9279 1
9280 1
9281 1
9282 1
9283 1
9284 0
9285 1
9286 1
9287 1
9288 0
9289 0
9290 2
9291 0
9292 1
9293 1
9294 1
9295 1
9296 1
9297 0
9298 1
9299 1
9300 0
9301 0
9302 1
9303 2
9304 1
9305 0
9306 0
9307 1
9308 2
9309 2
9310 2
9311 1
9312 1
9313 2
9314 1
9315 1
9316 1
9317 0
9318 2
9319 1
9320 1
9321 0
9322 0
9323 1
9324 0
9325 0
9326 1
9327 1
9328 1
9329 1
9330 1
9331 1
9332 1
9333 0
9334 2
9335 1
9336 1
9337 1
9338 0
9339 1
9340 1
9341 0
9342 0
9343 0
9344 2
9345 0
9346 1
9347 0
9348 1
9349 0
9350 1
9351 0
9352 1
9353 1
9354 0
9355 1
9356 0
9357 1
9358 1
9359 1
9360 1
9361 1
9362 2
9363 0
9364 1
9365 0
9366 1
9367 1
9368 1
9369 2
9370 1
9371 1
9372 0
9373 2
9374 0
9375 0
9376 2
9377 0
9378 0
9379 1
9380 0
9381 1
9382 1
9383 2
9384 1
9385 1
9386 1
9387 0
9388 1
9389 2
9390 0
9391 1
9392 0
9393 1
9394 0
9395 1
9396 0
9397 0
9398 2
9399 0
9400 1
9401 1
9402 1
9403 1
9404 2
9405 0
9406 2
9407 1
9408 1
9409 1
9410 0
9411 1
9412 1
9413 1
9414 2
9415 1
9416 1
9417 1
9418 2
9419 1
9420 1
9421 2
9422 1
9423 2
9424 2
9425 1
9426 1
9427 1
9428 1
9429 0
9430 1
9431 0
9432 1
9433 1
9434 1
9435 2
9436 0
9437 1
9438 1
9439 0
9440 1
9441 1
9442 1
9443 1
9444 0
9445 0
9446 0
9447 0
9448 0
9449 1
9450 0
9451 2
9452 1
9453 0
9454 1
9455 1
9456 1
9457 2
9458 0
9459 0
9460 2
9461 0
9462 2
9463 2
9464 1
9465 1
9466 0
9467 1
9468 1
9469 1
9470 0
9471 1
9472 2
9473 2
9474 2
9475 2
9476 1
9477 2
9478 0
9479 1
9480 2
9481 1
9482 0
9483 1
9484 0
9485 1
9486 0
9487 1
9488 0
9489 1
9490 1
9491 0
9492 1
9493 2
9494 1
9495 1
9496 1
9497 0
9498 0
9499 1
9500 1
9501 1
9502 1
9503 0
9504 1
9505 2
9506 0
9507 1
9508 0
9509 0
9510 2
9511 1
9512 0
9513 1
9514 1
9515 1
9516 2
9517 0
9518 1
9519 1
9520 0
9521 1
9522 1
9523 2
9524 1
9525 1
9526 0
9527 1
9528 2
9529 0
9530 2
9531 1
9532 1
9533 2
9534 1
9535 1
9536 1
9537 2
9538 2
9539 0
9540 1
9541 2
9542 1
9543 2
9544 0
9545 1
9546 0
9547 1
9548 1
9549 1
9550 2
9551 2
9552 1
9553 1
9554 2
9555 1
9556 1
9557 0
9558 2
9559 2
9560 1
9561 1
9562 0
9563 0
9564 0
9565 1
9566 0
9567 1
9568 2
9569 1
9570 0
9571 1
9572 1
9573 1
9574 1
9575 0
9576 1
9577 1
9578 0
9579 1
9580 0
9581 0
9582 0
9583 0
9584 0
9585 0
9586 1
9587 0
9588 1
9589 1
9590 1
9591 0
9592 1
9593 0
9594 1
9595 0
9596 1
9597 1
9598 1
9599 0
9600 0
9601 0
9602 0
9603 0
9604 0
9605 1
9606 1
9607 1
9608 1
9609 1
9610 1
9611 1
9612 1
9613 1
9614 1
9615 1
9616 1
9617 1
9618 0
9619 1
9620 1
9621 1
9622 1
9623 1
9624 1
9625 0
9626 1
9627 1
9628 1
9629 1
9630 0
9631 2
9632 2
9633 2
9634 1
9635 0
9636 0
9637 1
9638 0
9639 0
9640 1
9641 1
9642 1
9643 1
9644 0
9645 0
9646 1
9647 1
9648 0
9649 1
9650 1
9651 1
9652 1
9653 0
9654 1
9655 1
9656 1
9657 0
9658 1
9659 1
9660 1
9661 0
9662 1
9663 1
9664 0
9665 1
9666 0
9667 1
9668 0
9669 1
9670 2
9671 1
9672 1
9673 1
9674 1
9675 1
9676 1
9677 1
9678 1
9679 1
9680 0
9681 1
9682 1
9683 1
9684 1
9685 1
9686 1
9687 2
9688 1
9689 0
9690 1
9691 1
9692 0
9693 0
9694 1
9695 2
9696 1
9697 1
9698 0
9699 2
9700 1
9701 1
9702 0
9703 0
9704 0
9705 1
9706 0
9707 0
9708 0
9709 1
9710 1
9711 1
9712 0
9713 1
9714 1
9715 1
9716 1
9717 1
9718 1
9719 1
9720 1
9721 1
9722 0
9723 2
9724 1
9725 0
9726 1
9727 1
9728 1
9729 1
9730 1
9731 0
9732 0
9733 1
9734 0
9735 0
9736 1
9737 1
9738 1
9739 1
9740 1
9741 2
9742 0
9743 1
9744 0
9745 1
9746 1
9747 1
9748 1
9749 0
9750 1
9751 1
9752 2
9753 1
9754 0
9755 1
9756 1
9757 2
9758 1
9759 1
9760 1
9761 1
9762 1
9763 1
9764 0
9765 1
9766 1
9767 2
9768 1
9769 1
9770 1
9771 1
9772 0
9773 1
9774 0
9775 1
9776 1
9777 0
9778 0
9779 1
9780 1
9781 0
9782 1
9783 1
9784 0
9785 0
9786 1
9787 0
9788 1
9789 0
9790 0
9791 0
9792 1
9793 1
9794 1
9795 1
9796 1
9797 1
9798 1
9799 1
9800 1
9801 1
9802 1
9803 0
9804 0
9805 1
9806 1
9807 0
9808 0
9809 0
9810 0
9811 1
9812 0
9813 1
9814 1
9815 1
9816 0
9817 0
9818 2
9819 1
9820 1
9821 1
9822 1
9823 0
9824 1
9825 0
9826 1
9827 1
9828 1
9829 1
9830 1
9831 1
9832 1
9833 1
9834 1
9835 1
9836 0
9837 1
9838 1
9839 1
9840 1
9841 1
9842 1
9843 2
9844 1
9845 0
9846 1
9847 0
9848 1
9849 1
9850 1
9851 1
9852 1
9853 0
9854 1
9855 1
9856 0
9857 0
9858 0
9859 1
9860 1
9861 0
9862 1
9863 0
9864 1
9865 1
9866 1
9867 1
9868 1
9869 1
9870 1
9871 1
9872 1
9873 0
9874 0
9875 0
9876 1
9877 1
9878 1
9879 1
9880 0
9881 0
9882 1
9883 1
9884 0
9885 1
9886 1
9887 0
9888 0
9889 0
9890 1
9891 0
9892 1
9893 1
9894 0
9895 2
9896 0
9897 1
9898 1
9899 0
9900 0
9901 1
9902 1
9903 1
9904 2
9905 1
9906 1
9907 1
9908 2
9909 1
9910 1
9911 0
9912 1
9913 2
9914 0
9915 0
9916 1
9917 1
9918 1
9919 0
9920 1
9921 1
9922 1
9923 1
9924 1
9925 0
9926 2
9927 1
9928 1
9929 1
9930 0
9931 2
9932 0
9933 1
9934 2
9935 1
9936 1
9937 1
9938 1
9939 1
9940 1
9941 1
9942 1
9943 2
9944 1
9945 2
9946 1
9947 1
9948 0
9949 0
9950 1
9951 1
9952 0
9953 2
9954 2
9955 1
9956 1
9957 1
9958 0
9959 1
9960 1
9961 0
9962 0
9963 0
9964 1
9965 1
9966 1
9967 0
9968 1
9969 1
9970 1
9971 1
9972 0
9973 1
9974 1
9975 0
9976 1
9977 1
9978 0
9979 2
9980 0
9981 1
9982 1
9983 1
9984 1
9985 1
9986 1
9987 1
9988 1
9989 1
9990 0
9991 1
9992 0
9993 2
9994 1
9995 1
9996 1
9997 1
9998 0
9999 0
10000 1
10001 2
