1 1
2 1
3 1
4 1
5 0
6 0
7 1
8 1
9 0
10 2
11 2
12 1
13 0
14 1
15 1
16 1
17 2
18 0
19 1
20 2
21 1
22 1
23 1
24 1
25 1
26 0
27 0
28 1
29 1
30 0
31 1
32 1
33 1
34 1
35 1
36 0
37 1
38 2
39 1
40 1
41 2
42 0
43 1
44 1
45 0
46 1
47 2
48 1
49 2
50 0
51 0
52 0
53 1
54 0
55 1
56 1
57 0
58 0
59 1
60 0
61 1
62 0
63 0
64 1
65 1
66 1
67 2
68 0
69 2
70 1
71 1
72 1
73 0
74 1
75 1
76 1
77 1
78 1
79 1
80 1
81 0
82 1
83 1
84 0
85 1
86 1
87 0
88 2
89 2
90 1
91 0
92 1
93 1
94 0
95 1
96 0
97 1
98 0
99 0
100 0
101 1
102 1
103 1
104 1
105 1
106 1
107 1
108 1
109 1
110 0
111 1
112 1
113 1
114 1
115 1
116 1
117 1
118 1
119 1
120 1
121 0
122 0
123 2
124 0
125 1
126 1
127 1
128 1
129 2
130 0
131 0
132 1
133 1
134 1
135 1
136 1
137 1
138 0
139 0
140 1
141 1
142 1
143 1
144 1
145 1
146 0
147 0
148 0
149 1
150 2
151 1
152 0
153 1
154 1
155 1
156 1
157 1
158 1
159 1
160 2
161 1
162 1
163 2
164 1
165 2
166 1
167 0
168 1
169 0
170 1
171 1
172 1
173 0
174 0
175 1
176 1
177 1
178 2
179 1
180 2
181 0
182 0
183 1
184 1
185 1
186 0
187 1
188 1
189 1
190 1
191 0
192 1
193 0
194 0
195 0
196 1
197 1
198 0
199 1
200 1
201 0
202 1
203 1
204 2
205 1
206 1
207 0
208 0
209 1
210 0
211 1
212 1
213 1
214 1
215 1
216 1
217 1
218 1
219 0
220 1
221 1
222 0
223 1
224 1
225 1
226 1
227 1
228 0
229 0
230 1
231 2
232 1
233 1
234 1
235 1
236 1
237 0
238 1
239 1
240 1
241 2
242 1
243 1
244 0
245 1
246 1
247 1
248 1
249 1
250 1
251 2
252 1
253 2
254 2
255 0
256 1
257 1
258 0
259 1
260 0
261 1
262 1
263 1
264 1
265 0
266 1
267 1
268 1
269 0
270 1
271 2
272 1
273 1
274 1
275 1
276 1
277 0
278 2
279 1
280 1
281 1
282 1
283 1
284 1
285 2
286 0
287 1
288 1
289 0
290 1
291 1
292 0
293 1
294 0
295 0
296 0
297 0
298 1
299 1
300 1
301 1
302 2
303 0
304 1
305 0
306 1
307 0
308 1
309 0
310 0
311 1
312 1
313 0
314 1
315 1
316 2
317 1
318 1
319 1
320 2
321 1
322 1
323 1
324 1
325 1
326 0
327 1
328 1
329 2
330 1
331 0
332 1
333 1
334 1
335 1
336 1
337 2
338 2
339 1
340 1
341 1
342 0
343 2
344 2
345 1
346 0
347 0
348 0
349 1
350 0
351 0
352 2
353 1
354 1
355 1
356 1
357 2
358 1
359 2
360 0
361 1
362 0
363 0
364 1
365 1
366 2
367 2
368 2
369 1
370 1
371 0
372 2
373 1
374 1
375 1
376 1
377 1
378 1
379 1
380 2
381 0
382 2
383 1
384 1
385 0
386 1
387 1
388 1
389 1
390 1
391 0
392 1
393 1
394 1
395 1
396 0
397 0
398 0
399 0
400 2
401 1
402 1
403 1
404 1
405 0
406 1
407 0
408 1
409 1
410 0
411 1
412 0
413 1
414 1
415 1
416 1
417 1
418 1
419 0
420 1
421 1
422 1
423 0
424 1
425 0
426 2
427 2
428 0
429 2
430 1
431 0
432 0
433 1
434 2
435 0
436 0
437 2
438 0
439 2
440 0
441 0
442 1
443 2
444 0
445 1
446 1
447 1
448 2
449 2
450 0
451 1
452 0
453 1
454 2
455 1
456 1
457 0
458 1
459 2
460 2
461 2
462 2
463 1
464 2
465 1
466 1
467 0
468 2
469 1
470 1
471 1
472 1
473 1
474 1
475 1
476 0
477 1
478 1
479 1
480 1
481 0
482 1
483 0
484 2
485 1
486 0
487 1
488 0
489 1
490 1
491 1
492 1
493 1
494 0
495 0
496 1
497 0
498 0
499 2
500 1
501 1
502 0
503 1
504 1
505 0
506 1
507 1
508 1
509 1
510 1
511 1
512 2
513 1
514 1
515 1
516 1
517 0
518 1
519 0
520 1
521 1
522 1
523 1
524 1
525 2
526 2
527 0
528 1
529 0
530 1
531 1
532 1
533 1
534 0
535 1
536 1
537 1
538 2
539 1
540 0
541 0
542 1
543 0
544 0
545 0
546 1
547 2
548 2
549 1
550 1
551 1
552 0
553 0
554 1
555 1
556 2
557 1
558 1
559 0
560 2
561 0
562 0
563 0
564 1
565 0
566 1
567 1
568 0
569 0
570 1
571 1
572 1
573 0
574 1
575 1
576 2
577 1
578 1
579 0
580 1
581 0
582 1
583 0
584 0
585 0
586 2
587 1
588 2
589 1
590 0
591 0
592 1
593 1
594 1
595 1
596 1
597 1
598 0
599 1
600 1
601 0
602 1
603 0
604 0
605 0
606 2
607 0
608 2
609 1
610 1
611 2
612 2
613 1
614 1
615 0
616 2
617 0
618 0
619 1
620 1
621 0
622 0
623 1
624 0
625 1
626 1
627 1
628 0
629 1
630 0
631 1
632 2
633 1
634 1
635 2
636 0
637 0
638 1
639 1
640 0
641 1
642 1
643 1
644 1
645 1
646 0
647 1
648 1
649 1
650 2
651 0
652 2
653 1
654 1
655 0
656 1
657 1
658 2
659 2
660 1
661 0
662 2
663 0
664 2
665 0
666 2
667 2
668 1
669 1
670 1
671 1
672 1
673 1
674 1
675 1
676 2
677 0
678 1
679 0
680 2
681 2
682 1
683 0
684 1
685 1
686 0
687 1
688 0
689 0
690 1
691 0
692 0
693 1
694 1
695 1
696 1
697 1
698 1
699 1
700 1
701 1
702 1
703 1
704 1
705 1
706 1
707 1
708 1
709 0
710 1
711 1
712 0
713 0
714 0
715 0
716 2
717 0
718 1
719 0
720 1
721 0
722 1
723 0
724 1
725 0
726 0
727 1
728 0
729 1
730 1
731 1
732 1
733 1
734 1
735 1
736 1
737 1
738 1
739 1
740 0
741 1
742 1
743 1
744 0
745 1
746 1
747 2
748 2
749 1
750 1
751 1
752 1
753 1
754 1
755 0
756 1
757 0
758 1
759 1
760 1
761 1
762 1
763 1
764 0
765 0
766 0
767 1
768 1
769 1
770 1
771 1
772 0
773 0
774 2
775 0
776 1
777 1
778 1
779 1
780 1
781 1
782 1
783 1
784 1
785 0
786 1
787 1
788 1
789 1
790 0
791 1
792 1
793 2
794 0
795 1
796 1
797 0
798 2
799 1
800 2
801 2
802 1
803 1
804 2
805 1
806 2
807 0
808 1
809 1
810 1
811 1
812 1
813 1
814 2
815 1
816 1
817 2
818 1
819 1
820 0
821 2
822 2
823 1
824 0
825 1
826 1
827 2
828 0
829 1
830 0
831 1
832 2
833 1
834 0
835 1
836 2
837 1
838 1
839 0
840 1
841 0
842 0
843 0
844 1
845 2
846 1
847 2
848 2
849 2
850 1
851 1
852 2
853 0
854 0
855 0
856 0
857 1
858 1
859 1
860 1
861 1
862 1
863 1
864 2
865 1
866 1
867 1
868 0
869 1
870 1
871 2
872 2
873 2
874 1
875 0
876 1
877 0
878 0
879 0
880 0
881 0
882 1
883 0
884 1
885 1
886 1
887 2
888 1
889 1
890 0
891 1
892 2
893 0
894 1
895 2
896 1
897 0
898 1
899 2
900 1
901 0
902 0
903 1
904 2
905 1
906 0
907 1
908 2
909 1
910 0
911 1
912 1
913 1
914 1
915 0
916 0
917 0
918 1
919 0
920 1
921 1
922 0
923 1
924 1
925 0
926 1
927 1
928 2
929 1
930 0
931 1
932 2
933 1
934 1
935 0
936 1
937 0
938 2
939 0
940 1
941 1
942 1
943 2
944 1
945 0
946 0
947 0
948 1
949 1
950 1
951 0
952 1
953 1
954 1
955 1
956 1
957 1
958 1
959 1
960 1
961 1
962 1
963 1
964 2
965 0
966 1
967 0
968 1
969 1
970 1
971 0
972 0
973 1
974 1
975 1
976 1
977 0
978 1
979 1
980 0
981 2
982 0
983 1
984 2
985 0
986 1
987 0
988 0
989 0
990 0
991 0
992 1
993 1
994 0
995 0
996 0
997 0
998 0
999 0
1000 0
1001 0
1002 1
1003 1
1004 1
1005 1
1006 1
1007 0
1008 1
1009 2
1010 2
1011 1
1012 0
1013 1
1014 0
1015 2
1016 2
1017 0
1018 0
1019 0
1020 1
1021 1
1022 2
1023 0
1024 1
1025 1
1026 0
1027 1
1028 1
1029 0
1030 0
1031 0
1032 1
1033 2
1034 1
1035 1
1036 1
1037 0
1038 2
1039 0
1040 0
1041 0
1042 0
1043 1
1044 0
1045 0
1046 0
1047 0
1048 0
1049 0
1050 0
1051 0
1052 0
1053 0
1054 0
1055 0
1056 0
1057 0
1058 0
1059 0
1060 0
1061 0
1062 0
1063 0
1064 0
1065 0
1066 0
1067 0
1068 0
1069 0
1070 0
1071 0
1072 0
1073 0
1074 0
1075 0
1076 0
1077 0
1078 1
1079 0
1080 1
1081 1
1082 1
1083 1
1084 0
1085 0
1086 0
1087 0
1088 0
1089 1
1090 2
1091 1
1092 1
1093 0
1094 1
1095 1
1096 0
1097 0
1098 0
1099 1
1100 1
1101 1
1102 1
1103 1
1104 2
1105 1
1106 1
1107 1
1108 1
1109 1
1110 0
1111 1
1112 0
1113 2
1114 0
1115 1
1116 1
1117 1
1118 0
1119 1
1120 1
1121 1
1122 1
1123 1
1124 1
1125 1
1126 1
1127 2
1128 0
1129 1
1130 1
1131 0
1132 2
1133 2
1134 2
1135 1
1136 1
1137 1
1138 1
1139 1
1140 0
1141 0
1142 0
1143 1
1144 1
1145 0
1146 1
1147 1
1148 0
1149 0
1150 1
1151 1
1152 0
1153 0
1154 1
1155 1
1156 0
1157 1
1158 1
1159 1
1160 1
1161 1
1162 1
1163 1
1164 2
1165 1
1166 0
1167 1
1168 0
1169 1
1170 1
1171 0
1172 1
1173 1
1174 0
1175 1
1176 1
1177 1
1178 1
1179 2
1180 0
1181 0
1182 1
1183 1
1184 1
1185 2
1186 1
1187 1
1188 1
1189 0
1190 1
1191 1
1192 1
1193 0
1194 0
1195 2
1196 1
1197 0
1198 0
1199 1
1200 1
1201 0
1202 1
1203 0
1204 2
1205 1
1206 1
1207 2
1208 1
1209 1
1210 1
1211 1
1212 1
1213 2
1214 1
1215 1
1216 0
1217 1
1218 0
1219 1
1220 1
1221 1
1222 1
1223 1
1224 0
1225 1
1226 0
1227 1
1228 1
1229 1
1230 0
1231 1
1232 1
1233 0
1234 0
1235 1
1236 1
1237 1
1238 1
1239 1
1240 1
1241 0
1242 1
1243 1
1244 1
1245 1
1246 1
1247 0
1248 0
1249 0
1250 1
1251 0
1252 1
1253 0
1254 0
1255 1
1256 1
1257 1
1258 1
1259 0
1260 0
1261 1
1262 0
1263 0
1264 0
1265 1
1266 1
1267 1
1268 1
1269 1
1270 0
1271 1
1272 0
1273 0
1274 1
1275 1
1276 1
1277 1
1278 1
1279 1
1280 0
1281 1
1282 1
1283 1
1284 1
1285 1
1286 0
1287 1
1288 2
1289 0
1290 0
1291 1
1292 0
1293 1
1294 2
1295 1
1296 0
1297 0
1298 1
1299 0
1300 0
1301 1
1302 1
1303 1
1304 2
1305 2
1306 1
1307 0
1308 1
1309 0
1310 0
1311 1
1312 0
1313 0
1314 0
1315 1
1316 1
1317 2
1318 0
1319 0
1320 1
1321 1
1322 0
1323 1
1324 1
1325 1
1326 0
1327 1
1328 0
1329 1
1330 0
1331 2
1332 1
1333 1
1334 1
1335 1
1336 1
1337 1
1338 1
1339 1
1340 1
1341 1
1342 1
1343 0
1344 0
1345 2
1346 2
1347 2
1348 1
1349 1
1350 1
1351 1
1352 1
1353 1
1354 0
1355 0
1356 2
1357 1
1358 2
1359 1
1360 1
1361 0
1362 1
1363 0
1364 0
1365 0
1366 1
1367 2
1368 1
1369 1
1370 1
1371 1
1372 2
1373 1
1374 1
1375 1
1376 0
1377 1
1378 1
1379 1
1380 1
1381 1
1382 0
1383 1
1384 2
1385 1
1386 1
1387 1
1388 0
1389 1
1390 1
1391 1
1392 1
1393 2
1394 2
1395 1
1396 1
1397 1
1398 1
1399 0
1400 1
1401 1
1402 1
1403 1
1404 0
1405 1
1406 0
1407 1
1408 0
1409 1
1410 1
1411 1
1412 1
1413 0
1414 1
1415 1
1416 1
1417 1
1418 0
1419 1
1420 1
1421 1
1422 0
1423 0
1424 1
1425 1
1426 2
1427 1
1428 1
1429 0
1430 0
1431 2
1432 1
1433 1
1434 0
1435 1
1436 2
1437 1
1438 1
1439 1
1440 1
1441 1
1442 0
1443 0
1444 0
1445 1
1446 1
1447 1
1448 1
1449 1
1450 0
1451 0
1452 1
1453 1
1454 0
1455 0
1456 1
1457 1
1458 0
1459 1
1460 1
1461 1
1462 1
1463 0
1464 1
1465 1
1466 1
1467 1
1468 2
1469 1
1470 1
1471 1
1472 0
1473 1
1474 1
1475 1
1476 1
1477 1
1478 1
1479 0
1480 1
1481 0
1482 1
1483 1
1484 1
1485 1
1486 1
1487 1
1488 1
1489 1
1490 1
1491 1
1492 1
1493 2
1494 1
1495 1
1496 1
1497 2
1498 1
1499 1
1500 0
1501 1
1502 1
1503 1
1504 0
1505 1
1506 1
1507 0
1508 1
1509 0
1510 1
1511 0
1512 1
1513 1
1514 1
1515 1
1516 0
1517 1
1518 0
1519 1
1520 1
1521 1
1522 1
1523 1
1524 1
1525 0
1526 1
1527 1
1528 1
1529 0
1530 0
1531 1
1532 2
1533 2
1534 1
1535 0
1536 1
1537 1
1538 0
1539 1
1540 1
1541 1
1542 1
1543 0
1544 1
1545 1
1546 1
1547 0
1548 0
1549 1
1550 0
1551 0
1552 1
1553 0
1554 1
1555 0
1556 0
1557 1
1558 1
1559 1
1560 1
1561 1
1562 1
1563 1
1564 1
1565 2
1566 2
1567 1
1568 2
1569 1
1570 1
1571 1
1572 1
1573 1
1574 1
1575 1
1576 0
1577 1
1578 0
1579 1
1580 1
1581 0
1582 0
1583 1
1584 0
1585 1
1586 1
1587 0
1588 1
1589 0
1590 1
1591 1
1592 1
1593 1
1594 0
1595 0
1596 0
1597 1
1598 0
1599 1
1600 1
1601 1
1602 0
1603 1
1604 0
1605 1
1606 1
1607 0
1608 1
1609 0
1610 1
1611 1
1612 1
1613 1
1614 0
1615 1
1616 1
1617 1
1618 1
1619 1
1620 1
1621 1
1622 1
1623 1
1624 0
1625 1
1626 0
1627 1
1628 1
1629 0
1630 0
1631 0
1632 1
1633 0
1634 0
1635 0
1636 1
1637 2
1638 1
1639 1
1640 0
1641 1
1642 1
1643 0
1644 0
1645 1
1646 1
1647 1
1648 1
1649 1
1650 1
1651 0
1652 2
1653 0
1654 1
1655 0
1656 0
1657 1
1658 1
1659 1
1660 2
1661 1
1662 1
1663 2
1664 1
1665 1
1666 2
1667 1
1668 1
1669 1
1670 0
1671 1
1672 0
1673 1
1674 1
1675 0
1676 1
1677 1
1678 1
1679 1
1680 0
1681 1
1682 0
1683 1
1684 1
1685 0
1686 1
1687 1
1688 0
1689 1
1690 1
1691 0
1692 1
1693 1
1694 1
1695 1
1696 1
1697 0
1698 2
1699 1
1700 1
1701 1
1702 1
1703 1
1704 1
1705 1
1706 1
1707 0
1708 1
1709 1
1710 1
1711 1
1712 1
1713 1
1714 1
1715 1
1716 0
1717 1
1718 1
1719 2
1720 1
1721 1
1722 0
1723 0
1724 1
1725 1
1726 1
1727 1
1728 1
1729 0
1730 0
1731 1
1732 0
1733 1
1734 1
1735 1
1736 1
1737 0
1738 1
1739 1
1740 0
1741 1
1742 1
1743 0
1744 1
1745 1
1746 1
1747 0
1748 1
1749 0
1750 1
1751 1
1752 1
1753 0
1754 1
1755 1
1756 0
1757 0
1758 0
1759 0
1760 0
1761 0
1762 1
1763 0
1764 1
1765 0
1766 1
1767 1
1768 1
1769 1
1770 1
1771 0
1772 1
1773 0
1774 1
1775 1
1776 1
1777 1
1778 1
1779 1
1780 0
1781 2
1782 1
1783 2
1784 2
1785 1
1786 1
1787 0
1788 0
1789 1
1790 1
1791 1
1792 1
1793 1
1794 1
1795 1
1796 1
1797 1
1798 1
1799 1
1800 1
1801 2
1802 1
1803 1
1804 0
1805 1
1806 1
1807 0
1808 1
1809 1
1810 1
1811 1
1812 1
1813 1
1814 1
1815 0
1816 1
1817 0
1818 1
1819 1
1820 1
1821 1
1822 0
1823 1
1824 1
1825 1
1826 1
1827 1
1828 0
1829 1
1830 1
1831 1
1832 1
1833 1
1834 1
1835 1
1836 1
1837 1
1838 1
1839 1
1840 0
1841 0
1842 1
1843 1
1844 1
1845 1
1846 0
1847 1
1848 1
1849 0
1850 0
1851 1
1852 2
1853 0
1854 1
1855 1
1856 1
1857 0
1858 0
1859 1
1860 1
1861 0
1862 0
1863 1
1864 1
1865 1
1866 0
1867 0
1868 1
1869 1
1870 0
1871 1
1872 0
1873 1
1874 1
1875 1
1876 1
1877 0
1878 1
1879 1
1880 1
1881 1
1882 1
1883 1
1884 1
1885 0
1886 1
1887 1
1888 1
1889 2
1890 0
1891 1
1892 0
1893 1
1894 1
1895 1
1896 0
1897 2
1898 1
1899 0
1900 0
1901 1
1902 1
1903 0
1904 1
1905 1
1906 1
1907 1
1908 2
1909 0
1910 1
1911 1
1912 1
1913 1
1914 1
1915 1
1916 1
1917 1
1918 1
1919 1
1920 0
1921 2
1922 0
1923 1
1924 0
1925 1
1926 0
1927 0
1928 0
1929 1
1930 1
1931 1
1932 1
1933 1
1934 1
1935 1
1936 0
1937 1
1938 1
1939 1
1940 1
1941 1
1942 0
1943 1
1944 1
1945 0
1946 1
1947 1
1948 1
1949 0
1950 1
1951 0
1952 0
1953 1
1954 0
1955 1
1956 1
1957 0
1958 1
1959 1
1960 1
1961 1
1962 1
1963 1
1964 1
1965 1
1966 1
1967 1
1968 1
1969 1
1970 0
1971 0
1972 0
1973 0
1974 1
1975 1
1976 0
1977 1
1978 1
1979 1
1980 1
1981 2
1982 2
1983 1
1984 1
1985 1
1986 1
1987 1
1988 1
1989 0
1990 1
1991 1
1992 1
1993 0
1994 0
1995 1
1996 0
1997 1
1998 1
1999 1
2000 1
2001 1
2002 1
2003 1
2004 1
2005 0
2006 0
2007 1
2008 0
2009 1
2010 2
2011 1
2012 1
2013 1
2014 1
2015 0
2016 0
2017 1
2018 0
2019 0
2020 1
2021 1
2022 1
2023 1
2024 0
2025 0
2026 1
2027 0
2028 0
2029 1
2030 0
2031 0
2032 1
2033 1
2034 0
2035 1
2036 0
2037 0
2038 1
2039 1
2040 0
2041 1
2042 1
2043 0
2044 1
2045 1
2046 1
2047 0
2048 1
2049 0
2050 0
2051 0
2052 1
2053 0
2054 1
2055 0
2056 0
2057 0
2058 1
2059 0
2060 0
2061 1
2062 1
2063 0
2064 1
2065 1
2066 0
2067 1
2068 1
2069 1
2070 0
2071 1
2072 0
2073 1
2074 0
2075 0
2076 0
2077 0
2078 0
2079 0
2080 0
2081 0
2082 0
2083 1
2084 1
2085 1
2086 1
2087 1
2088 0
2089 0
2090 1
2091 1
2092 1
2093 1
2094 1
2095 0
2096 1
2097 1
2098 0
2099 1
2100 0
2101 0
2102 0
2103 0
2104 0
2105 0
2106 1
2107 1
2108 1
2109 1
2110 0
2111 0
2112 1
2113 1
2114 0
2115 1
2116 1
2117 0
2118 1
2119 1
2120 1
2121 1
2122 2
2123 1
2124 1
2125 1
2126 1
2127 0
2128 2
2129 1
2130 0
2131 1
2132 1
2133 1
2134 1
2135 1
2136 2
2137 1
2138 1
2139 1
2140 1
2141 2
2142 1
2143 0
2144 2
2145 1
2146 0
2147 1
2148 1
2149 1
2150 1
2151 1
2152 1
2153 1
2154 0
2155 0
2156 0
2157 1
2158 1
2159 0
2160 0
2161 1
2162 1
2163 0
2164 1
2165 0
2166 1
2167 1
2168 1
2169 1
2170 1
2171 1
2172 1
2173 1
2174 2
2175 1
2176 1
2177 1
2178 1
2179 1
2180 1
2181 1
2182 1
2183 1
2184 1
2185 0
2186 0
2187 0
2188 1
2189 1
2190 1
2191 0
2192 1
2193 1
2194 0
2195 1
2196 0
2197 0
2198 1
2199 1
2200 0
2201 1
2202 1
2203 1
2204 1
2205 1
2206 1
2207 0
2208 1
2209 1
2210 0
2211 0
2212 1
2213 1
2214 1
2215 1
2216 1
2217 1
2218 0
2219 1
2220 1
2221 1
2222 1
2223 1
2224 0
2225 0
2226 1
2227 1
2228 1
2229 0
2230 1
2231 1
2232 1
2233 1
2234 1
2235 1
2236 1
2237 0
2238 1
2239 1
2240 1
2241 1
2242 1
2243 0
2244 0
2245 1
2246 1
2247 1
2248 1
2249 1
2250 1
2251 1
2252 2
2253 1
2254 0
2255 0
2256 1
2257 1
2258 1
2259 1
2260 0
2261 1
2262 1
2263 1
2264 1
2265 1
2266 0
2267 1
2268 1
2269 0
2270 0
2271 1
2272 1
2273 1
2274 1
2275 1
2276 2
2277 0
2278 1
2279 1
2280 0
2281 1
2282 0
2283 1
2284 1
2285 1
2286 1
2287 0
2288 1
2289 1
2290 1
2291 0
2292 1
2293 0
2294 1
2295 1
2296 1
2297 0
2298 1
2299 1
2300 1
2301 1
2302 2
2303 1
2304 1
2305 1
2306 0
2307 0
2308 0
2309 1
2310 1
2311 1
2312 0
2313 1
2314 1
2315 1
2316 1
2317 1
2318 1
2319 0
2320 1
2321 1
2322 1
2323 1
2324 1
2325 1
2326 1
2327 1
2328 1
2329 1
2330 1
2331 1
2332 0
2333 1
2334 1
2335 1
2336 2
2337 2
2338 1
2339 0
2340 1
2341 1
2342 0
2343 1
2344 1
2345 1
2346 1
2347 1
2348 1
2349 1
2350 1
2351 1
2352 1
2353 1
2354 1
2355 1
2356 0
2357 1
2358 1
2359 1
2360 1
2361 1
2362 0
2363 1
2364 2
2365 1
2366 1
2367 1
2368 1
2369 2
2370 1
2371 2
2372 1
2373 1
2374 1
2375 1
2376 1
2377 0
2378 0
2379 1
2380 0
2381 1
2382 2
2383 2
2384 1
2385 0
2386 1
2387 2
2388 1
2389 0
2390 2
2391 1
2392 1
2393 1
2394 1
2395 1
2396 1
2397 1
2398 2
2399 0
2400 1
2401 1
2402 0
2403 1
2404 1
2405 0
2406 1
2407 2
2408 0
2409 1
2410 1
2411 1
2412 1
2413 1
2414 1
2415 1
2416 1
2417 1
2418 1
2419 1
2420 0
2421 0
2422 1
2423 1
2424 1
2425 1
2426 0
2427 1
2428 0
2429 0
2430 0
2431 1
2432 0
2433 0
2434 0
2435 0
2436 0
2437 1
2438 1
2439 1
2440 1
2441 1
2442 1
2443 1
2444 0
2445 0
2446 1
2447 1
2448 0
2449 1
2450 1
2451 1
2452 0
2453 1
2454 1
2455 0
2456 1
2457 1
2458 1
2459 0
2460 1
2461 0
2462 0
2463 1
2464 1
2465 1
2466 1
2467 1
2468 1
2469 0
2470 0
2471 1
2472 1
2473 1
2474 1
2475 1
2476 1
2477 0
2478 0
2479 0
2480 0
2481 0
2482 0
2483 1
2484 1
2485 1
2486 1
2487 0
2488 1
2489 1
2490 0
2491 1
2492 0
2493 0
2494 0
2495 1
2496 0
2497 1
2498 0
2499 1
2500 1
2501 1
2502 1
2503 1
2504 1
2505 1
2506 1
2507 1
2508 0
2509 1
2510 2
2511 0
2512 1
2513 1
2514 1
2515 0
2516 0
2517 0
2518 1
2519 1
2520 0
2521 1
2522 1
2523 1
2524 1
2525 1
2526 1
2527 1
2528 1
2529 1
2530 1
2531 1
2532 1
2533 1
2534 1
2535 1
2536 1
2537 1
2538 1
2539 1
2540 1
2541 1
2542 1
2543 1
2544 1
2545 2
2546 1
2547 1
2548 1
2549 1
2550 2
2551 1
2552 2
2553 2
2554 1
2555 0
2556 1
2557 1
2558 1
2559 1
2560 1
2561 1
2562 1
2563 1
2564 1
2565 0
2566 0
2567 1
2568 0
2569 1
2570 1
2571 0
2572 1
2573 1
2574 1
2575 0
2576 0
2577 0
2578 1
2579 0
2580 1
2581 0
2582 0
2583 1
2584 1
2585 1
2586 0
2587 0
2588 1
2589 1
2590 1
2591 0
2592 0
2593 0
2594 0
2595 0
2596 1
2597 0
2598 1
2599 1
2600 0
2601 1
2602 1
2603 1
2604 1
2605 1
2606 1
2607 0
2608 1
2609 1
2610 1
2611 1
2612 1
2613 0
2614 1
2615 0
2616 1
2617 1
2618 1
2619 0
2620 1
2621 1
2622 1
2623 1
2624 0
2625 1
2626 1
2627 0
2628 2
2629 2
2630 1
2631 1
2632 1
2633 1
2634 1
2635 1
2636 1
2637 1
2638 1
2639 1
2640 0
2641 1
2642 0
2643 1
2644 1
2645 0
2646 1
2647 0
2648 1
2649 1
2650 1
2651 0
2652 1
2653 1
2654 1
2655 1
2656 1
2657 1
2658 1
2659 1
2660 1
2661 1
2662 1
2663 0
2664 0
2665 0
2666 1
2667 0
2668 0
2669 0
2670 0
2671 1
2672 0
2673 1
2674 0
2675 0
2676 0
2677 0
2678 1
2679 0
2680 0
2681 0
2682 0
2683 0
2684 1
2685 1
2686 1
2687 0
2688 0
2689 0
2690 0
2691 0
2692 0
2693 0
2694 0
2695 0
2696 0
2697 0
2698 1
2699 1
2700 0
2701 0
2702 0
2703 1
2704 1
2705 1
2706 0
2707 1
2708 1
2709 0
2710 1
2711 0
2712 0
2713 1
2714 1
2715 1
2716 1
2717 1
2718 1
2719 1
2720 0
2721 0
2722 1
2723 1
2724 1
2725 1
2726 0
2727 0
2728 0
2729 1
2730 0
2731 1
2732 1
2733 0
2734 2
2735 1
2736 1
2737 0
2738 1
2739 1
2740 1
2741 0
2742 0
2743 1
2744 1
2745 1
2746 1
2747 1
2748 0
2749 1
2750 1
2751 0
2752 0
2753 1
2754 0
2755 1
2756 0
2757 0
2758 0
2759 0
2760 1
2761 0
2762 1
2763 0
2764 0
2765 0
2766 1
2767 0
2768 0
2769 0
2770 0
2771 0
2772 0
2773 1
2774 1
2775 0
2776 0
2777 1
2778 0
2779 0
2780 1
2781 1
2782 0
2783 0
2784 1
2785 1
2786 0
2787 1
2788 1
2789 1
2790 0
2791 0
2792 0
2793 1
2794 0
2795 1
2796 1
2797 1
2798 1
2799 1
2800 1
2801 1
2802 1
2803 1
2804 1
2805 1
2806 1
2807 1
2808 1
2809 1
2810 0
2811 1
2812 0
2813 0
2814 0
2815 0
2816 1
2817 1
2818 0
2819 1
2820 0
2821 1
2822 1
2823 1
2824 1
2825 1
2826 0
2827 0
2828 1
2829 1
2830 1
2831 1
2832 1
2833 0
2834 1
2835 1
2836 1
2837 1
2838 1
2839 1
2840 2
2841 1
2842 1
2843 0
2844 1
2845 0
2846 1
2847 1
2848 1
2849 0
2850 0
2851 0
2852 1
2853 1
2854 0
2855 1
2856 1
2857 0
2858 0
2859 1
2860 0
2861 1
2862 1
2863 1
2864 0
2865 0
2866 1
2867 1
2868 2
2869 1
2870 1
2871 0
2872 1
2873 0
2874 1
2875 0
2876 0
2877 1
2878 1
2879 0
2880 2
2881 1
2882 1
2883 1
2884 0
2885 0
2886 2
2887 0
2888 0
2889 0
2890 0
2891 1
2892 1
2893 0
2894 1
2895 1
2896 1
2897 1
2898 1
2899 0
2900 1
2901 1
2902 0
2903 1
2904 0
2905 1
2906 0
2907 0
2908 1
2909 0
2910 1
2911 1
2912 1
2913 1
2914 1
2915 0
2916 0
2917 0
2918 0
2919 0
2920 0
2921 0
2922 1
2923 1
2924 1
2925 1
2926 1
2927 1
2928 1
2929 1
2930 1
2931 1
2932 1
2933 1
2934 1
2935 0
2936 0
2937 0
2938 1
2939 1
2940 1
2941 1
2942 0
2943 1
2944 1
2945 1
2946 0
2947 0
2948 0
2949 1
2950 0
2951 1
2952 0
2953 1
2954 0
2955 0
2956 0
2957 1
2958 0
2959 1
2960 1
2961 0
2962 0
2963 1
2964 0
2965 0
2966 1
2967 0
2968 0
2969 0
2970 1
2971 1
2972 1
2973 1
2974 1
2975 1
2976 1
2977 1
2978 0
2979 1
2980 1
2981 1
2982 0
2983 0
2984 1
2985 0
2986 0
2987 0
2988 0
2989 0
2990 0
2991 1
2992 0
2993 1
2994 1
2995 1
2996 1
2997 1
2998 1
2999 0
3000 1
3001 0
3002 1
3003 2
3004 1
3005 0
3006 0
3007 0
3008 1
3009 1
3010 0
3011 1
3012 1
3013 1
3014 1
3015 1
3016 1
3017 1
3018 1
3019 0
3020 1
3021 1
3022 1
3023 1
3024 1
3025 0
3026 1
3027 1
3028 1
3029 1
3030 1
3031 1
3032 1
3033 1
3034 1
3035 1
3036 1
3037 2
3038 1
3039 1
3040 1
3041 1
3042 1
3043 0
3044 1
3045 2
3046 0
3047 0
3048 0
3049 1
3050 2
3051 1
3052 1
3053 1
3054 0
3055 1
3056 1
3057 1
3058 0
3059 1
3060 0
3061 1
3062 0
3063 1
3064 1
3065 1
3066 1
3067 1
3068 1
3069 1
3070 0
3071 0
3072 1
3073 1
3074 0
3075 1
3076 1
3077 1
3078 0
3079 0
3080 0
3081 1
3082 1
3083 0
3084 1
3085 1
3086 1
3087 1
3088 1
3089 1
3090 1
3091 1
3092 0
3093 1
3094 1
3095 1
3096 1
3097 1
3098 1
3099 0
3100 1
3101 0
3102 1
3103 1
3104 1
3105 1
3106 0
3107 0
3108 1
3109 1
3110 0
3111 1
3112 1
3113 1
3114 1
3115 1
3116 1
3117 1
3118 0
3119 1
3120 1
3121 1
3122 0
3123 1
3124 1
3125 2
3126 1
3127 1
3128 0
3129 0
3130 1
3131 1
3132 1
3133 0
3134 0
3135 1
3136 1
3137 1
3138 0
3139 2
3140 1
3141 1
3142 1
3143 2
3144 0
3145 1
3146 1
3147 1
3148 1
3149 1
3150 1
3151 1
3152 1
3153 0
3154 1
3155 1
3156 0
3157 0
3158 1
3159 0
3160 1
3161 1
3162 0
3163 1
3164 1
3165 2
3166 1
3167 1
3168 1
3169 2
3170 2
3171 1
3172 2
3173 1
3174 0
3175 1
3176 0
3177 1
3178 1
3179 2
3180 1
3181 1
3182 0
3183 0
3184 0
3185 1
3186 1
3187 1
3188 0
3189 1
3190 0
3191 0
3192 0
3193 1
3194 0
3195 1
3196 1
3197 1
3198 1
3199 1
3200 1
3201 1
3202 1
3203 0
3204 1
3205 1
3206 1
3207 1
3208 1
3209 1
3210 0
3211 0
3212 1
3213 1
3214 1
3215 1
3216 1
3217 1
3218 1
3219 0
3220 2
3221 0
3222 1
3223 1
3224 2
3225 1
3226 1
3227 0
3228 1
3229 0
3230 0
3231 1
3232 0
3233 0
3234 2
3235 1
3236 1
3237 1
3238 1
3239 2
3240 1
3241 1
3242 1
3243 0
3244 0
3245 1
3246 1
3247 1
3248 1
3249 1
3250 1
3251 1
3252 1
3253 1
3254 1
3255 1
3256 1
3257 1
3258 1
3259 1
3260 1
3261 0
3262 1
3263 0
3264 1
3265 0
3266 0
3267 1
3268 0
3269 0
3270 0
3271 0
3272 0
3273 0
3274 0
3275 1
3276 0
3277 1
3278 0
3279 0
3280 0
3281 1
3282 1
3283 0
3284 1
3285 1
3286 1
3287 0
3288 1
3289 2
3290 1
3291 1
3292 0
3293 0
3294 1
3295 1
3296 0
3297 1
3298 1
3299 1
3300 0
3301 1
3302 1
3303 1
3304 1
3305 1
3306 0
3307 1
3308 1
3309 1
3310 1
3311 1
3312 1
3313 1
3314 1
3315 1
3316 1
3317 1
3318 0
3319 0
3320 1
3321 1
3322 1
3323 1
3324 1
3325 1
3326 2
3327 1
3328 1
3329 1
3330 1
3331 0
3332 0
3333 1
3334 1
3335 1
3336 1
3337 1
3338 1
3339 1
3340 1
3341 1
3342 1
3343 1
3344 1
3345 0
3346 0
3347 1
3348 1
3349 1
3350 1
3351 1
3352 2
3353 2
3354 2
3355 1
3356 2
3357 2
3358 1
3359 1
3360 0
3361 1
3362 2
3363 0
3364 1
3365 1
3366 1
3367 0
3368 1
3369 1
3370 1
3371 1
3372 0
3373 2
3374 1
3375 1
3376 1
3377 1
3378 1
3379 1
3380 1
3381 0
3382 1
3383 0
3384 1
3385 1
3386 0
3387 0
3388 1
3389 1
3390 1
3391 1
3392 1
3393 1
3394 1
3395 0
3396 1
3397 1
3398 1
3399 1
3400 1
3401 0
3402 1
3403 1
3404 0
3405 1
3406 1
3407 1
3408 1
3409 0
3410 1
3411 1
3412 1
3413 0
3414 1
3415 1
3416 1
3417 1
3418 0
3419 0
3420 0
3421 1
3422 1
3423 1
3424 1
3425 1
3426 1
3427 1
3428 1
3429 0
3430 1
3431 0
3432 0
3433 1
3434 1
3435 1
3436 0
3437 1
3438 1
3439 0
3440 2
3441 1
3442 0
3443 1
3444 2
3445 1
3446 1
3447 1
3448 1
3449 1
3450 1
3451 1
3452 1
3453 1
3454 0
3455 1
3456 1
3457 0
3458 0
3459 1
3460 1
3461 1
3462 1
3463 1
3464 2
3465 1
3466 1
3467 1
3468 1
3469 0
3470 0
3471 1
3472 1
3473 1
3474 1
3475 1
3476 1
3477 0
3478 0
3479 0
3480 1
3481 1
3482 1
3483 0
3484 1
3485 1
3486 1
3487 2
3488 0
3489 0
3490 1
3491 1
3492 1
3493 1
3494 1
3495 1
3496 1
3497 1
3498 0
3499 1
3500 1
3501 1
3502 0
3503 1
3504 1
3505 2
3506 2
3507 1
3508 0
3509 1
3510 2
3511 1
3512 0
3513 1
3514 1
3515 1
3516 1
3517 1
3518 1
3519 1
3520 1
3521 1
3522 1
3523 1
3524 1
3525 2
3526 1
3527 1
3528 1
3529 1
3530 1
3531 1
3532 1
3533 1
3534 1
3535 2
3536 2
3537 1
3538 1
3539 0
3540 1
3541 1
3542 1
3543 1
3544 1
3545 0
3546 1
3547 0
3548 1
3549 1
3550 1
3551 1
3552 0
3553 0
3554 0
3555 1
3556 1
3557 1
3558 1
3559 1
3560 1
3561 0
3562 1
3563 0
3564 1
3565 1
3566 1
3567 1
3568 1
3569 1
3570 1
3571 1
3572 1
3573 1
3574 1
3575 0
3576 1
3577 1
3578 0
3579 0
3580 0
3581 1
3582 1
3583 1
3584 1
3585 1
3586 1
3587 1
3588 1
3589 1
3590 1
3591 1
3592 0
3593 0
3594 1
3595 1
3596 1
3597 1
3598 0
3599 2
3600 1
3601 2
3602 1
3603 1
3604 1
3605 1
3606 1
3607 0
3608 0
3609 1
3610 2
3611 0
3612 0
3613 1
3614 1
3615 1
3616 1
3617 1
3618 1
3619 0
3620 1
3621 1
3622 1
3623 0
3624 1
3625 1
3626 1
3627 1
3628 0
3629 2
3630 1
3631 1
3632 2
3633 1
3634 1
3635 1
3636 1
3637 1
3638 1
3639 0
3640 0
3641 2
3642 1
3643 0
3644 1
3645 1
3646 1
3647 1
3648 1
3649 1
3650 1
3651 1
3652 1
3653 1
3654 1
3655 1
3656 1
3657 1
3658 0
3659 1
3660 0
3661 1
3662 0
3663 0
3664 2
3665 0
3666 0
3667 1
3668 1
3669 1
3670 1
3671 2
3672 0
3673 1
3674 1
3675 1
3676 1
3677 1
3678 0
3679 1
3680 1
3681 1
3682 1
3683 1
3684 1
3685 1
3686 1
3687 1
3688 1
3689 1
3690 1
3691 1
3692 0
3693 0
3694 1
3695 1
3696 0
3697 1
3698 1
3699 1
3700 0
3701 1
3702 1
3703 1
3704 0
3705 2
3706 1
3707 2
3708 1
3709 1
3710 0
3711 2
3712 0
3713 1
3714 1
3715 1
3716 1
3717 1
3718 1
3719 0
3720 0
3721 1
3722 1
3723 0
3724 1
3725 1
3726 1
3727 1
3728 1
3729 1
3730 1
3731 1
3732 1
3733 1
3734 1
3735 1
3736 1
3737 1
3738 1
3739 1
3740 1
3741 1
3742 2
3743 1
3744 1
3745 1
3746 1
3747 1
3748 0
3749 1
3750 1
3751 1
3752 0
3753 0
3754 1
3755 1
3756 0
3757 1
3758 1
3759 1
3760 1
3761 0
3762 1
3763 1
3764 1
3765 1
3766 0
3767 0
3768 0
3769 2
3770 1
3771 1
3772 1
3773 1
3774 1
3775 1
3776 0
3777 1
3778 0
3779 1
3780 1
3781 2
3782 2
3783 0
3784 1
3785 1
3786 0
3787 1
3788 0
3789 1
3790 1
3791 0
3792 1
3793 1
3794 1
3795 1
3796 1
3797 1
3798 1
3799 1
3800 0
3801 2
3802 1
3803 0
3804 1
3805 1
3806 0
3807 1
3808 1
3809 1
3810 1
3811 2
3812 2
3813 0
3814 0
3815 1
3816 1
3817 1
3818 1
3819 1
3820 0
3821 1
3822 1
3823 2
3824 1
3825 1
3826 0
3827 1
3828 1
3829 1
3830 1
3831 1
3832 1
3833 0
3834 1
3835 1
3836 0
3837 1
3838 1
3839 1
3840 1
3841 0
3842 0
3843 1
3844 1
3845 0
3846 1
3847 1
3848 1
3849 1
3850 0
3851 1
3852 1
3853 1
3854 1
3855 0
3856 0
3857 1
3858 0
3859 0
3860 0
3861 0
3862 1
3863 1
3864 0
3865 1
3866 0
3867 1
3868 1
3869 0
3870 0
3871 0
3872 0
3873 1
3874 1
3875 0
3876 1
3877 1
3878 1
3879 1
3880 0
3881 1
3882 2
3883 1
3884 1
3885 1
3886 1
3887 0
3888 0
3889 1
3890 1
3891 1
3892 0
3893 1
3894 1
3895 0
3896 1
3897 1
3898 0
3899 0
3900 0
3901 0
3902 0
3903 0
3904 1
3905 1
3906 0
3907 0
3908 1
3909 0
3910 1
3911 0
3912 1
3913 1
3914 1
3915 1
3916 1
3917 0
3918 1
3919 1
3920 0
3921 1
3922 0
3923 0
3924 0
3925 0
3926 0
3927 0
3928 1
3929 1
3930 1
3931 0
3932 1
3933 1
3934 1
3935 0
3936 0
3937 0
3938 0
3939 0
3940 1
3941 1
3942 1
3943 0
3944 0
3945 0
3946 1
3947 1
3948 0
3949 1
3950 1
3951 1
3952 1
3953 1
3954 1
3955 1
3956 1
3957 0
3958 1
3959 1
3960 0
3961 1
3962 1
3963 1
3964 1
3965 1
3966 1
3967 1
3968 2
3969 1
3970 1
3971 1
3972 1
3973 1
3974 1
3975 1
3976 1
3977 1
3978 1
3979 1
3980 1
3981 1
3982 0
3983 1
3984 1
3985 1
3986 1
3987 2
3988 1
3989 1
3990 1
3991 0
3992 1
3993 1
3994 1
3995 1
3996 1
3997 1
3998 1
3999 1
4000 1
4001 0
4002 1
4003 1
4004 2
4005 0
4006 2
4007 1
4008 1
4009 0
4010 1
4011 1
4012 1
4013 1
4014 1
4015 1
4016 0
4017 1
4018 1
4019 1
4020 1
4021 1
4022 0
4023 0
4024 1
4025 1
4026 0
4027 1
4028 1
4029 1
4030 0
4031 0
4032 0
4033 1
4034 0
4035 0
4036 0
4037 1
4038 0
4039 1
4040 0
4041 1
4042 0
4043 0
4044 0
4045 0
4046 1
4047 0
4048 0
4049 1
4050 1
4051 0
4052 0
4053 0
4054 1
4055 0
4056 1
4057 0
4058 0
4059 0
4060 0
4061 1
4062 1
4063 0
4064 0
4065 1
4066 0
4067 1
4068 1
4069 1
4070 1
4071 1
4072 1
4073 0
4074 0
4075 0
4076 1
4077 1
4078 0
4079 0
4080 1
4081 0
4082 1
4083 1
4084 0
4085 1
4086 1
4087 1
4088 0
4089 1
4090 1
4091 1
4092 0
4093 1
4094 0
4095 0
4096 0
4097 0
4098 0
4099 0
4100 1
4101 0
4102 1
4103 1
4104 1
4105 1
4106 0
4107 0
4108 0
4109 0
4110 0
4111 0
4112 1
4113 0
4114 1
4115 1
4116 0
4117 1
4118 1
4119 0
4120 1
4121 1
4122 1
4123 1
4124 0
4125 0
4126 1
4127 1
4128 1
4129 1
4130 1
4131 0
4132 1
4133 0
4134 0
4135 1
4136 1
4137 0
4138 1
4139 1
4140 1
4141 1
4142 1
4143 1
4144 0
4145 0
4146 1
4147 1
4148 0
4149 1
4150 1
4151 0
4152 1
4153 0
4154 0
4155 0
4156 1
4157 0
4158 1
4159 1
4160 1
4161 1
4162 1
4163 0
4164 0
4165 1
4166 0
4167 1
4168 1
4169 0
4170 0
4171 1
4172 0
4173 1
4174 1
4175 0
4176 0
4177 0
4178 0
4179 1
4180 1
4181 1
4182 0
4183 0
4184 0
4185 2
4186 0
4187 1
4188 0
4189 1
4190 1
4191 2
4192 2
4193 2
4194 1
4195 1
4196 1
4197 1
4198 1
4199 1
4200 2
4201 0
4202 0
4203 2
4204 1
4205 1
4206 1
4207 2
4208 1
4209 2
4210 1
4211 1
4212 1
4213 0
4214 0
4215 1
4216 1
4217 1
4218 0
4219 1
4220 0
4221 0
4222 0
4223 1
4224 1
4225 0
4226 0
4227 0
4228 1
4229 1
4230 1
4231 1
4232 1
4233 1
4234 1
4235 2
4236 1
4237 1
4238 1
4239 1
4240 1
4241 1
4242 0
4243 1
4244 1
4245 1
4246 1
4247 1
4248 1
4249 0
4250 1
4251 0
4252 0
4253 1
4254 0
4255 1
4256 0
4257 1
4258 1
4259 1
4260 2
4261 0
4262 2
4263 1
4264 1
4265 1
4266 1
4267 2
4268 1
4269 1
4270 1
4271 2
4272 1
4273 0
4274 1
4275 0
4276 1
4277 0
4278 1
4279 0
4280 1
4281 1
4282 0
4283 1
4284 1
4285 1
4286 1
4287 0
4288 0
4289 1
4290 1
4291 1
4292 0
4293 1
4294 1
4295 1
4296 1
4297 1
4298 1
4299 1
4300 1
4301 1
4302 0
4303 2
4304 0
4305 0
4306 2
4307 1
4308 1
4309 0
4310 0
4311 1
4312 1
4313 1
4314 1
4315 1
4316 1
4317 1
4318 1
4319 0
4320 1
4321 1
4322 1
4323 1
4324 1
4325 0
4326 1
4327 1
4328 1
4329 1
4330 1
4331 0
4332 1
4333 1
4334 1
4335 1
4336 1
4337 1
4338 2
4339 1
4340 1
4341 1
4342 1
4343 1
4344 1
4345 1
4346 0
4347 1
4348 1
4349 0
4350 1
4351 1
4352 1
4353 1
4354 0
4355 0
4356 1
4357 1
4358 2
4359 1
4360 1
4361 1
4362 0
4363 1
4364 1
4365 1
4366 0
4367 2
4368 1
4369 2
4370 0
4371 1
4372 1
4373 1
4374 1
4375 0
4376 0
4377 1
4378 1
4379 1
4380 1
4381 0
4382 1
4383 0
4384 1
4385 1
4386 1
4387 0
4388 1
4389 1
4390 1
4391 1
4392 0
4393 1
4394 1
4395 1
4396 1
4397 1
4398 1
4399 0
4400 0
4401 1
4402 1
4403 0
4404 1
4405 0
4406 0
4407 0
4408 0
4409 1
4410 0
4411 0
4412 1
4413 0
4414 0
4415 0
4416 0
4417 0
4418 1
4419 0
4420 0
4421 0
4422 0
4423 0
4424 1
4425 1
4426 1
4427 1
4428 0
4429 1
4430 1
4431 1
4432 1
4433 1
4434 1
4435 0
4436 0
4437 1
4438 0
4439 1
4440 1
4441 1
4442 0
4443 1
4444 0
4445 0
4446 1
4447 1
4448 0
4449 0
4450 0
4451 1
4452 1
4453 1
4454 1
4455 0
4456 0
4457 1
4458 0
4459 0
4460 1
4461 1
4462 0
4463 0
4464 0
4465 1
4466 0
4467 1
4468 0
4469 0
4470 1
4471 0
4472 0
4473 1
4474 0
4475 1
4476 1
4477 1
4478 0
4479 1
4480 1
4481 0
4482 0
4483 0
4484 1
4485 0
4486 1
4487 1
4488 0
4489 1
4490 0
4491 1
4492 0
4493 0
4494 0
4495 0
4496 1
4497 0
4498 0
4499 1
4500 0
4501 1
4502 1
4503 0
4504 1
4505 1
4506 0
4507 0
4508 1
4509 1
4510 0
4511 0
4512 1
4513 0
4514 0
4515 0
4516 1
4517 1
4518 0
4519 1
4520 1
4521 1
4522 0
4523 0
4524 1
4525 1
4526 0
4527 1
4528 0
4529 1
4530 0
4531 0
4532 0
4533 1
4534 1
4535 0
4536 1
4537 1
4538 1
4539 1
4540 1
4541 1
4542 0
4543 1
4544 1
4545 1
4546 1
4547 1
4548 1
4549 1
4550 1
4551 0
4552 0
4553 1
4554 1
4555 1
4556 1
4557 1
4558 1
4559 2
4560 1
4561 0
4562 1
4563 1
4564 1
4565 0
4566 1
4567 1
4568 0
4569 1
4570 0
4571 1
4572 0
4573 0
4574 1
4575 0
4576 1
4577 1
4578 1
4579 1
4580 1
4581 0
4582 1
4583 1
4584 1
4585 0
4586 1
4587 1
4588 1
4589 1
4590 1
4591 0
4592 0
4593 0
4594 0
4595 1
4596 0
4597 0
4598 0
4599 0
4600 0
4601 0
4602 0
4603 0
4604 0
4605 1
4606 0
4607 0
4608 0
4609 1
4610 0
4611 0
4612 1
4613 0
4614 1
4615 1
4616 1
4617 0
4618 1
4619 0
4620 1
4621 1
4622 1
4623 0
4624 0
4625 1
4626 1
4627 1
4628 0
4629 1
4630 1
4631 1
4632 0
4633 2
4634 0
4635 1
4636 1
4637 1
4638 1
4639 0
4640 1
4641 1
4642 1
4643 1
4644 1
4645 1
4646 1
4647 1
4648 1
4649 0
4650 0
4651 0
4652 1
4653 0
4654 0
4655 1
4656 1
4657 1
4658 0
4659 1
4660 0
4661 1
4662 1
4663 1
4664 1
4665 0
4666 1
4667 0
4668 1
4669 1
4670 0
4671 0
4672 1
4673 1
4674 0
4675 1
4676 1
4677 1
4678 1
4679 1
4680 1
4681 1
4682 0
4683 1
4684 0
4685 1
4686 2
4687 0
4688 1
4689 0
4690 1
4691 1
4692 1
4693 0
4694 1
4695 1
4696 1
4697 0
4698 1
4699 2
4700 1
4701 1
4702 1
4703 1
4704 1
4705 1
4706 1
4707 0
4708 0
4709 1
4710 1
4711 1
4712 1
4713 1
4714 0
4715 1
4716 1
4717 1
4718 1
4719 1
4720 1
4721 1
4722 1
4723 1
4724 1
4725 1
4726 0
4727 1
4728 1
4729 1
4730 0
4731 1
4732 1
4733 1
4734 1
4735 0
4736 1
4737 0
4738 1
4739 1
4740 0
4741 0
4742 0
4743 1
4744 0
4745 0
4746 1
4747 1
4748 0
4749 0
4750 1
4751 1
4752 1
4753 1
4754 1
4755 0
4756 1
4757 0
4758 0
4759 1
4760 1
4761 1
4762 1
4763 1
4764 1
4765 1
4766 0
4767 0
4768 0
4769 1
4770 1
4771 0
4772 0
4773 1
4774 1
4775 0
4776 0
4777 1
4778 1
4779 0
4780 0
4781 0
4782 0
4783 0
4784 0
4785 1
4786 0
4787 1
4788 0
4789 1
4790 1
4791 0
4792 0
4793 0
4794 1
4795 1
4796 0
4797 0
4798 0
4799 1
4800 1
4801 1
4802 1
4803 0
4804 1
4805 0
4806 1
4807 1
4808 0
4809 1
4810 0
4811 0
4812 1
4813 0
4814 1
4815 1
4816 1
4817 0
4818 1
4819 0
4820 1
4821 0
4822 0
4823 1
4824 0
4825 0
4826 0
4827 0
4828 0
4829 0
4830 0
4831 0
4832 1
4833 0
4834 0
4835 0
4836 0
4837 0
4838 0
4839 1
4840 1
4841 1
4842 1
4843 2
4844 1
4845 1
4846 0
4847 1
4848 1
4849 0
4850 1
4851 1
4852 1
4853 1
4854 1
4855 1
4856 1
4857 0
4858 1
4859 1
4860 1
4861 0
4862 1
4863 1
4864 1
4865 1
4866 1
4867 1
4868 1
4869 2
4870 0
4871 1
4872 1
4873 1
4874 1
4875 0
4876 1
4877 1
4878 1
4879 1
4880 1
4881 0
4882 1
4883 1
4884 1
4885 0
4886 1
4887 1
4888 1
4889 1
4890 1
4891 1
4892 1
4893 0
4894 1
4895 1
4896 0
4897 1
4898 0
4899 1
4900 1
4901 1
4902 0
4903 0
4904 0
4905 1
4906 1
4907 0
4908 1
4909 0
4910 0
4911 0
4912 1
4913 1
4914 1
4915 1
4916 0
4917 1
4918 1
4919 0
4920 1
4921 1
4922 1
4923 1
4924 1
4925 1
4926 0
4927 0
4928 1
4929 1
4930 1
4931 1
4932 1
4933 1
4934 0
4935 0
4936 0
4937 1
4938 2
4939 1
4940 0
4941 1
4942 0
4943 1
4944 1
4945 0
4946 1
4947 2
4948 1
4949 1
4950 1
4951 0
4952 0
4953 0
4954 1
4955 0
4956 1
4957 1
4958 0
4959 1
4960 1
4961 0
4962 2
4963 2
4964 1
4965 1
4966 1
4967 0
4968 1
4969 1
4970 0
4971 1
4972 1
4973 0
4974 1
4975 0
4976 1
4977 1
4978 1
4979 1
4980 1
4981 2
4982 2
4983 1
4984 1
4985 1
4986 1
4987 1
4988 1
4989 1
4990 1
4991 1
4992 0
4993 0
4994 2
4995 0
4996 1
4997 2
4998 1
4999 1
5000 1
5001 1
5002 0
5003 1
5004 0
5005 1
5006 0
5007 1
5008 1
5009 1
5010 0
5011 1
5012 1
5013 1
5014 1
5015 1
5016 1
5017 1
5018 1
5019 1
5020 1
5021 1
5022 1
5023 1
5024 1
5025 1
5026 1
5027 0
5028 1
5029 1
5030 1
5031 1
5032 1
5033 1
5034 1
5035 1
5036 1
5037 1
5038 1
5039 0
5040 1
5041 0
5042 1
5043 1
5044 1
5045 1
5046 1
5047 1
5048 1
5049 1
5050 1
5051 1
5052 1
5053 1
5054 1
5055 1
5056 1
5057 2
5058 1
5059 1
5060 1
5061 1
5062 0
5063 1
5064 1
5065 1
5066 1
5067 1
5068 1
5069 1
5070 0
5071 1
5072 0
5073 0
5074 1
5075 1
5076 0
5077 1
5078 1
5079 1
5080 1
5081 1
5082 1
5083 1
5084 1
5085 1
5086 1
5087 1
5088 1
5089 1
5090 1
5091 1
5092 1
5093 1
5094 1
5095 0
5096 1
5097 1
5098 1
5099 1
5100 1
5101 1
5102 1
5103 1
5104 1
5105 0
5106 1
5107 1
5108 1
5109 0
5110 1
5111 1
5112 0
5113 1
5114 1
5115 1
5116 1
5117 1
5118 0
5119 1
5120 1
5121 1
5122 1
5123 2
5124 1
5125 1
5126 0
5127 1
5128 0
5129 0
5130 0
5131 1
5132 1
5133 1
5134 1
5135 1
5136 1
5137 0
5138 0
5139 0
5140 1
5141 1
5142 1
5143 1
5144 1
5145 1
5146 1
5147 1
5148 1
5149 1
5150 1
5151 1
5152 1
5153 1
5154 1
5155 1
5156 0
5157 1
5158 0
5159 1
5160 1
5161 1
5162 1
5163 0
5164 2
5165 2
5166 1
5167 1
5168 1
5169 1
5170 0
5171 1
5172 1
5173 1
5174 1
5175 0
5176 1
5177 1
5178 1
5179 1
5180 0
5181 0
5182 1
5183 0
5184 1
5185 1
5186 1
5187 1
5188 0
5189 1
5190 0
5191 0
5192 0
5193 1
5194 0
5195 1
5196 1
5197 1
5198 1
5199 1
5200 1
5201 1
5202 2
5203 1
5204 1
5205 1
5206 1
5207 0
5208 1
5209 1
5210 1
5211 1
5212 1
5213 0
5214 1
5215 1
5216 1
5217 0
5218 0
5219 1
5220 1
5221 0
5222 1
5223 0
5224 1
5225 1
5226 1
5227 1
5228 1
5229 1
5230 1
5231 0
5232 1
5233 1
5234 0
5235 1
5236 1
5237 0
5238 1
5239 0
5240 1
5241 1
5242 1
5243 0
5244 0
5245 0
5246 0
5247 1
5248 1
5249 0
5250 1
5251 1
5252 1
5253 0
5254 0
5255 0
5256 0
5257 1
5258 1
5259 0
5260 1
5261 1
5262 0
5263 1
5264 1
5265 0
5266 0
5267 1
5268 0
5269 0
5270 0
5271 1
5272 0
5273 1
5274 1
5275 1
5276 1
5277 1
5278 1
5279 0
5280 1
5281 0
5282 1
5283 1
5284 1
5285 2
5286 1
5287 1
5288 0
5289 0
5290 1
5291 1
5292 1
5293 1
5294 1
5295 1
5296 1
5297 1
5298 1
5299 1
5300 1
5301 1
5302 1
5303 1
5304 0
5305 1
5306 1
5307 1
5308 0
5309 0
5310 0
5311 1
5312 1
5313 1
5314 0
5315 1
5316 1
5317 0
5318 2
5319 1
5320 1
5321 1
5322 2
5323 2
5324 1
5325 1
5326 1
5327 1
5328 0
5329 1
5330 0
5331 1
5332 0
5333 1
5334 0
5335 1
5336 1
5337 1
5338 1
5339 1
5340 0
5341 1
5342 1
5343 1
5344 1
5345 1
5346 0
5347 1
5348 1
5349 1
5350 2
5351 1
5352 1
5353 0
5354 0
5355 1
5356 2
5357 1
5358 1
5359 1
5360 0
5361 1
5362 1
5363 0
5364 1
5365 1
5366 1
5367 1
5368 1
5369 1
5370 1
5371 1
5372 1
5373 1
5374 1
5375 1
5376 0
5377 1
5378 1
5379 1
5380 0
5381 0
5382 1
5383 1
5384 1
5385 1
5386 1
5387 1
5388 1
5389 1
5390 1
5391 1
5392 1
5393 1
5394 1
5395 1
5396 1
5397 1
5398 1
5399 1
5400 1
5401 1
5402 1
5403 1
5404 1
5405 0
5406 1
5407 0
5408 1
5409 1
5410 1
5411 1
5412 1
5413 1
5414 0
5415 1
5416 1
5417 0
5418 1
5419 1
5420 0
5421 1
5422 0
5423 1
5424 1
5425 0
5426 0
5427 1
5428 0
5429 2
5430 1
5431 0
5432 1
5433 2
5434 1
5435 1
5436 0
5437 1
5438 1
5439 1
5440 1
5441 1
5442 1
5443 0
5444 1
5445 0
5446 1
5447 0
5448 1
5449 1
5450 1
5451 1
5452 1
5453 1
5454 0
5455 1
5456 0
5457 1
5458 1
5459 1
5460 1
5461 2
5462 1
5463 1
5464 1
5465 1
5466 2
5467 0
5468 0
5469 1
5470 0
5471 1
5472 1
5473 0
5474 1
5475 0
5476 0
5477 1
5478 0
5479 1
5480 0
5481 1
5482 1
5483 0
5484 0
5485 0
5486 1
5487 0
5488 1
5489 1
5490 1
5491 1
5492 1
5493 1
5494 0
5495 1
5496 0
5497 1
5498 1
5499 2
5500 1
5501 1
5502 1
5503 1
5504 0
5505 1
5506 1
5507 1
5508 1
5509 1
5510 0
5511 1
5512 1
5513 1
5514 1
5515 1
5516 0
5517 1
5518 1
5519 0
5520 1
5521 1
5522 1
5523 1
5524 0
5525 0
5526 1
5527 1
5528 1
5529 0
5530 1
5531 0
5532 1
5533 0
5534 1
5535 0
5536 0
5537 1
5538 1
5539 1
5540 1
5541 1
5542 0
5543 1
5544 1
5545 1
5546 1
5547 1
5548 1
5549 1
5550 1
5551 1
5552 0
5553 1
5554 1
5555 1
5556 1
5557 1
5558 0
5559 1
5560 1
5561 1
5562 0
5563 1
5564 1
5565 1
5566 1
5567 1
5568 1
5569 1
5570 1
5571 1
5572 0
5573 0
5574 0
5575 1
5576 0
5577 0
5578 1
5579 0
5580 1
5581 1
5582 1
5583 1
5584 1
5585 1
5586 1
5587 0
5588 1
5589 1
5590 0
5591 1
5592 1
5593 1
5594 0
5595 1
5596 1
5597 1
5598 1
5599 1
5600 1
5601 1
5602 1
5603 1
5604 0
5605 1
5606 1
5607 1
5608 1
5609 1
5610 0
5611 1
5612 0
5613 1
5614 1
5615 0
5616 1
5617 1
5618 1
5619 0
5620 1
5621 0
5622 1
5623 1
5624 1
5625 1
5626 0
5627 1
5628 1
5629 1
5630 1
5631 0
5632 1
5633 1
5634 1
5635 0
5636 2
5637 1
5638 1
5639 1
5640 0
5641 0
5642 0
5643 1
5644 0
5645 1
5646 0
5647 1
5648 0
5649 1
5650 0
5651 0
5652 2
5653 0
5654 1
5655 1
5656 1
5657 1
5658 1
5659 1
5660 1
5661 1
5662 0
5663 1
5664 0
5665 1
5666 1
5667 1
5668 0
5669 1
5670 1
5671 0
5672 0
5673 1
5674 1
5675 0
5676 1
5677 1
5678 1
5679 1
5680 1
5681 0
5682 1
5683 1
5684 1
5685 1
5686 1
5687 0
5688 1
5689 1
5690 0
5691 1
5692 0
5693 1
5694 0
5695 1
5696 1
5697 1
5698 1
5699 1
5700 1
5701 2
5702 1
5703 1
5704 0
5705 1
5706 1
5707 0
5708 0
5709 1
5710 0
5711 0
5712 0
5713 1
5714 1
5715 1
5716 1
5717 1
5718 1
5719 1
5720 1
5721 2
5722 2
5723 1
5724 1
5725 1
5726 1
5727 1
5728 1
5729 1
5730 0
5731 2
5732 0
5733 1
5734 0
5735 1
5736 1
5737 2
5738 0
5739 1
5740 1
5741 1
5742 1
5743 0
5744 1
5745 1
5746 1
5747 1
5748 1
5749 1
5750 1
5751 1
5752 1
5753 2
5754 1
5755 0
5756 1
5757 1
5758 1
5759 1
5760 0
5761 1
5762 1
5763 1
5764 0
5765 0
5766 0
5767 1
5768 0
5769 1
5770 0
5771 1
5772 0
5773 2
5774 1
5775 2
5776 0
5777 1
5778 2
5779 0
5780 1
5781 0
5782 1
5783 1
5784 1
5785 1
5786 1
5787 1
5788 0
5789 1
5790 2
5791 1
5792 0
5793 1
5794 1
5795 0
5796 2
5797 0
5798 2
5799 2
5800 1
5801 1
5802 0
5803 1
5804 0
5805 1
5806 0
5807 2
5808 1
5809 1
5810 2
5811 1
5812 1
5813 1
5814 1
5815 0
5816 0
5817 1
5818 1
5819 1
5820 1
5821 1
5822 1
5823 1
5824 1
5825 0
5826 1
5827 0
5828 1
5829 2
5830 1
5831 0
5832 1
5833 1
5834 1
5835 2
5836 1
5837 1
5838 0
5839 0
5840 0
5841 0
5842 0
5843 0
5844 0
5845 0
5846 0
5847 0
5848 0
5849 0
5850 0
5851 0
5852 0
5853 0
5854 0
5855 1
5856 1
5857 1
5858 0
5859 0
5860 0
5861 0
5862 0
5863 0
5864 0
5865 0
5866 0
5867 0
5868 0
5869 0
5870 0
5871 1
5872 0
5873 0
5874 0
5875 0
5876 0
5877 0
5878 0
5879 0
5880 0
5881 0
5882 0
5883 0
5884 0
5885 0
5886 1
5887 0
5888 1
5889 0
5890 1
5891 0
5892 0
5893 0
5894 0
5895 0
5896 1
5897 0
5898 1
5899 0
5900 2
5901 1
5902 1
5903 1
5904 1
5905 1
5906 1
5907 1
5908 1
5909 1
5910 0
5911 1
5912 0
5913 0
5914 1
5915 1
5916 1
5917 2
5918 1
5919 0
5920 0
5921 0
5922 0
5923 1
5924 1
5925 1
5926 0
5927 1
5928 1
5929 1
5930 1
5931 1
5932 1
5933 1
5934 1
5935 1
5936 0
5937 1
5938 0
5939 1
5940 1
5941 1
5942 0
5943 1
5944 0
5945 1
5946 1
5947 1
5948 2
5949 0
5950 1
5951 1
5952 1
5953 1
5954 1
5955 1
5956 1
5957 1
5958 2
5959 0
5960 1
5961 1
5962 1
5963 2
5964 1
5965 1
5966 1
5967 2
5968 1
5969 2
5970 0
5971 1
5972 0
5973 1
5974 1
5975 1
5976 1
5977 1
5978 0
5979 1
5980 0
5981 1
5982 1
5983 0
5984 1
5985 0
5986 1
5987 1
5988 1
5989 1
5990 1
5991 1
5992 2
5993 0
5994 0
5995 1
5996 0
5997 2
5998 1
5999 1
6000 0
6001 0
6002 1
6003 1
6004 0
6005 1
6006 0
6007 1
6008 1
6009 1
6010 0
6011 1
6012 0
6013 1
6014 1
6015 0
6016 1
6017 2
6018 0
6019 0
6020 0
6021 1
6022 1
6023 0
6024 1
6025 1
6026 1
6027 1
6028 1
6029 0
6030 1
6031 1
6032 1
6033 0
6034 2
6035 1
6036 0
6037 1
6038 1
6039 1
6040 1
6041 0
6042 2
6043 0
6044 1
6045 2
6046 1
6047 1
6048 1
6049 0
6050 0
6051 0
6052 0
6053 0
6054 0
6055 0
6056 0
6057 0
6058 0
6059 0
6060 0
6061 0
6062 0
6063 0
6064 0
6065 0
6066 0
6067 0
6068 1
6069 0
6070 1
6071 1
6072 0
6073 1
6074 1
6075 1
6076 1
6077 1
6078 1
6079 2
6080 2
6081 1
6082 1
6083 1
6084 1
6085 0
6086 0
6087 1
6088 1
6089 0
6090 0
6091 0
6092 1
6093 1
6094 1
6095 1
6096 1
6097 1
6098 1
6099 1
6100 1
6101 0
6102 1
6103 1
6104 2
6105 1
6106 0
6107 0
6108 1
6109 0
6110 1
6111 1
6112 1
6113 0
6114 0
6115 0
6116 1
6117 0
6118 0
6119 1
6120 1
6121 1
6122 0
6123 1
6124 1
6125 1
6126 1
6127 1
6128 0
6129 1
6130 1
6131 1
6132 1
6133 0
6134 1
6135 0
6136 1
6137 0
6138 0
6139 1
6140 0
6141 0
6142 1
6143 1
6144 0
6145 1
6146 0
6147 0
6148 1
6149 1
6150 1
6151 0
6152 1
6153 0
6154 0
6155 1
6156 1
6157 1
6158 1
6159 1
6160 0
6161 0
6162 1
6163 1
6164 1
6165 1
6166 1
6167 0
6168 1
6169 1
6170 1
6171 1
6172 0
6173 1
6174 0
6175 1
6176 1
6177 0
6178 0
6179 1
6180 3
6181 0
6182 1
6183 1
6184 1
6185 1
6186 1
6187 1
6188 1
6189 1
6190 1
6191 0
6192 0
6193 0
6194 1
6195 1
6196 0
6197 1
6198 2
6199 1
6200 1
6201 2
6202 2
6203 1
6204 2
6205 1
6206 1
6207 0
6208 1
6209 0
6210 1
6211 1
6212 0
6213 1
6214 0
6215 0
6216 1
6217 2
6218 0
6219 0
6220 0
6221 1
6222 0
6223 0
6224 0
6225 1
6226 0
6227 1
6228 2
6229 1
6230 1
6231 2
6232 1
6233 0
6234 1
6235 1
6236 1
6237 0
6238 2
6239 1
6240 0
6241 2
6242 1
6243 1
6244 0
6245 2
6246 1
6247 2
6248 1
6249 1
6250 0
6251 1
6252 1
6253 1
6254 0
6255 0
6256 1
6257 0
6258 2
6259 0
6260 2
6261 0
6262 0
6263 0
6264 1
6265 0
6266 1
6267 1
6268 1
6269 1
6270 1
6271 1
6272 1
6273 0
6274 1
6275 1
6276 2
6277 1
6278 1
6279 1
6280 0
6281 1
6282 0
6283 0
6284 1
6285 1
6286 1
6287 1
6288 0
6289 0
6290 0
6291 1
6292 1
6293 1
6294 1
6295 2
6296 2
6297 1
6298 1
6299 1
6300 2
6301 1
6302 1
6303 1
6304 0
6305 0
6306 0
6307 2
6308 1
6309 1
6310 2
6311 1
6312 2
6313 0
6314 0
6315 1
6316 1
6317 0
6318 1
6319 0
6320 1
6321 1
6322 0
6323 0
6324 1
6325 1
6326 1
6327 1
6328 2
6329 0
6330 0
6331 1
6332 1
6333 1
6334 1
6335 1
6336 1
6337 0
6338 1
6339 1
6340 0
6341 1
6342 0
6343 0
6344 1
6345 2
6346 1
6347 1
6348 1
6349 1
6350 1
6351 0
6352 1
6353 1
6354 0
6355 1
6356 1
6357 1
6358 0
6359 1
6360 1
6361 1
6362 1
6363 1
6364 1
6365 0
6366 1
6367 1
6368 0
6369 1
6370 1
6371 1
6372 1
6373 1
6374 1
6375 1
6376 1
6377 0
6378 0
6379 1
6380 1
6381 0
6382 1
6383 2
6384 0
6385 1
6386 0
6387 0
6388 0
6389 1
6390 1
6391 1
6392 1
6393 0
6394 0
6395 0
6396 0
6397 0
6398 1
6399 1
6400 1
6401 1
6402 1
6403 0
6404 1
6405 1
6406 1
6407 1
6408 0
6409 1
6410 0
6411 1
6412 1
6413 0
6414 2
6415 1
6416 0
6417 1
6418 1
6419 1
6420 1
6421 1
6422 1
6423 1
6424 1
6425 1
6426 0
6427 0
6428 1
6429 1
6430 0
6431 0
6432 1
6433 1
6434 0
6435 0
6436 1
6437 0
6438 0
6439 1
6440 0
6441 0
6442 0
6443 1
6444 1
6445 0
6446 1
6447 1
6448 1
6449 1
6450 1
6451 1
6452 1
6453 0
6454 1
6455 1
6456 0
6457 1
6458 2
6459 1
6460 2
6461 1
6462 1
6463 0
6464 1
6465 0
6466 1
6467 1
6468 0
6469 0
6470 0
6471 0
6472 0
6473 0
6474 1
6475 1
6476 1
6477 1
6478 0
6479 1
6480 1
6481 1
6482 1
6483 0
6484 1
6485 1
6486 2
6487 1
6488 1
6489 0
6490 0
6491 0
6492 0
6493 1
6494 1
6495 0
6496 1
6497 1
6498 1
6499 0
6500 1
6501 1
6502 0
6503 1
6504 1
6505 1
6506 1
6507 1
6508 0
6509 1
6510 1
6511 2
6512 1
6513 1
6514 0
6515 1
6516 0
6517 1
6518 0
6519 2
6520 0
6521 1
6522 0
6523 2
6524 1
6525 0
6526 0
6527 1
6528 0
6529 1
6530 1
6531 0
6532 0
6533 0
6534 0
6535 0
6536 1
6537 1
6538 1
6539 1
6540 1
6541 0
6542 0
6543 1
6544 0
6545 1
6546 0
6547 1
6548 1
6549 0
6550 2
6551 0
6552 0
6553 1
6554 0
6555 1
6556 1
6557 1
6558 0
6559 1
6560 1
6561 0
6562 1
6563 1
6564 1
6565 1
6566 0
6567 1
6568 1
6569 1
6570 2
6571 0
6572 1
6573 1
6574 1
6575 1
6576 1
6577 1
6578 0
6579 1
6580 0
6581 0
6582 1
6583 0
6584 1
6585 1
6586 1
6587 0
6588 0
6589 1
6590 1
6591 0
6592 0
6593 0
6594 0
6595 1
6596 2
6597 1
6598 1
6599 1
6600 1
6601 1
6602 0
6603 1
6604 1
6605 1
6606 0
6607 1
6608 0
6609 1
6610 1
6611 0
6612 1
6613 2
6614 1
6615 1
6616 1
6617 2
6618 2
6619 1
6620 0
6621 0
6622 1
6623 1
6624 1
6625 1
6626 1
6627 1
6628 0
6629 1
6630 1
6631 1
6632 0
6633 1
6634 1
6635 0
6636 0
6637 1
6638 1
6639 0
6640 0
6641 0
6642 1
6643 1
6644 0
6645 1
6646 1
6647 0
6648 0
6649 0
6650 0
6651 1
6652 0
6653 1
6654 0
6655 0
6656 0
6657 1
6658 0
6659 1
6660 1
6661 1
6662 1
6663 1
6664 0
6665 1
6666 0
6667 0
6668 0
6669 1
6670 1
6671 1
6672 1
6673 1
6674 0
6675 1
6676 1
6677 1
6678 0
6679 0
6680 1
6681 0
6682 1
6683 0
6684 1
6685 1
6686 1
6687 1
6688 0
6689 0
6690 1
6691 0
6692 2
6693 1
6694 1
6695 0
6696 1
6697 1
6698 0
6699 2
6700 1
6701 0
6702 0
6703 1
6704 0
6705 1
6706 1
6707 1
6708 1
6709 1
6710 1
6711 2
6712 0
6713 1
6714 0
6715 1
6716 1
6717 1
6718 0
6719 1
6720 0
6721 1
6722 0
6723 1
6724 1
6725 1
6726 0
6727 1
6728 0
6729 0
6730 1
6731 1
6732 1
6733 1
6734 1
6735 0
6736 0
6737 1
6738 1
6739 2
6740 1
6741 0
6742 0
6743 0
6744 1
6745 1
6746 1
6747 1
6748 0
6749 1
6750 1
6751 0
6752 1
6753 0
6754 2
6755 0
6756 1
6757 0
6758 0
6759 1
6760 0
6761 1
6762 1
6763 1
6764 1
6765 0
6766 0
6767 1
6768 1
6769 1
6770 0
6771 1
6772 0
6773 1
6774 0
6775 0
6776 1
6777 2
6778 2
6779 2
6780 0
6781 0
6782 0
6783 0
6784 0
6785 1
6786 2
6787 1
6788 1
6789 1
6790 0
6791 1
6792 1
6793 0
6794 2
6795 1
6796 1
6797 1
6798 1
6799 1
6800 1
6801 0
6802 1
6803 1
6804 1
6805 1
6806 1
6807 0
6808 0
6809 2
6810 1
6811 2
6812 0
6813 0
6814 0
6815 1
6816 0
6817 0
6818 1
6819 1
6820 1
6821 1
6822 0
6823 1
6824 0
6825 1
6826 1
6827 0
6828 1
6829 2
6830 0
6831 1
6832 1
6833 0
6834 1
6835 1
6836 1
6837 1
6838 1
6839 2
6840 0
6841 0
6842 1
6843 1
6844 0
6845 0
6846 1
6847 0
6848 1
6849 1
6850 0
6851 1
6852 0
6853 1
6854 1
6855 1
6856 2
6857 1
6858 2
6859 0
6860 1
6861 1
6862 2
6863 1
6864 1
6865 0
6866 1
6867 1
6868 0
6869 1
6870 1
6871 1
6872 1
6873 1
6874 1
6875 0
6876 1
6877 1
6878 1
6879 0
6880 0
6881 0
6882 1
6883 0
6884 1
6885 1
6886 0
6887 0
6888 1
6889 0
6890 0
6891 0
6892 0
6893 1
6894 0
6895 1
6896 1
6897 1
6898 1
6899 1
6900 0
6901 1
6902 0
6903 1
6904 0
6905 0
6906 1
6907 1
6908 0
6909 1
6910 2
6911 2
6912 1
6913 1
6914 1
6915 1
6916 1
6917 1
6918 1
6919 0
6920 0
6921 0
6922 1
6923 1
6924 1
6925 0
6926 1
6927 1
6928 1
6929 1
6930 1
6931 1
6932 1
6933 1
6934 1
6935 0
6936 1
6937 0
6938 0
6939 1
6940 1
6941 1
6942 0
6943 2
6944 1
6945 1
6946 1
6947 1
6948 1
6949 1
6950 0
6951 1
6952 1
6953 1
6954 0
6955 2
6956 1
6957 0
6958 2
6959 1
6960 1
6961 0
6962 0
6963 1
6964 0
6965 1
6966 0
6967 1
6968 1
6969 1
6970 1
6971 0
6972 0
6973 0
6974 1
6975 2
6976 2
6977 0
6978 0
6979 0
6980 1
6981 0
6982 0
6983 1
6984 1
6985 0
6986 1
6987 1
6988 0
6989 1
6990 1
6991 0
6992 1
6993 1
6994 0
6995 1
6996 1
6997 0
6998 0
6999 2
7000 1
7001 1
7002 0
7003 1
7004 0
7005 1
7006 0
7007 1
7008 1
7009 0
7010 1
7011 0
7012 0
7013 1
7014 0
7015 1
7016 1
7017 0
7018 0
7019 2
7020 0
7021 0
7022 1
7023 1
7024 0
7025 0
7026 0
7027 1
7028 1
7029 2
7030 1
7031 0
7032 1
7033 0
7034 0
7035 2
7036 0
7037 1
7038 0
7039 0
7040 0
7041 0
7042 0
7043 1
7044 1
7045 0
7046 0
7047 1
7048 1
7049 1
7050 1
7051 1
7052 1
7053 1
7054 1
7055 1
7056 0
7057 1
7058 0
7059 1
7060 1
7061 0
7062 0
7063 1
7064 1
7065 0
7066 0
7067 1
7068 1
7069 1
7070 0
7071 0
7072 0
7073 1
7074 1
7075 1
7076 1
7077 0
7078 1
7079 0
7080 0
7081 1
7082 0
7083 0
7084 0
7085 0
7086 0
7087 0
7088 0
7089 0
7090 2
7091 0
7092 0
7093 0
7094 0
7095 0
7096 0
7097 0
7098 0
7099 0
7100 0
7101 1
7102 0
7103 0
7104 1
7105 0
7106 1
7107 0
7108 0
7109 1
7110 1
7111 0
7112 1
7113 0
7114 1
7115 1
7116 1
7117 1
7118 0
7119 0
7120 1
7121 0
7122 1
7123 1
7124 1
7125 1
7126 1
7127 1
7128 1
7129 1
7130 1
7131 1
7132 2
7133 0
7134 1
7135 1
7136 1
7137 1
7138 0
7139 1
7140 0
7141 0
7142 0
7143 1
7144 2
7145 1
7146 1
7147 0
7148 1
7149 2
7150 1
7151 1
7152 1
7153 1
7154 1
7155 1
7156 1
7157 1
7158 1
7159 1
7160 1
7161 0
7162 0
7163 0
7164 1
7165 0
7166 0
7167 1
7168 1
7169 1
7170 2
7171 1
7172 0
7173 1
7174 1
7175 0
7176 1
7177 1
7178 0
7179 1
7180 1
7181 0
7182 1
7183 1
7184 0
7185 1
7186 1
7187 0
7188 1
7189 2
7190 1
7191 1
7192 0
7193 0
7194 1
7195 1
7196 1
7197 0
7198 1
7199 0
7200 1
7201 0
7202 1
7203 0
7204 0
7205 0
7206 0
7207 1
7208 0
7209 1
7210 1
7211 0
7212 1
7213 1
7214 1
7215 1
7216 0
7217 1
7218 1
7219 0
7220 1
7221 1
7222 0
7223 1
7224 1
7225 1
7226 1
7227 1
7228 1
7229 1
7230 1
7231 1
7232 2
7233 0
7234 1
7235 0
7236 1
7237 1
7238 1
7239 0
7240 1
7241 1
7242 0
7243 1
7244 1
7245 1
7246 1
7247 1
7248 1
7249 1
7250 1
7251 0
7252 2
7253 1
7254 1
7255 2
7256 0
7257 1
7258 1
7259 1
7260 1
7261 1
7262 2
7263 1
7264 1
7265 1
7266 0
7267 1
7268 1
7269 1
7270 0
7271 2
7272 0
7273 1
7274 2
7275 1
7276 1
7277 0
7278 0
7279 1
7280 1
7281 1
7282 0
7283 1
7284 0
7285 1
7286 1
7287 0
7288 1
7289 0
7290 0
7291 0
7292 0
7293 1
7294 0
7295 0
7296 1
7297 1
7298 1
7299 1
7300 2
7301 1
7302 1
7303 1
7304 1
7305 1
7306 1
7307 1
7308 0
7309 1
7310 0
7311 1
7312 1
7313 0
7314 0
7315 1
7316 0
7317 1
7318 1
7319 1
7320 1
7321 0
7322 1
7323 0
7324 1
7325 2
7326 0
7327 1
7328 1
7329 1
7330 0
7331 1
7332 2
7333 0
7334 1
7335 0
7336 0
7337 1
7338 0
7339 1
7340 1
7341 0
7342 1
7343 1
7344 0
7345 0
7346 0
7347 1
7348 1
7349 1
7350 1
7351 1
7352 1
7353 1
7354 0
7355 1
7356 1
7357 0
7358 0
7359 1
7360 0
7361 0
7362 0
7363 2
7364 0
7365 1
7366 1
7367 1
7368 0
7369 1
7370 2
7371 1
7372 1
7373 0
7374 1
7375 1
7376 0
7377 1
7378 2
7379 1
7380 1
7381 1
7382 1
7383 1
7384 0
7385 1
7386 1
7387 0
7388 0
7389 0
7390 0
7391 1
7392 2
7393 1
7394 1
7395 1
7396 1
7397 1
7398 0
7399 0
7400 1
7401 1
7402 0
7403 0
7404 1
7405 1
7406 0
7407 1
7408 1
7409 1
7410 1
7411 1
7412 1
7413 2
7414 1
7415 1
7416 1
7417 1
7418 0
7419 1
7420 1
7421 1
7422 2
7423 0
7424 1
7425 1
7426 1
7427 0
7428 1
7429 1
7430 1
7431 1
7432 1
7433 0
7434 2
7435 1
7436 1
7437 2
7438 0
7439 1
7440 1
7441 1
7442 1
7443 0
7444 0
7445 1
7446 0
7447 1
7448 1
7449 1
7450 1
7451 1
7452 2
7453 2
7454 0
7455 1
7456 0
7457 0
7458 0
7459 0
7460 1
7461 2
7462 0
7463 1
7464 1
7465 1
7466 1
7467 0
7468 0
7469 1
7470 0
7471 1
7472 1
7473 1
7474 1
7475 1
7476 1
7477 1
7478 0
7479 1
7480 2
7481 1
7482 0
7483 1
7484 1
7485 0
7486 1
7487 1
7488 1
7489 1
7490 2
7491 0
7492 1
7493 0
7494 0
7495 1
7496 1
7497 1
7498 1
7499 1
7500 1
7501 0
7502 1
7503 1
7504 1
7505 1
7506 0
7507 1
7508 0
7509 1
7510 1
7511 2
7512 1
7513 2
7514 0
7515 2
7516 0
7517 0
7518 0
7519 0
7520 1
7521 1
7522 1
7523 1
7524 0
7525 0
7526 0
7527 1
7528 1
7529 1
7530 0
7531 0
7532 1
7533 0
7534 0
7535 1
7536 1
7537 1
7538 1
7539 1
7540 1
7541 1
7542 0
7543 2
7544 2
7545 1
7546 0
7547 0
7548 1
7549 1
7550 0
7551 0
7552 1
7553 1
7554 1
7555 1
7556 0
7557 1
7558 1
7559 0
7560 0
7561 1
7562 1
7563 0
7564 1
7565 1
7566 1
7567 1
7568 0
7569 1
7570 1
7571 1
7572 1
7573 1
7574 1
7575 1
7576 1
7577 1
7578 1
7579 1
7580 1
7581 1
7582 1
7583 1
7584 1
7585 0
7586 0
7587 2
7588 1
7589 1
7590 1
7591 1
7592 1
7593 1
7594 0
7595 1
7596 0
7597 0
7598 0
7599 2
7600 1
7601 1
7602 1
7603 1
7604 0
7605 1
7606 0
7607 1
7608 1
7609 1
7610 2
7611 0
7612 0
7613 1
7614 0
7615 0
7616 0
7617 1
7618 0
7619 1
7620 0
7621 0
7622 1
7623 1
7624 0
7625 1
7626 1
7627 1
7628 1
7629 0
7630 2
7631 1
7632 2
7633 1
7634 1
7635 0
7636 1
7637 1
7638 1
7639 1
7640 0
7641 2
7642 0
7643 2
7644 0
7645 2
7646 0
7647 1
7648 1
7649 1
7650 0
7651 1
7652 0
7653 0
7654 1
7655 1
7656 2
7657 0
7658 0
7659 1
7660 2
7661 0
7662 1
7663 0
7664 1
7665 1
7666 1
7667 0
7668 1
7669 0
7670 1
7671 1
7672 1
7673 0
7674 1
7675 2
7676 1
7677 1
7678 1
7679 1
7680 0
7681 0
7682 1
7683 0
7684 1
7685 1
7686 1
7687 1
7688 1
7689 1
7690 2
7691 1
7692 1
7693 0
7694 0
7695 0
7696 1
7697 2
7698 1
7699 1
7700 1
7701 2
7702 1
7703 1
7704 0
7705 2
7706 0
7707 0
7708 1
7709 0
7710 1
7711 2
7712 1
7713 0
7714 0
7715 1
7716 1
7717 1
7718 1
7719 0
7720 1
7721 1
7722 0
7723 1
7724 1
7725 1
7726 0
7727 1
7728 0
7729 0
7730 0
7731 0
7732 1
7733 0
7734 1
7735 1
7736 1
7737 1
7738 0
7739 1
7740 0
7741 1
7742 2
7743 0
7744 1
7745 1
7746 0
7747 0
7748 1
7749 1
7750 1
7751 0
7752 1
7753 1
7754 1
7755 1
7756 0
7757 1
7758 2
7759 0
7760 0
7761 1
7762 0
7763 0
7764 1
7765 1
7766 1
7767 0
7768 1
7769 0
7770 0
7771 0
7772 1
7773 0
7774 1
7775 1
7776 0
7777 0
7778 2
7779 0
7780 0
7781 1
7782 1
7783 1
7784 2
7785 0
7786 1
7787 0
7788 1
7789 0
7790 1
7791 1
7792 0
7793 2
7794 1
7795 1
7796 1
7797 1
7798 0
7799 0
7800 1
7801 1
7802 1
7803 2
7804 1
7805 1
7806 1
7807 1
7808 0
7809 0
7810 2
7811 1
7812 1
7813 1
7814 2
7815 0
7816 1
7817 0
7818 1
7819 1
7820 0
7821 1
7822 0
7823 0
7824 2
7825 0
7826 1
7827 1
7828 1
7829 0
7830 1
7831 0
7832 0
7833 1
7834 1
7835 0
7836 0
7837 1
7838 1
7839 1
7840 1
7841 2
7842 2
7843 1
7844 2
7845 0
7846 1
7847 1
7848 0
7849 0
7850 1
7851 1
7852 0
7853 0
7854 2
7855 1
7856 0
7857 1
7858 1
7859 1
7860 0
7861 0
7862 0
7863 1
7864 1
7865 1
7866 0
7867 1
7868 1
7869 1
7870 1
7871 0
7872 1
7873 1
7874 0
7875 0
7876 1
7877 1
7878 1
7879 2
7880 0
7881 0
7882 1
7883 1
7884 1
7885 1
7886 1
7887 0
7888 1
7889 1
7890 0
7891 1
7892 1
7893 1
7894 1
7895 1
7896 1
7897 1
7898 1
7899 1
7900 0
7901 0
7902 1
7903 1
7904 1
7905 0
7906 1
7907 1
7908 0
7909 1
7910 1
7911 0
7912 0
7913 1
7914 1
7915 1
7916 2
7917 0
7918 0
7919 2
7920 1
7921 0
7922 1
7923 1
7924 0
7925 1
7926 2
7927 1
7928 1
7929 0
7930 0
7931 0
7932 1
7933 0
7934 1
7935 0
7936 0
7937 1
7938 0
7939 1
7940 1
7941 1
7942 1
7943 0
7944 1
7945 1
7946 1
7947 1
7948 2
7949 1
7950 1
7951 0
7952 0
7953 1
7954 0
7955 0
7956 1
7957 0
7958 0
7959 1
7960 1
7961 1
7962 1
7963 2
7964 0
7965 1
7966 2
7967 0
7968 0
7969 1
7970 1
7971 1
7972 1
7973 1
7974 1
7975 0
7976 1
7977 1
7978 0
7979 0
7980 1
7981 0
7982 1
7983 1
7984 2
7985 1
7986 1
7987 0
7988 1
7989 1
7990 1
7991 1
7992 1
7993 0
7994 0
7995 0
7996 1
7997 1
7998 2
7999 0
8000 1
8001 1
8002 0
8003 0
8004 1
8005 1
8006 0
8007 1
8008 1
8009 2
8010 0
8011 0
8012 2
8013 1
8014 0
8015 1
8016 1
8017 1
8018 1
8019 1
8020 1
8021 1
8022 1
8023 0
8024 0
8025 0
8026 0
8027 2
8028 0
8029 1
8030 1
8031 1
8032 1
8033 0
8034 0
8035 2
8036 0
8037 0
8038 0
8039 0
8040 0
8041 0
8042 0
8043 0
8044 0
8045 0
8046 0
8047 0
8048 0
8049 0
8050 0
8051 0
8052 0
8053 0
8054 1
8055 0
8056 0
8057 0
8058 0
8059 0
8060 0
8061 0
8062 1
8063 1
8064 1
8065 1
8066 1
8067 1
8068 0
8069 0
8070 0
8071 0
8072 0
8073 0
8074 0
8075 0
8076 1
8077 1
8078 1
8079 1
8080 2
8081 1
8082 1
8083 1
8084 0
8085 0
8086 2
8087 2
8088 1
8089 0
8090 1
8091 0
8092 1
8093 1
8094 1
8095 0
8096 0
8097 0
8098 0
8099 0
8100 0
8101 0
8102 0
8103 0
8104 1
8105 1
8106 0
8107 1
8108 1
8109 2
8110 1
8111 1
8112 1
8113 1
8114 2
8115 1
8116 0
8117 0
8118 0
8119 2
8120 1
8121 1
8122 1
8123 2
8124 1
8125 1
8126 1
8127 0
8128 0
8129 0
8130 0
8131 1
8132 1
8133 0
8134 1
8135 0
8136 1
8137 0
8138 1
8139 1
8140 2
8141 0
8142 1
8143 0
8144 1
8145 1
8146 0
8147 1
8148 1
8149 0
8150 1
8151 1
8152 1
8153 0
8154 2
8155 1
8156 1
8157 2
8158 1
8159 1
8160 1
8161 1
8162 1
8163 1
8164 0
8165 0
8166 1
8167 1
8168 1
8169 0
8170 1
8171 1
8172 1
8173 0
8174 1
8175 1
8176 1
8177 1
8178 2
8179 0
8180 0
8181 1
8182 1
8183 1
8184 0
8185 0
8186 1
8187 2
8188 1
8189 0
8190 0
8191 0
8192 1
8193 2
8194 0
8195 1
8196 1
8197 1
8198 1
8199 2
8200 0
8201 1
8202 1
8203 1
8204 0
8205 0
8206 0
8207 1
8208 1
8209 1
8210 0
8211 0
8212 1
8213 1
8214 1
8215 1
8216 0
8217 1
8218 1
8219 1
8220 1
8221 0
8222 0
8223 1
8224 1
8225 0
8226 1
8227 0
8228 1
8229 1
8230 0
8231 1
8232 0
8233 0
8234 0
8235 0
8236 2
8237 1
8238 0
8239 1
8240 1
8241 0
8242 1
8243 0
8244 1
8245 0
8246 0
8247 2
8248 1
8249 0
8250 1
8251 0
8252 1
8253 1
8254 0
8255 0
8256 0
8257 1
8258 0
8259 1
8260 0
8261 1
8262 1
8263 0
8264 1
8265 1
8266 1
8267 0
8268 0
8269 1
8270 1
8271 1
8272 0
8273 1
8274 0
8275 1
8276 0
8277 0
8278 1
8279 1
8280 1
8281 1
8282 0
8283 2
8284 1
8285 0
8286 1
8287 1
8288 0
8289 1
8290 1
8291 0
8292 1
8293 0
8294 1
8295 1
8296 1
8297 1
8298 0
8299 1
8300 1
8301 0
8302 0
8303 0
8304 0
8305 0
8306 1
8307 0
8308 1
8309 0
8310 1
8311 1
8312 2
8313 0
8314 1
8315 1
8316 1
8317 0
8318 1
8319 1
8320 0
8321 1
8322 1
8323 0
8324 1
8325 1
8326 0
8327 1
8328 1
8329 1
8330 1
8331 1
8332 0
8333 1
8334 1
8335 0
8336 1
8337 1
8338 0
8339 1
8340 1
8341 0
8342 1
8343 1
8344 1
8345 1
8346 1
8347 1
8348 1
8349 0
8350 0
8351 1
8352 1
8353 1
8354 0
8355 1
8356 1
8357 1
8358 1
8359 1
8360 1
8361 1
8362 1
8363 0
8364 1
8365 0
8366 0
8367 0
8368 1
8369 0
8370 1
8371 1
8372 1
8373 2
8374 0
8375 1
8376 0
8377 1
8378 1
8379 1
8380 1
8381 0
8382 0
8383 0
8384 1
8385 1
8386 0
8387 0
8388 1
8389 1
8390 0
8391 1
8392 1
8393 1
8394 1
8395 0
8396 1
8397 1
8398 1
8399 1
8400 1
8401 1
8402 2
8403 1
8404 1
8405 1
8406 2
8407 1
8408 1
8409 1
8410 1
8411 2
8412 0
8413 1
8414 1
8415 0
8416 1
8417 1
8418 1
8419 1
8420 0
8421 0
8422 0
8423 1
8424 0
8425 1
8426 0
8427 0
8428 1
8429 1
8430 1
8431 0
8432 1
8433 1
8434 1
8435 1
8436 1
8437 0
8438 0
8439 1
8440 1
8441 1
8442 1
8443 1
8444 1
8445 1
8446 1
8447 0
8448 1
8449 1
8450 0
8451 1
8452 1
8453 1
8454 1
8455 1
8456 1
8457 1
8458 1
8459 0
8460 1
8461 1
8462 0
8463 1
8464 0
8465 0
8466 1
8467 2
8468 0
8469 1
8470 0
8471 1
8472 1
8473 1
8474 0
8475 1
8476 1
8477 1
8478 1
8479 1
8480 0
8481 1
8482 1
8483 2
8484 0
8485 1
8486 0
8487 1
8488 0
8489 0
8490 1
8491 1
8492 0
8493 1
8494 0
8495 0
8496 1
8497 1
8498 1
8499 1
8500 0
8501 0
8502 1
8503 1
8504 1
8505 0
8506 0
8507 0
8508 1
8509 0
8510 1
8511 0
8512 1
8513 0
8514 1
8515 0
8516 0
8517 1
8518 1
8519 0
8520 1
8521 1
8522 2
8523 1
8524 0
8525 0
8526 2
8527 1
8528 0
8529 0
8530 1
8531 1
8532 0
8533 0
8534 1
8535 1
8536 0
8537 0
8538 2
8539 1
8540 1
8541 1
8542 1
8543 0
8544 1
8545 1
8546 1
8547 1
8548 1
8549 1
8550 1
8551 0
8552 1
8553 0
8554 1
8555 1
8556 1
8557 0
8558 1
8559 0
8560 1
8561 1
8562 1
8563 0
8564 0
8565 1
8566 0
8567 1
8568 0
8569 1
8570 0
8571 1
8572 1
8573 0
8574 1
8575 0
8576 0
8577 1
8578 2
8579 0
8580 0
8581 1
8582 1
8583 1
8584 0
8585 2
8586 1
8587 1
8588 1
8589 1
8590 0
8591 1
8592 1
8593 1
8594 0
8595 0
8596 1
8597 1
8598 0
8599 1
8600 1
8601 1
8602 0
8603 1
8604 0
8605 0
8606 0
8607 0
8608 1
8609 1
8610 0
8611 1
8612 1
8613 1
8614 1
8615 1
8616 0
8617 1
8618 1
8619 1
8620 1
8621 1
8622 1
8623 0
8624 0
8625 2
8626 1
8627 0
8628 1
8629 0
8630 0
8631 0
8632 1
8633 1
8634 0
8635 1
8636 1
8637 1
8638 1
8639 0
8640 0
8641 0
8642 1
8643 0
8644 1
8645 1
8646 1
8647 1
8648 0
8649 0
8650 0
8651 0
8652 1
8653 1
8654 1
8655 0
8656 1
8657 0
8658 1
8659 1
8660 0
8661 1
8662 1
8663 1
8664 1
8665 0
8666 1
8667 1
8668 1
8669 0
8670 2
8671 1
8672 0
8673 1
8674 1
8675 1
8676 1
8677 1
8678 0
8679 0
8680 1
8681 1
8682 0
8683 1
8684 0
8685 1
8686 1
8687 1
8688 1
8689 1
8690 1
8691 1
8692 0
8693 0
8694 1
8695 1
8696 1
8697 1
8698 1
8699 1
8700 1
8701 1
8702 1
8703 0
8704 0
8705 2
8706 1
8707 1
8708 1
8709 0
8710 1
8711 1
8712 1
8713 0
8714 1
8715 0
8716 0
8717 1
8718 2
8719 1
8720 1
8721 0
8722 0
8723 1
8724 1
8725 0
8726 2
8727 1
8728 0
8729 0
8730 0
8731 1
8732 1
8733 0
8734 1
8735 1
8736 2
8737 1
8738 1
8739 1
8740 1
8741 0
8742 0
8743 0
8744 1
8745 1
8746 1
8747 1
8748 1
8749 0
8750 1
8751 0
8752 1
8753 0
8754 0
8755 1
8756 1
8757 1
8758 1
8759 1
8760 1
8761 1
8762 0
8763 1
8764 0
8765 0
8766 1
8767 0
8768 1
8769 1
8770 1
8771 2
8772 0
8773 0
8774 0
8775 0
8776 0
8777 1
8778 1
8779 2
8780 1
8781 2
8782 1
8783 1
8784 1
8785 1
8786 1
8787 2
8788 1
8789 1
8790 1
8791 1
8792 1
8793 2
8794 1
8795 1
8796 1
8797 0
8798 1
8799 0
8800 0
8801 1
8802 0
8803 1
8804 0
8805 0
8806 1
8807 1
8808 0
8809 1
8810 1
8811 2
8812 1
8813 0
8814 0
8815 2
8816 0
8817 1
8818 1
8819 0
8820 1
8821 1
8822 1
8823 1
8824 1
8825 1
8826 1
8827 1
8828 0
8829 0
8830 0
8831 0
8832 0
8833 1
8834 1
8835 1
8836 0
8837 2
8838 1
8839 0
8840 1
8841 1
8842 0
8843 0
8844 1
8845 1
8846 0
8847 0
8848 1
8849 2
8850 0
8851 0
8852 0
8853 1
8854 1
8855 0
8856 1
8857 1
8858 1
8859 0
8860 1
8861 0
8862 1
8863 1
8864 0
8865 1
8866 0
8867 0
8868 0
8869 1
8870 1
8871 1
8872 1
8873 0
8874 0
8875 0
8876 1
8877 0
8878 1
8879 1
8880 1
8881 1
8882 1
8883 2
8884 1
8885 0
8886 1
8887 2
8888 0
8889 1
8890 0
8891 1
8892 0
8893 0
8894 0
8895 1
8896 1
8897 1
8898 0
8899 1
8900 1
8901 1
8902 1
8903 0
8904 1
8905 0
8906 0
8907 1
8908 0
8909 1
8910 1
8911 1
8912 1
8913 0
8914 1
8915 1
8916 1
8917 0
8918 1
8919 0
8920 0
8921 1
8922 1
8923 1
8924 1
8925 0
8926 1
8927 0
8928 1
8929 1
8930 1
8931 2
8932 0
8933 2
8934 1
8935 1
8936 1
8937 0
8938 1
8939 0
8940 1
8941 1
8942 0
8943 0
8944 1
8945 0
8946 1
8947 1
8948 1
8949 1
8950 1
8951 1
8952 0
8953 2
8954 1
8955 0
8956 2
8957 0
8958 1
8959 1
8960 1
8961 1
8962 1
8963 2
8964 1
8965 1
8966 1
8967 1
8968 0
8969 1
8970 1
8971 1
8972 1
8973 1
8974 1
8975 1
8976 1
8977 1
8978 0
8979 0
8980 1
8981 1
8982 1
8983 0
8984 2
8985 1
8986 0
8987 1
8988 0
8989 0
8990 1
8991 1
8992 1
8993 1
8994 1
8995 0
8996 0
8997 1
8998 0
8999 0
9000 1
9001 1
9002 0
9003 1
9004 1
9005 1
9006 1
9007 1
9008 1
9009 0
9010 0
9011 1
9012 0
9013 0
9014 1
9015 0
9016 1
9017 1
9018 1
9019 1
9020 1
9021 0
9022 0
9023 1
9024 1
9025 1
9026 0
9027 2
9028 1
9029 1
9030 0
9031 1
9032 0
9033 1
9034 1
9035 0
9036 2
9037 1
9038 1
9039 1
9040 1
9041 1
9042 0
9043 0
9044 1
9045 0
9046 2
9047 1
9048 0
9049 1
9050 2
9051 1
9052 1
9053 0
9054 0
9055 1
9056 1
9057 1
9058 1
9059 2
9060 0
9061 0
9062 0
9063 0
9064 0
9065 1
9066 1
9067 0
9068 1
9069 0
9070 0
9071 1
9072 0
9073 0
9074 1
9075 1
9076 1
9077 0
9078 1
9079 0
9080 0
9081 1
9082 0
9083 1
9084 1
9085 1
9086 1
9087 1
9088 0
9089 1
9090 0
9091 0
9092 0
9093 0
9094 0
9095 0
9096 0
9097 0
9098 0
9099 0
9100 0
9101 0
9102 1
9103 0
9104 0
9105 0
9106 1
9107 1
9108 0
9109 1
9110 0
9111 0
9112 1
9113 1
9114 0
9115 1
9116 1
9117 1
9118 1
9119 0
9120 0
9121 1
9122 0
9123 0
9124 0
9125 1
9126 1
9127 0
9128 1
9129 0
9130 0
9131 1
9132 1
9133 0
9134 0
9135 1
9136 1
9137 0
9138 0
9139 1
9140 0
9141 1
9142 1
9143 0
9144 0
9145 1
9146 0
9147 1
9148 2
9149 1
9150 1
9151 1
9152 0
9153 1
9154 1
9155 1
9156 1
9157 0
9158 1
9159 1
9160 0
9161 2
9162 0
9163 1
9164 1
9165 1
9166 0
9167 1
9168 1
9169 0
9170 0
9171 1
9172 1
9173 0
9174 1
9175 1
9176 0
9177 0
9178 0
9179 2
9180 0
9181 2
9182 1
9183 1
9184 0
9185 0
9186 0
9187 1
9188 0
9189 0
9190 1
9191 1
9192 1
9193 2
9194 0
9195 1
9196 1
9197 1
9198 1
9199 1
9200 1
9201 1
9202 2
9203 1
9204 1
9205 1
9206 1
9207 2
9208 1
9209 0
9210 1
9211 1
9212 1
9213 1
9214 1
9215 0
9216 1
9217 0
9218 0
9219 0
9220 1
9221 0
9222 2
9223 1
9224 1
9225 0
9226 1
9227 1
9228 1
9229 1
9230 1
9231 1
9232 0
9233 1
9234 1
9235 1
9236 0
9237 1
9238 1
9239 0
9240 1
9241 0
9242 1
9243 1
9244 1
9245 0
9246 1
9247 1
9248 0
9249 1
9250 1
9251 1
9252 1
9253 1
9254 0
9255 1
9256 1
9257 0
9258 1
9259 1
9260 1
9261 1
9262 1
9263 1
9264 0
9265 1
9266 1
9267 0
9268 0
9269 1
9270 0
9271 2
9272 1
9273 1
9274 1
9275 1
9276 1
9277 1
9278 0
9279 1
9280 0
9281 1
9282 0
9283 0
9284 0
9285 0
9286 1
9287 0
9288 0
9289 1
9290 0
9291 0
9292 0
9293 1
9294 0
9295 1
9296 2
9297 1
9298 1
9299 0
9300 1
9301 1
9302 0
9303 0
9304 0
9305 1
9306 1
9307 0
9308 1
9309 0
9310 1
9311 1
9312 1
9313 1
9314 0
9315 0
9316 0
9317 0
9318 2
9319 1
9320 1
9321 0
9322 2
9323 2
9324 0
9325 1
9326 1
9327 1
9328 0
9329 0
9330 0
9331 0
9332 0
9333 1
9334 1
9335 1
9336 1
9337 2
9338 1
9339 1
9340 0
9341 1
9342 0
9343 1
9344 1
9345 1
9346 0
9347 1
9348 1
9349 0
9350 0
9351 1
9352 1
9353 1
9354 1
9355 1
9356 1
9357 1
9358 2
9359 1
9360 1
9361 0
9362 1
9363 1
9364 0
9365 1
9366 0
9367 1
9368 1
9369 1
9370 0
9371 1
9372 1
9373 0
9374 0
9375 1
9376 1
9377 1
9378 1
9379 1
9380 2
9381 2
9382 2
9383 2
9384 1
9385 1
9386 1
9387 0
9388 1
9389 1
9390 1
9391 0
9392 2
9393 1
9394 0
9395 1
9396 1
9397 1
9398 0
9399 1
9400 1
9401 1
9402 0
9403 1
9404 1
9405 1
9406 0
9407 0
9408 1
9409 1
9410 0
9411 1
9412 1
9413 1
9414 2
9415 0
9416 1
9417 1
9418 0
9419 1
9420 1
9421 1
9422 0
9423 1
9424 1
9425 0
9426 0
9427 1
9428 0
9429 0
9430 0
9431 1
9432 0
9433 1
9434 0
9435 0
9436 0
9437 1
9438 1
9439 1
9440 1
9441 0
9442 1
9443 1
9444 1
9445 1
9446 1
9447 0
9448 0
9449 0
9450 1
9451 1
9452 1
9453 1
9454 1
9455 0
9456 0
9457 0
9458 1
9459 0
9460 0
9461 1
9462 1
9463 1
9464 1
9465 1
9466 1
9467 1
9468 1
9469 1
9470 1
9471 1
9472 0
9473 0
9474 1
9475 1
9476 1
9477 1
9478 0
9479 0
9480 1
9481 0
9482 2
9483 0
9484 1
9485 1
9486 1
9487 2
9488 0
9489 1
9490 1
9491 0
9492 2
9493 0
9494 0
9495 1
9496 1
9497 1
9498 1
9499 0
9500 1
9501 1
9502 0
9503 1
9504 1
9505 1
9506 1
9507 0
9508 1
9509 0
9510 1
9511 1
9512 1
9513 1
9514 1
9515 1
9516 1
9517 1
9518 0
9519 1
9520 1
9521 2
9522 0
9523 0
9524 1
9525 0
9526 1
9527 0
9528 0
9529 0
9530 1
9531 1
9532 2
9533 1
9534 0
9535 1
9536 1
9537 0
9538 0
9539 1
9540 0
9541 2
9542 0
9543 0
9544 1
9545 1
9546 1
9547 1
9548 0
9549 1
9550 0
9551 1
9552 0
9553 1
9554 1
9555 1
9556 0
9557 0
9558 0
9559 0
9560 1
9561 0
9562 1
9563 0
9564 0
9565 1
9566 0
9567 0
9568 1
9569 0
9570 0
9571 0
9572 0
9573 1
9574 0
9575 1
9576 1
9577 1
9578 0
9579 2
9580 1
9581 1
9582 1
9583 0
9584 1
9585 0
9586 1
9587 1
9588 1
9589 1
9590 2
9591 2
9592 2
9593 1
9594 1
9595 2
9596 1
9597 1
9598 1
9599 0
9600 1
9601 1
9602 0
9603 0
9604 0
9605 0
9606 1
9607 0
9608 0
9609 1
9610 0
9611 0
9612 0
9613 0
9614 2
9615 1
9616 2
9617 1
9618 1
9619 1
9620 1
9621 1
9622 1
9623 0
9624 1
9625 0
9626 1
9627 1
9628 2
9629 0
9630 1
9631 1
9632 0
9633 1
9634 1
9635 1
9636 0
9637 1
9638 1
9639 0
9640 0
9641 1
9642 1
9643 1
9644 1
9645 1
9646 0
9647 1
9648 0
9649 1
9650 0
9651 0
9652 1
9653 1
9654 1
9655 0
9656 1
9657 0
9658 0
9659 2
9660 1
9661 1
9662 1
9663 1
9664 1
9665 1
9666 1
9667 1
9668 1
9669 0
9670 1
9671 1
9672 2
9673 1
9674 1
9675 1
9676 0
9677 0
9678 0
9679 0
9680 0
9681 1
9682 1
9683 1
9684 1
9685 0
9686 1
9687 0
9688 1
9689 1
9690 1
9691 1
9692 0
9693 2
9694 0
9695 1
9696 0
9697 0
9698 1
9699 0
9700 1
9701 1
9702 1
9703 1
9704 1
9705 1
9706 1
9707 1
9708 1
9709 1
9710 1
9711 1
9712 1
9713 2
9714 0
9715 0
9716 1
9717 0
9718 0
9719 1
9720 1
9721 2
9722 1
9723 1
9724 1
9725 1
9726 1
9727 1
9728 1
9729 1
9730 1
9731 1
9732 1
9733 1
9734 1
9735 1
9736 0
9737 1
9738 0
9739 1
9740 1
9741 2
9742 1
9743 1
9744 1
9745 0
9746 2
9747 1
9748 1
9749 0
9750 0
9751 0
9752 1
9753 0
9754 1
9755 1
9756 1
9757 0
9758 1
9759 0
9760 0
9761 0
9762 1
9763 0
9764 1
9765 2
9766 0
9767 1
9768 0
9769 1
9770 0
9771 0
9772 1
9773 1
9774 1
9775 0
9776 2
9777 2
9778 1
9779 1
9780 0
9781 1
9782 0
9783 1
9784 1
9785 1
9786 1
9787 1
9788 1
9789 1
9790 1
9791 1
9792 1
9793 1
9794 0
9795 2
9796 1
9797 0
9798 1
9799 0
9800 0
9801 1
9802 1
9803 1
9804 1
9805 0
9806 0
9807 1
9808 0
9809 2
9810 1
9811 1
9812 1
9813 1
9814 0
9815 1
9816 0
9817 1
9818 0
9819 0
9820 0
9821 1
9822 0
9823 1
9824 1
9825 0
9826 1
9827 0
9828 0
9829 2
9830 1
9831 1
9832 1
9833 0
9834 1
9835 0
9836 2
9837 1
9838 1
9839 1
9840 1
9841 1
9842 1
9843 1
9844 0
9845 2
9846 1
9847 1
9848 0
9849 0
9850 1
9851 1
9852 1
9853 1
9854 1
9855 1
9856 1
9857 1
9858 1
9859 0
9860 0
9861 2
9862 0
9863 1
9864 1
9865 0
9866 2
9867 1
9868 0
9869 1
9870 1
9871 1
9872 1
9873 0
9874 1
9875 1
9876 0
9877 1
9878 1
9879 0
9880 1
9881 1
9882 1
9883 0
9884 1
9885 0
9886 0
9887 1
9888 1
9889 1
9890 1
9891 1
9892 1
9893 2
9894 1
9895 1
9896 1
9897 0
9898 1
9899 1
9900 2
9901 0
9902 0
9903 1
9904 1
9905 1
9906 1
9907 1
9908 1
9909 1
9910 1
9911 1
9912 1
9913 0
9914 1
9915 1
9916 0
9917 0
9918 1
9919 2
9920 1
9921 1
9922 2
9923 2
9924 1
9925 0
9926 0
9927 1
9928 2
9929 1
9930 1
9931 0
9932 0
9933 1
9934 0
9935 1
9936 0
9937 1
9938 1
9939 1
9940 0
9941 0
9942 1
9943 1
9944 1
9945 1
9946 0
9947 0
9948 2
9949 1
9950 0
9951 2
9952 1
9953 1
9954 0
9955 0
9956 1
9957 1
9958 1
9959 1
9960 0
9961 1
9962 1
9963 0
9964 0
9965 1
9966 0
9967 1
9968 1
9969 1
9970 0
9971 1
9972 0
9973 1
9974 1
9975 0
9976 1
9977 1
9978 1
9979 0
9980 2
9981 0
9982 2
9983 1
9984 1
9985 0
9986 0
9987 1
9988 1
9989 1
9990 1
9991 1
9992 1
9993 1
9994 1
9995 1
9996 0
9997 1
9998 1
9999 1
10000 1
10001 1
