1 2
2 1
3 2
4 0
5 1
6 2
7 0
8 1
9 1
10 1
11 1
12 1
13 2
14 0
15 0
16 1
17 1
18 1
19 1
20 0
21 0
22 1
23 0
24 1
25 0
26 1
27 0
28 1
29 1
30 1
31 0
32 1
33 1
34 0
35 1
36 1
37 0
38 1
39 0
40 1
41 1
42 0
43 1
44 1
45 1
46 1
47 0
48 1
49 0
50 1
51 1
52 1
53 1
54 1
55 1
56 1
57 0
58 1
59 0
60 0
61 1
62 0
63 1
64 0
65 0
66 0
67 0
68 1
69 1
70 1
71 1
72 0
73 1
74 1
75 1
76 1
77 0
78 0
79 1
80 0
81 1
82 0
83 1
84 1
85 0
86 0
87 1
88 1
89 1
90 1
91 0
92 0
93 1
94 0
95 0
96 1
97 1
98 1
99 1
100 0
101 0
102 1
103 0
104 0
105 1
106 1
107 1
108 0
109 1
110 1
111 1
112 0
113 1
114 0
115 0
116 0
117 1
118 1
119 1
120 1
121 1
122 2
123 0
124 0
125 1
126 1
127 1
128 1
129 1
130 0
131 0
132 1
133 0
134 0
135 1
136 0
137 2
138 1
139 1
140 1
141 0
142 1
143 0
144 2
145 1
146 1
147 1
148 1
149 1
150 0
151 1
152 1
153 0
154 1
155 1
156 0
157 0
158 1
159 1
160 1
161 1
162 1
163 1
164 1
165 1
166 1
167 1
168 1
169 0
170 1
171 1
172 1
173 1
174 0
175 1
176 1
177 0
178 1
179 1
180 1
181 0
182 1
183 0
184 0
185 0
186 0
187 0
188 0
189 0
190 0
191 0
192 1
193 1
194 0
195 0
196 1
197 0
198 1
199 0
200 1
201 0
202 1
203 1
204 1
205 1
206 0
207 0
208 0
209 1
210 0
211 0
212 1
213 0
214 1
215 0
216 0
217 0
218 1
219 0
220 0
221 0
222 0
223 0
224 0
225 0
226 0
227 0
228 0
229 1
230 0
231 0
232 1
233 0
234 0
235 0
236 1
237 1
238 1
239 1
240 1
241 0
242 0
243 1
244 1
245 1
246 1
247 1
248 2
249 0
250 1
251 1
252 0
253 1
254 1
255 0
256 0
257 0
258 1
259 1
260 1
261 1
262 0
263 0
264 0
265 0
266 1
267 0
268 1
269 0
270 0
271 1
272 1
273 0
274 1
275 1
276 1
277 0
278 1
279 1
280 1
281 1
282 1
283 1
284 1
285 1
286 1
287 2
288 1
289 1
290 1
291 1
292 1
293 2
294 1
295 1
296 1
297 1
298 1
299 1
300 1
301 1
302 1
303 1
304 2
305 1
306 1
307 0
308 0
309 2
310 1
311 0
312 1
313 1
314 1
315 1
316 0
317 1
318 1
319 1
320 1
321 1
322 0
323 1
324 1
325 1
326 1
327 1
328 2
329 2
330 2
331 1
332 1
333 1
334 1
335 0
336 1
337 1
338 2
339 1
340 1
341 1
342 0
343 1
344 0
345 1
346 1
347 0
348 0
349 0
350 0
351 0
352 0
353 0
354 0
355 0
356 0
357 0
358 0
359 0
360 0
361 0
362 0
363 1
364 1
365 1
366 0
367 0
368 0
369 0
370 0
371 0
372 0
373 1
374 0
375 0
376 0
377 1
378 0
379 0
380 0
381 1
382 0
383 1
384 0
385 0
386 0
387 0
388 0
389 1
390 1
391 1
392 0
393 0
394 1
395 0
396 1
397 0
398 0
399 1
400 1
401 0
402 0
403 0
404 0
405 0
406 1
407 0
408 0
409 0
410 0
411 0
412 0
413 0
414 0
415 0
416 0
417 0
418 0
419 0
420 1
421 0
422 1
423 1
424 0
425 0
426 0
427 0
428 1
429 0
430 1
431 0
432 1
433 0
434 0
435 0
436 0
437 0
438 0
439 1
440 0
441 0
442 1
443 0
444 0
445 1
446 0
447 1
448 0
449 0
450 1
451 0
452 0
453 0
454 0
455 0
456 0
457 0
458 0
459 0
460 0
461 0
462 1
463 0
464 1
465 1
466 1
467 1
468 0
469 0
470 0
471 1
472 1
473 0
474 1
475 0
476 0
477 1
478 0
479 0
480 0
481 0
482 1
483 0
484 0
485 0
486 0
487 0
488 1
489 0
490 0
491 1
492 1
493 0
494 1
495 0
496 0
497 1
498 0
499 0
500 0
501 0
502 0
503 1
504 0
505 0
506 1
507 0
508 0
509 1
510 1
511 0
512 0
513 0
514 0
515 1
516 0
517 0
518 0
519 0
520 0
521 1
522 1
523 0
524 0
525 0
526 0
527 0
528 1
529 0
530 0
531 0
532 0
533 0
534 1
535 1
536 1
537 0
538 0
539 0
540 0
541 0
542 0
543 1
544 0
545 0
546 0
547 1
548 0
549 0
550 0
551 0
552 0
553 0
554 0
555 1
556 0
557 0
558 0
559 0
560 1
561 0
562 0
563 0
564 0
565 1
566 0
567 1
568 0
569 0
570 0
571 0
572 0
573 0
574 0
575 1
576 1
577 1
578 0
579 0
580 0
581 1
582 1
583 0
584 0
585 1
586 1
587 0
588 1
589 0
590 0
591 0
592 0
593 1
594 0
595 0
596 1
597 0
598 1
599 1
600 1
601 0
602 0
603 0
604 0
605 0
606 1
607 1
608 1
609 0
610 0
611 0
612 1
613 1
614 1
615 1
616 1
617 1
618 1
619 1
620 1
621 1
622 1
623 0
624 1
625 1
626 0
627 0
628 0
629 1
630 0
631 0
632 0
633 0
634 1
635 1
636 1
637 1
638 0
639 1
640 0
641 1
642 1
643 1
644 1
645 1
646 1
647 2
648 1
649 0
650 1
651 1
652 0
653 1
654 1
655 1
656 1
657 1
658 1
659 2
660 2
661 0
662 1
663 0
664 1
665 1
666 2
667 1
668 1
669 1
670 0
671 1
672 0
673 0
674 0
675 1
676 2
677 0
678 1
679 1
680 1
681 0
682 1
683 1
684 0
685 1
686 1
687 0
688 1
689 0
690 2
691 1
692 1
693 1
694 0
695 0
696 1
697 1
698 1
699 1
700 1
701 2
702 0
703 0
704 0
705 1
706 1
707 0
708 2
709 1
710 0
711 0
712 2
713 0
714 1
715 2
716 1
717 0
718 1
719 1
720 0
721 1
722 1
723 1
724 1
725 1
726 1
727 1
728 1
729 1
730 1
731 1
732 1
733 1
734 0
735 0
736 0
737 0
738 0
739 0
740 0
741 1
742 1
743 1
744 0
745 0
746 1
747 0
748 0
749 0
750 1
751 0
752 0
753 0
754 1
755 1
756 1
757 1
758 0
759 2
760 1
761 1
762 1
763 0
764 0
765 1
766 0
767 0
768 0
769 0
770 0
771 1
772 0
773 1
774 0
775 0
776 1
777 0
778 1
779 1
780 0
781 1
782 0
783 0
784 1
785 0
786 1
787 0
788 0
789 1
790 1
791 0
792 1
793 0
794 0
795 1
796 1
797 0
798 0
799 1
800 1
801 0
802 1
803 1
804 1
805 1
806 1
807 1
808 1
809 0
810 1
811 1
812 1
813 0
814 1
815 1
816 1
817 1
818 0
819 1
820 2
821 0
822 1
823 1
824 1
825 1
826 1
827 1
828 1
829 0
830 1
831 1
832 1
833 0
834 1
835 2
836 1
837 1
838 2
839 0
840 1
841 1
842 2
843 2
844 1
845 2
846 2
847 1
848 2
849 0
850 1
851 1
852 1
853 0
854 1
855 0
856 1
857 1
858 2
859 1
860 1
861 1
862 1
863 1
864 1
865 1
866 1
867 0
868 1
869 0
870 2
871 1
872 1
873 1
874 0
875 0
876 1
877 1
878 1
879 0
880 0
881 1
882 1
883 1
884 0
885 1
886 1
887 1
888 1
889 1
890 1
891 1
892 1
893 0
894 1
895 1
896 0
897 1
898 0
899 0
900 1
901 1
902 1
903 1
904 1
905 0
906 1
907 0
908 0
909 0
910 1
911 1
912 1
913 1
914 1
915 1
916 0
917 1
918 0
919 1
920 1
921 1
922 0
923 1
924 1
925 1
926 1
927 1
928 1
929 1
930 1
931 1
932 1
933 2
934 0
935 1
936 0
937 1
938 1
939 0
940 0
941 0
942 0
943 0
944 0
945 0
946 0
947 1
948 0
949 0
950 0
951 1
952 0
953 0
954 0
955 1
956 1
957 0
958 1
959 1
960 1
961 1
962 1
963 1
964 1
965 1
966 1
967 2
968 2
969 2
970 1
971 1
972 0
973 1
974 1
975 0
976 0
977 1
978 1
979 1
980 1
981 1
982 0
983 1
984 0
985 1
986 1
987 0
988 1
989 1
990 0
991 1
992 1
993 0
994 1
995 0
996 0
997 1
998 1
999 1
1000 1
1001 0
1002 1
1003 1
1004 1
1005 0
1006 0
1007 0
1008 0
1009 0
1010 1
1011 0
1012 1
1013 1
1014 1
1015 1
1016 0
1017 0
1018 0
1019 1
1020 1
1021 0
1022 1
1023 1
1024 0
1025 0
1026 1
1027 1
1028 0
1029 1
1030 0
1031 1
1032 1
1033 1
1034 1
1035 1
1036 1
1037 1
1038 1
1039 0
1040 1
1041 1
1042 0
1043 1
1044 1
1045 0
1046 0
1047 0
1048 0
1049 0
1050 1
1051 0
1052 1
1053 1
1054 2
1055 1
1056 1
1057 0
1058 0
1059 1
1060 1
1061 0
1062 0
1063 1
1064 1
1065 0
1066 1
1067 1
1068 1
1069 0
1070 1
1071 0
1072 1
1073 1
1074 0
1075 0
1076 0
1077 1
1078 1
1079 1
1080 0
1081 1
1082 1
1083 1
1084 1
1085 0
1086 1
1087 2
1088 1
1089 1
1090 1
1091 1
1092 0
1093 1
1094 1
1095 1
1096 1
1097 1
1098 1
1099 1
1100 2
1101 1
1102 1
1103 1
1104 1
1105 0
1106 1
1107 1
1108 1
1109 1
1110 0
1111 0
1112 0
1113 0
1114 1
1115 0
1116 0
1117 1
1118 0
1119 0
1120 1
1121 0
1122 0
1123 1
1124 0
1125 1
1126 1
1127 1
1128 0
1129 0
1130 0
1131 1
1132 1
1133 1
1134 1
1135 1
1136 1
1137 0
1138 0
1139 1
1140 0
1141 0
1142 0
1143 0
1144 1
1145 1
1146 0
1147 1
1148 1
1149 1
1150 1
1151 0
1152 1
1153 1
1154 1
1155 0
1156 0
1157 1
1158 1
1159 1
1160 1
1161 0
1162 0
1163 1
1164 1
1165 1
1166 1
1167 1
1168 0
1169 1
1170 1
1171 1
1172 1
1173 0
1174 1
1175 0
1176 1
1177 1
1178 0
1179 1
1180 1
1181 1
1182 1
1183 0
1184 1
1185 0
1186 2
1187 1
1188 1
1189 0
1190 1
1191 1
1192 0
1193 1
1194 1
1195 1
1196 1
1197 2
1198 1
1199 1
1200 2
1201 1
1202 1
1203 1
1204 1
1205 1
1206 0
1207 1
1208 1
1209 1
1210 1
1211 2
1212 0
1213 0
1214 1
1215 2
1216 2
1217 1
1218 1
1219 0
1220 1
1221 1
1222 1
1223 0
1224 2
1225 1
1226 2
1227 0
1228 2
1229 1
1230 0
1231 1
1232 1
1233 0
1234 1
1235 1
1236 1
1237 0
1238 1
1239 2
1240 0
1241 1
1242 1
1243 0
1244 2
1245 1
1246 1
1247 1
1248 0
1249 1
1250 1
1251 2
1252 1
1253 1
1254 1
1255 0
1256 1
1257 1
1258 1
1259 0
1260 2
1261 1
1262 1
1263 2
1264 0
1265 0
1266 1
1267 0
1268 1
1269 1
1270 0
1271 1
1272 2
1273 0
1274 2
1275 1
1276 0
1277 1
1278 1
1279 1
1280 1
1281 1
1282 0
1283 2
1284 1
1285 1
1286 1
1287 1
1288 1
1289 1
1290 2
1291 1
1292 0
1293 0
1294 0
1295 0
1296 0
1297 1
1298 0
1299 0
1300 1
1301 0
1302 0
1303 0
1304 2
1305 1
1306 0
1307 2
1308 0
1309 1
1310 1
1311 1
1312 1
1313 1
1314 2
1315 0
1316 0
1317 1
1318 1
1319 1
1320 1
1321 0
1322 1
1323 0
1324 1
1325 2
1326 2
1327 1
1328 1
1329 0
1330 0
1331 1
1332 1
1333 0
1334 1
1335 1
1336 1
1337 2
1338 0
1339 1
1340 1
1341 0
1342 0
1343 1
1344 1
1345 1
1346 1
1347 0
1348 1
1349 1
1350 1
1351 1
1352 1
1353 1
1354 1
1355 1
1356 1
1357 1
1358 0
1359 0
1360 1
1361 1
1362 1
1363 1
1364 2
1365 1
1366 1
1367 1
1368 1
1369 0
1370 1
1371 1
1372 0
1373 2
1374 2
1375 1
1376 1
1377 1
1378 2
1379 2
1380 1
1381 1
1382 1
1383 2
1384 1
1385 1
1386 1
1387 1
1388 1
1389 0
1390 0
1391 1
1392 1
1393 1
1394 0
1395 1
1396 1
1397 0
1398 0
1399 1
1400 2
1401 2
1402 0
1403 0
1404 2
1405 1
1406 1
1407 1
1408 1
1409 1
1410 1
1411 0
1412 1
1413 1
1414 0
1415 1
1416 0
1417 1
1418 1
1419 1
1420 1
1421 0
1422 1
1423 0
1424 1
1425 1
1426 1
1427 1
1428 2
1429 1
1430 2
1431 1
1432 1
1433 0
1434 1
1435 1
1436 1
1437 2
1438 1
1439 1
1440 2
1441 1
1442 2
1443 1
1444 0
1445 0
1446 1
1447 1
1448 0
1449 0
1450 1
1451 2
1452 2
1453 1
1454 1
1455 1
1456 2
1457 1
1458 1
1459 1
1460 0
1461 1
1462 1
1463 0
1464 0
1465 1
1466 0
1467 0
1468 0
1469 1
1470 1
1471 1
1472 1
1473 1
1474 2
1475 1
1476 1
1477 0
1478 1
1479 1
1480 1
1481 1
1482 0
1483 0
1484 1
1485 0
1486 1
1487 0
1488 1
1489 2
1490 1
1491 2
1492 0
1493 1
1494 1
1495 0
1496 1
1497 2
1498 1
1499 0
1500 1
1501 1
1502 0
1503 1
1504 2
1505 1
1506 2
1507 1
1508 1
1509 0
1510 1
1511 1
1512 1
1513 1
1514 1
1515 1
1516 0
1517 1
1518 2
1519 1
1520 0
1521 1
1522 0
1523 1
1524 0
1525 1
1526 1
1527 1
1528 1
1529 1
1530 1
1531 1
1532 1
1533 2
1534 1
1535 1
1536 1
1537 1
1538 2
1539 0
1540 1
1541 2
1542 0
1543 1
1544 2
1545 0
1546 1
1547 1
1548 1
1549 1
1550 1
1551 0
1552 1
1553 1
1554 1
1555 0
1556 0
1557 1
1558 1
1559 0
1560 0
1561 1
1562 1
1563 0
1564 2
1565 1
1566 1
1567 1
1568 1
1569 1
1570 1
1571 1
1572 1
1573 0
1574 0
1575 0
1576 1
1577 0
1578 0
1579 0
1580 1
1581 1
1582 0
1583 0
1584 1
1585 2
1586 1
1587 1
1588 0
1589 1
1590 1
1591 0
1592 1
1593 1
1594 0
1595 0
1596 1
1597 1
1598 2
1599 1
1600 1
1601 0
1602 1
1603 0
1604 1
1605 1
1606 1
1607 0
1608 0
1609 1
1610 0
1611 1
1612 1
1613 1
1614 0
1615 2
1616 1
1617 1
1618 1
1619 2
1620 0
1621 0
1622 0
1623 2
1624 2
1625 0
1626 0
1627 0
1628 0
1629 0
1630 2
1631 0
1632 1
1633 0
1634 1
1635 1
1636 1
1637 0
1638 1
1639 2
1640 2
1641 1
1642 1
1643 2
1644 1
1645 1
1646 1
1647 0
1648 1
1649 1
1650 1
1651 2
1652 0
1653 1
1654 0
1655 3
1656 2
1657 1
1658 1
1659 0
1660 1
1661 1
1662 1
1663 1
1664 0
1665 0
1666 1
1667 0
1668 0
1669 0
1670 0
1671 1
1672 1
1673 1
1674 2
1675 1
1676 1
1677 1
1678 0
1679 1
1680 0
1681 1
1682 1
1683 1
1684 1
1685 1
1686 1
1687 0
1688 1
1689 0
1690 1
1691 0
1692 1
1693 1
1694 1
1695 0
1696 2
1697 1
1698 0
1699 2
1700 0
1701 1
1702 1
1703 1
1704 1
1705 0
1706 1
1707 0
1708 1
1709 1
1710 1
1711 1
1712 1
1713 1
1714 0
1715 0
1716 2
1717 2
1718 2
1719 1
1720 1
1721 1
1722 0
1723 1
1724 1
1725 1
1726 0
1727 1
1728 1
1729 2
1730 0
1731 1
1732 1
1733 1
1734 0
1735 1
1736 0
1737 1
1738 1
1739 1
1740 1
1741 0
1742 1
1743 1
1744 2
1745 0
1746 1
1747 1
1748 1
1749 0
1750 1
1751 1
1752 0
1753 1
1754 2
1755 1
1756 1
1757 0
1758 0
1759 0
1760 1
1761 1
1762 1
1763 1
1764 0
1765 1
1766 1
1767 1
1768 1
1769 1
1770 1
1771 2
1772 1
1773 2
1774 1
1775 0
1776 1
1777 1
1778 2
1779 2
1780 1
1781 0
1782 0
1783 0
1784 2
1785 0
1786 0
1787 1
1788 0
1789 2
1790 1
1791 1
1792 1
1793 0
1794 0
1795 2
1796 1
1797 1
1798 1
1799 1
1800 1
1801 2
1802 0
1803 1
1804 0
1805 0
1806 1
1807 1
1808 1
1809 0
1810 1
1811 0
1812 0
1813 1
1814 1
1815 1
1816 0
1817 2
1818 1
1819 0
1820 1
1821 0
1822 0
1823 1
1824 0
1825 1
1826 0
1827 2
1828 1
1829 1
1830 1
1831 1
1832 0
1833 1
1834 1
1835 0
1836 1
1837 1
1838 1
1839 0
1840 1
1841 1
1842 1
1843 0
1844 1
1845 0
1846 0
1847 1
1848 0
1849 0
1850 1
1851 0
1852 0
1853 1
1854 1
1855 2
1856 1
1857 1
1858 1
1859 1
1860 1
1861 1
1862 1
1863 1
1864 0
1865 0
1866 1
1867 0
1868 0
1869 1
1870 1
1871 1
1872 2
1873 0
1874 1
1875 1
1876 1
1877 1
1878 1
1879 1
1880 0
1881 2
1882 0
1883 1
1884 0
1885 2
1886 1
1887 1
1888 1
1889 2
1890 0
1891 2
1892 0
1893 1
1894 1
1895 1
1896 2
1897 1
1898 0
1899 0
1900 1
1901 1
1902 1
1903 0
1904 1
1905 1
1906 1
1907 1
1908 0
1909 1
1910 1
1911 1
1912 1
1913 0
1914 1
1915 0
1916 0
1917 1
1918 1
1919 0
1920 0
1921 1
1922 0
1923 1
1924 1
1925 0
1926 0
1927 0
1928 0
1929 0
1930 0
1931 0
1932 0
1933 0
1934 0
1935 0
1936 0
1937 0
1938 0
1939 0
1940 0
1941 0
1942 0
1943 0
1944 0
1945 0
1946 0
1947 0
1948 0
1949 0
1950 0
1951 0
1952 0
1953 0
1954 0
1955 0
1956 0
1957 1
1958 1
1959 1
1960 0
1961 0
1962 1
1963 1
1964 1
1965 1
1966 0
1967 2
1968 1
1969 0
1970 0
1971 1
1972 1
1973 0
1974 0
1975 1
1976 1
1977 1
1978 2
1979 1
1980 1
1981 0
1982 1
1983 0
1984 1
1985 0
1986 1
1987 2
1988 2
1989 2
1990 0
1991 2
1992 1
1993 1
1994 2
1995 1
1996 1
1997 1
1998 1
1999 1
2000 1
2001 2
2002 0
2003 0
2004 2
2005 1
2006 1
2007 0
2008 1
2009 1
2010 1
2011 1
2012 1
2013 1
2014 0
2015 1
2016 1
2017 1
2018 1
2019 0
2020 0
2021 1
2022 2
2023 0
2024 2
2025 1
2026 1
2027 1
2028 1
2029 1
2030 0
2031 0
2032 0
2033 1
2034 0
2035 1
2036 0
2037 0
2038 1
2039 1
2040 0
2041 1
2042 0
2043 0
2044 1
2045 0
2046 1
2047 1
2048 0
2049 1
2050 1
2051 1
2052 1
2053 2
2054 1
2055 2
2056 1
2057 1
2058 1
2059 0
2060 0
2061 2
2062 0
2063 0
2064 0
2065 0
2066 0
2067 1
2068 1
2069 0
2070 0
2071 1
2072 1
2073 1
2074 1
2075 2
2076 0
2077 1
2078 2
2079 1
2080 1
2081 1
2082 1
2083 0
2084 1
2085 0
2086 1
2087 0
2088 1
2089 1
2090 1
2091 1
2092 1
2093 1
2094 1
2095 1
2096 1
2097 0
2098 1
2099 0
2100 1
2101 1
2102 1
2103 2
2104 1
2105 1
2106 2
2107 1
2108 1
2109 1
2110 0
2111 0
2112 0
2113 0
2114 0
2115 1
2116 0
2117 1
2118 0
2119 2
2120 0
2121 1
2122 0
2123 1
2124 1
2125 1
2126 0
2127 1
2128 2
2129 1
2130 1
2131 1
2132 0
2133 1
2134 1
2135 0
2136 2
2137 0
2138 0
2139 1
2140 0
2141 0
2142 0
2143 1
2144 0
2145 1
2146 1
2147 1
2148 1
2149 2
2150 2
2151 1
2152 2
2153 1
2154 2
2155 2
2156 0
2157 1
2158 1
2159 1
2160 1
2161 0
2162 1
2163 2
2164 1
2165 0
2166 0
2167 0
2168 0
2169 0
2170 0
2171 0
2172 0
2173 0
2174 0
2175 1
2176 1
2177 2
2178 1
2179 1
2180 0
2181 0
2182 0
2183 0
2184 0
2185 0
2186 0
2187 0
2188 0
2189 0
2190 0
2191 0
2192 0
2193 0
2194 0
2195 0
2196 0
2197 0
2198 0
2199 0
2200 0
2201 0
2202 0
2203 0
2204 0
2205 0
2206 0
2207 0
2208 0
2209 0
2210 0
2211 0
2212 0
2213 0
2214 0
2215 0
2216 0
2217 0
2218 0
2219 0
2220 0
2221 0
2222 1
2223 1
2224 1
2225 1
2226 1
2227 1
2228 0
2229 0
2230 0
2231 1
2232 0
2233 1
2234 1
2235 1
2236 1
2237 1
2238 1
2239 1
2240 0
2241 1
2242 0
2243 1
2244 1
2245 2
2246 1
2247 1
2248 1
2249 0
2250 1
2251 1
2252 1
2253 1
2254 0
2255 0
2256 1
2257 1
2258 0
2259 1
2260 1
2261 1
2262 1
2263 1
2264 1
2265 1
2266 1
2267 1
2268 1
2269 1
2270 1
2271 1
2272 1
2273 1
2274 0
2275 1
2276 1
2277 1
2278 1
2279 1
2280 1
2281 1
2282 1
2283 2
2284 1
2285 1
2286 1
2287 1
2288 0
2289 2
2290 0
2291 0
2292 1
2293 1
2294 1
2295 0
2296 1
2297 1
2298 0
2299 1
2300 0
2301 1
2302 1
2303 1
2304 1
2305 1
2306 0
2307 2
2308 1
2309 0
2310 1
2311 1
2312 2
2313 0
2314 1
2315 1
2316 1
2317 1
2318 1
2319 1
2320 2
2321 1
2322 1
2323 1
2324 1
2325 1
2326 1
2327 0
2328 1
2329 1
2330 1
2331 1
2332 1
2333 1
2334 2
2335 1
2336 0
2337 1
2338 1
2339 2
2340 1
2341 0
2342 1
2343 0
2344 1
2345 1
2346 0
2347 1
2348 1
2349 1
2350 1
2351 1
2352 0
2353 1
2354 1
2355 1
2356 0
2357 1
2358 1
2359 1
2360 1
2361 2
2362 1
2363 1
2364 1
2365 1
2366 1
2367 1
2368 0
2369 1
2370 1
2371 2
2372 0
2373 1
2374 0
2375 1
2376 1
2377 1
2378 0
2379 1
2380 1
2381 2
2382 0
2383 1
2384 0
2385 1
2386 0
2387 0
2388 1
2389 1
2390 1
2391 1
2392 1
2393 1
2394 0
2395 2
2396 1
2397 1
2398 0
2399 1
2400 0
2401 1
2402 1
2403 2
2404 1
2405 0
2406 1
2407 1
2408 1
2409 1
2410 1
2411 1
2412 1
2413 0
2414 2
2415 0
2416 1
2417 1
2418 1
2419 2
2420 1
2421 2
2422 1
2423 1
2424 1
2425 1
2426 1
2427 1
2428 1
2429 1
2430 0
2431 1
2432 2
2433 2
2434 0
2435 2
2436 1
2437 1
2438 1
2439 2
2440 1
2441 1
2442 1
2443 0
2444 1
2445 1
2446 2
2447 2
2448 1
2449 2
2450 0
2451 0
2452 0
2453 1
2454 1
2455 1
2456 1
2457 1
2458 2
2459 1
2460 1
2461 1
2462 1
2463 0
2464 2
2465 1
2466 1
2467 2
2468 1
2469 1
2470 1
2471 1
2472 1
2473 1
2474 0
2475 0
2476 1
2477 1
2478 1
2479 2
2480 0
2481 0
2482 1
2483 0
2484 0
2485 0
2486 1
2487 0
2488 1
2489 1
2490 1
2491 0
2492 1
2493 0
2494 1
2495 1
2496 1
2497 0
2498 1
2499 2
2500 1
2501 1
2502 1
2503 2
2504 1
2505 0
2506 2
2507 1
2508 1
2509 2
2510 1
2511 1
2512 1
2513 0
2514 1
2515 2
2516 1
2517 1
2518 0
2519 2
2520 1
2521 0
2522 0
2523 0
2524 2
2525 1
2526 1
2527 0
2528 2
2529 1
2530 0
2531 1
2532 1
2533 1
2534 1
2535 1
2536 1
2537 0
2538 1
2539 1
2540 2
2541 1
2542 2
2543 0
2544 1
2545 2
2546 0
2547 1
2548 1
2549 1
2550 1
2551 0
2552 1
2553 0
2554 1
2555 1
2556 0
2557 2
2558 1
2559 1
2560 1
2561 1
2562 0
2563 1
2564 1
2565 1
2566 1
2567 0
2568 1
2569 1
2570 1
2571 1
2572 0
2573 1
2574 1
2575 1
2576 1
2577 0
2578 1
2579 1
2580 1
2581 1
2582 0
2583 1
2584 0
2585 1
2586 0
2587 1
2588 1
2589 1
2590 1
2591 1
2592 1
2593 1
2594 0
2595 0
2596 0
2597 1
2598 0
2599 1
2600 1
2601 1
2602 1
2603 1
2604 0
2605 2
2606 1
2607 1
2608 1
2609 2
2610 1
2611 1
2612 1
2613 2
2614 1
2615 0
2616 1
2617 0
2618 1
2619 1
2620 0
2621 1
2622 1
2623 1
2624 2
2625 0
2626 2
2627 1
2628 1
2629 1
2630 0
2631 0
2632 0
2633 1
2634 0
2635 1
2636 1
2637 1
2638 0
2639 0
2640 0
2641 1
2642 1
2643 1
2644 0
2645 0
2646 0
2647 0
2648 0
2649 0
2650 0
2651 1
2652 2
2653 0
2654 1
2655 1
2656 1
2657 1
2658 1
2659 1
2660 1
2661 1
2662 1
2663 0
2664 1
2665 1
2666 1
2667 1
2668 0
2669 0
2670 1
2671 1
2672 0
2673 2
2674 0
2675 2
2676 0
2677 1
2678 1
2679 1
2680 0
2681 1
2682 1
2683 0
2684 0
2685 0
2686 1
2687 1
2688 1
2689 0
2690 1
2691 2
2692 1
2693 1
2694 0
2695 2
2696 2
2697 1
2698 1
2699 0
2700 1
2701 0
2702 1
2703 0
2704 1
2705 2
2706 1
2707 0
2708 0
2709 1
2710 1
2711 1
2712 1
2713 1
2714 1
2715 1
2716 1
2717 0
2718 0
2719 2
2720 1
2721 1
2722 0
2723 1
2724 1
2725 1
2726 1
2727 1
2728 1
2729 1
2730 1
2731 0
2732 0
2733 1
2734 1
2735 1
2736 1
2737 2
2738 1
2739 1
2740 0
2741 1
2742 1
2743 1
2744 0
2745 1
2746 1
2747 2
2748 0
2749 0
2750 2
2751 0
2752 2
2753 1
2754 0
2755 0
2756 1
2757 1
2758 0
2759 1
2760 0
2761 1
2762 1
2763 1
2764 0
2765 0
2766 1
2767 0
2768 1
2769 1
2770 1
2771 1
2772 0
2773 1
2774 1
2775 0
2776 1
2777 1
2778 1
2779 1
2780 1
2781 1
2782 1
2783 0
2784 2
2785 1
2786 0
2787 0
2788 1
2789 1
2790 0
2791 1
2792 1
2793 0
2794 2
2795 1
2796 1
2797 1
2798 0
2799 2
2800 0
2801 0
2802 0
2803 1
2804 0
2805 1
2806 1
2807 1
2808 1
2809 1
2810 0
2811 0
2812 0
2813 0
2814 1
2815 0
2816 0
2817 0
2818 1
2819 2
2820 1
2821 1
2822 1
2823 0
2824 1
2825 0
2826 1
2827 1
2828 0
2829 0
2830 0
2831 1
2832 1
2833 1
2834 0
2835 1
2836 1
2837 1
2838 1
2839 0
2840 0
2841 0
2842 1
2843 1
2844 1
2845 1
2846 0
2847 1
2848 0
2849 1
2850 1
2851 1
2852 1
2853 0
2854 1
2855 0
2856 1
2857 1
2858 1
2859 1
2860 1
2861 1
2862 1
2863 1
2864 1
2865 0
2866 1
2867 1
2868 1
2869 1
2870 1
2871 1
2872 0
2873 1
2874 1
2875 1
2876 0
2877 1
2878 1
2879 0
2880 1
2881 1
2882 1
2883 1
2884 1
2885 1
2886 1
2887 1
2888 1
2889 1
2890 1
2891 0
2892 0
2893 1
2894 0
2895 0
2896 1
2897 0
2898 2
2899 0
2900 1
2901 0
2902 1
2903 0
2904 0
2905 1
2906 0
2907 1
2908 1
2909 0
2910 2
2911 2
2912 1
2913 1
2914 0
2915 0
2916 0
2917 1
2918 0
2919 1
2920 1
2921 1
2922 0
2923 0
2924 2
2925 1
2926 2
2927 1
2928 0
2929 0
2930 1
2931 1
2932 0
2933 1
2934 2
2935 2
2936 1
2937 2
2938 0
2939 2
2940 1
2941 2
2942 1
2943 1
2944 1
2945 0
2946 0
2947 0
2948 1
2949 0
2950 2
2951 1
2952 1
2953 2
2954 0
2955 0
2956 1
2957 1
2958 0
2959 1
2960 2
2961 0
2962 1
2963 1
2964 0
2965 1
2966 0
2967 1
2968 1
2969 2
2970 1
2971 0
2972 0
2973 0
2974 1
2975 0
2976 0
2977 0
2978 1
2979 1
2980 1
2981 1
2982 0
2983 1
2984 0
2985 0
2986 2
2987 1
2988 1
2989 0
2990 0
2991 0
2992 1
2993 0
2994 1
2995 1
2996 1
2997 1
2998 1
2999 1
3000 1
3001 0
3002 1
3003 1
3004 1
3005 1
3006 0
3007 0
3008 1
3009 1
3010 1
3011 1
3012 1
3013 2
3014 1
3015 1
3016 1
3017 1
3018 1
3019 1
3020 1
3021 0
3022 1
3023 0
3024 1
3025 1
3026 0
3027 2
3028 1
3029 1
3030 1
3031 1
3032 1
3033 1
3034 1
3035 1
3036 1
3037 1
3038 1
3039 1
3040 1
3041 1
3042 0
3043 1
3044 2
3045 1
3046 0
3047 0
3048 1
3049 1
3050 1
3051 1
3052 1
3053 1
3054 1
3055 1
3056 1
3057 1
3058 2
3059 1
3060 1
3061 0
3062 1
3063 2
3064 1
3065 1
3066 0
3067 1
3068 1
3069 1
3070 1
3071 2
3072 1
3073 1
3074 0
3075 0
3076 0
3077 1
3078 1
3079 1
3080 0
3081 0
3082 1
3083 0
3084 0
3085 1
3086 1
3087 0
3088 0
3089 0
3090 1
3091 1
3092 0
3093 0
3094 0
3095 1
3096 1
3097 0
3098 1
3099 2
3100 1
3101 1
3102 1
3103 1
3104 0
3105 0
3106 0
3107 0
3108 0
3109 2
3110 1
3111 1
3112 0
3113 1
3114 1
3115 0
3116 1
3117 0
3118 1
3119 0
3120 2
3121 0
3122 0
3123 1
3124 1
3125 0
3126 1
3127 0
3128 0
3129 0
3130 1
3131 1
3132 1
3133 1
3134 1
3135 0
3136 1
3137 1
3138 1
3139 1
3140 1
3141 1
3142 0
3143 1
3144 1
3145 0
3146 1
3147 0
3148 0
3149 1
3150 0
3151 0
3152 1
3153 1
3154 1
3155 0
3156 1
3157 0
3158 1
3159 0
3160 0
3161 0
3162 0
3163 0
3164 2
3165 1
3166 1
3167 1
3168 1
3169 0
3170 1
3171 1
3172 1
3173 0
3174 0
3175 0
3176 1
3177 0
3178 1
3179 0
3180 1
3181 1
3182 0
3183 1
3184 0
3185 1
3186 0
3187 1
3188 1
3189 1
3190 0
3191 1
3192 2
3193 1
3194 1
3195 1
3196 1
3197 1
3198 0
3199 2
3200 1
3201 0
3202 1
3203 1
3204 1
3205 2
3206 1
3207 1
3208 1
3209 2
3210 0
3211 0
3212 0
3213 1
3214 1
3215 1
3216 1
3217 1
3218 1
3219 2
3220 0
3221 1
3222 1
3223 0
3224 0
3225 2
3226 2
3227 1
3228 2
3229 2
3230 1
3231 0
3232 1
3233 1
3234 1
3235 1
3236 1
3237 1
3238 1
3239 1
3240 1
3241 1
3242 1
3243 1
3244 0
3245 0
3246 0
3247 2
3248 2
3249 0
3250 1
3251 0
3252 1
3253 1
3254 2
3255 1
3256 1
3257 1
3258 1
3259 1
3260 2
3261 0
3262 1
3263 1
3264 1
3265 2
3266 1
3267 1
3268 0
3269 1
3270 0
3271 0
3272 0
3273 1
3274 1
3275 1
3276 1
3277 0
3278 1
3279 0
3280 1
3281 1
3282 1
3283 1
3284 1
3285 2
3286 1
3287 1
3288 0
3289 1
3290 1
3291 1
3292 0
3293 0
3294 1
3295 1
3296 1
3297 1
3298 1
3299 0
3300 1
3301 0
3302 1
3303 1
3304 1
3305 1
3306 1
3307 1
3308 0
3309 2
3310 1
3311 1
3312 2
3313 0
3314 1
3315 1
3316 0
3317 2
3318 1
3319 1
3320 1
3321 0
3322 1
3323 1
3324 1
3325 0
3326 1
3327 0
3328 1
3329 0
3330 1
3331 0
3332 1
3333 0
3334 1
3335 2
3336 1
3337 1
3338 1
3339 0
3340 1
3341 1
3342 0
3343 0
3344 1
3345 1
3346 0
3347 1
3348 1
3349 0
3350 0
3351 0
3352 1
3353 0
3354 1
3355 1
3356 1
3357 2
3358 1
3359 1
3360 1
3361 2
3362 0
3363 0
3364 1
3365 1
3366 1
3367 1
3368 1
3369 0
3370 0
3371 1
3372 0
3373 0
3374 1
3375 0
3376 2
3377 0
3378 0
3379 1
3380 1
3381 0
3382 0
3383 0
3384 2
3385 2
3386 1
3387 1
3388 0
3389 0
3390 0
3391 1
3392 1
3393 0
3394 1
3395 1
3396 1
3397 1
3398 0
3399 1
3400 1
3401 0
3402 1
3403 1
3404 2
3405 1
3406 1
3407 1
3408 1
3409 1
3410 0
3411 1
3412 1
3413 0
3414 1
3415 1
3416 1
3417 1
3418 1
3419 1
3420 1
3421 0
3422 1
3423 2
3424 1
3425 0
3426 1
3427 1
3428 0
3429 1
3430 1
3431 1
3432 1
3433 0
3434 0
3435 0
3436 1
3437 2
3438 1
3439 1
3440 1
3441 0
3442 0
3443 1
3444 0
3445 0
3446 0
3447 0
3448 1
3449 1
3450 2
3451 1
3452 0
3453 1
3454 1
3455 0
3456 1
3457 1
3458 1
3459 0
3460 0
3461 1
3462 1
3463 1
3464 2
3465 0
3466 1
3467 1
3468 0
3469 0
3470 0
3471 0
3472 0
3473 1
3474 1
3475 0
3476 1
3477 2
3478 1
3479 0
3480 2
3481 1
3482 1
3483 1
3484 2
3485 2
3486 1
3487 2
3488 1
3489 1
3490 1
3491 1
3492 1
3493 1
3494 1
3495 2
3496 2
3497 2
3498 0
3499 1
3500 0
3501 1
3502 1
3503 0
3504 0
3505 1
3506 1
3507 1
3508 2
3509 1
3510 1
3511 1
3512 1
3513 2
3514 0
3515 0
3516 1
3517 0
3518 1
3519 1
3520 0
3521 1
3522 1
3523 2
3524 1
3525 1
3526 1
3527 1
3528 1
3529 0
3530 0
3531 0
3532 1
3533 0
3534 1
3535 1
3536 1
3537 1
3538 1
3539 0
3540 1
3541 0
3542 0
3543 2
3544 0
3545 1
3546 0
3547 1
3548 0
3549 1
3550 2
3551 0
3552 1
3553 1
3554 0
3555 0
3556 2
3557 1
3558 0
3559 2
3560 1
3561 0
3562 0
3563 2
3564 1
3565 1
3566 2
3567 1
3568 2
3569 1
3570 0
3571 1
3572 0
3573 1
3574 1
3575 1
3576 2
3577 1
3578 0
3579 2
3580 1
3581 1
3582 1
3583 1
3584 1
3585 2
3586 1
3587 1
3588 1
3589 1
3590 2
3591 1
3592 1
3593 0
3594 2
3595 0
3596 0
3597 0
3598 0
3599 0
3600 0
3601 1
3602 0
3603 1
3604 1
3605 1
3606 1
3607 1
3608 1
3609 1
3610 0
3611 1
3612 2
3613 1
3614 1
3615 0
3616 1
3617 0
3618 0
3619 1
3620 1
3621 1
3622 1
3623 0
3624 2
3625 1
3626 1
3627 1
3628 1
3629 0
3630 0
3631 2
3632 2
3633 1
3634 2
3635 1
3636 0
3637 1
3638 1
3639 0
3640 0
3641 1
3642 1
3643 0
3644 1
3645 1
3646 1
3647 1
3648 1
3649 0
3650 1
3651 0
3652 0
3653 1
3654 1
3655 1
3656 1
3657 0
3658 1
3659 1
3660 1
3661 1
3662 1
3663 2
3664 1
3665 1
3666 1
3667 2
3668 1
3669 1
3670 1
3671 0
3672 0
3673 0
3674 1
3675 2
3676 1
3677 1
3678 1
3679 0
3680 0
3681 0
3682 2
3683 0
3684 0
3685 1
3686 1
3687 0
3688 0
3689 2
3690 2
3691 1
3692 0
3693 1
3694 1
3695 0
3696 1
3697 0
3698 1
3699 0
3700 0
3701 0
3702 1
3703 1
3704 1
3705 1
3706 1
3707 1
3708 1
3709 1
3710 1
3711 0
3712 2
3713 2
3714 1
3715 1
3716 0
3717 1
3718 1
3719 1
3720 2
3721 1
3722 2
3723 0
3724 1
3725 1
3726 0
3727 0
3728 0
3729 1
3730 0
3731 1
3732 1
3733 2
3734 1
3735 1
3736 0
3737 0
3738 0
3739 1
3740 1
3741 1
3742 1
3743 1
3744 1
3745 1
3746 2
3747 1
3748 1
3749 2
3750 2
3751 0
3752 0
3753 1
3754 1
3755 1
3756 1
3757 1
3758 1
3759 2
3760 0
3761 1
3762 0
3763 0
3764 0
3765 2
3766 0
3767 2
3768 0
3769 1
3770 1
3771 2
3772 1
3773 1
3774 0
3775 0
3776 1
3777 2
3778 2
3779 0
3780 1
3781 1
3782 1
3783 1
3784 1
3785 1
3786 0
3787 1
3788 0
3789 1
3790 1
3791 1
3792 0
3793 0
3794 1
3795 1
3796 1
3797 1
3798 1
3799 1
3800 1
3801 1
3802 1
3803 1
3804 1
3805 1
3806 1
3807 1
3808 1
3809 1
3810 0
3811 1
3812 0
3813 1
3814 1
3815 0
3816 1
3817 1
3818 0
3819 1
3820 1
3821 1
3822 1
3823 1
3824 1
3825 0
3826 1
3827 1
3828 0
3829 1
3830 0
3831 1
3832 0
3833 1
3834 1
3835 0
3836 1
3837 1
3838 0
3839 1
3840 1
3841 1
3842 0
3843 2
3844 1
3845 2
3846 0
3847 1
3848 1
3849 2
3850 1
3851 0
3852 1
3853 0
3854 1
3855 1
3856 2
3857 1
3858 1
3859 1
3860 0
3861 1
3862 1
3863 2
3864 1
3865 0
3866 1
3867 1
3868 2
3869 1
3870 1
3871 1
3872 1
3873 1
3874 1
3875 1
3876 1
3877 0
3878 1
3879 0
3880 0
3881 1
3882 1
3883 1
3884 1
3885 1
3886 1
3887 1
3888 1
3889 1
3890 1
3891 0
3892 1
3893 1
3894 1
3895 1
3896 1
3897 1
3898 0
3899 2
3900 1
3901 1
3902 0
3903 1
3904 1
3905 1
3906 2
3907 2
3908 2
3909 0
3910 1
3911 0
3912 1
3913 0
3914 1
3915 0
3916 1
3917 1
3918 1
3919 0
3920 0
3921 1
3922 1
3923 0
3924 1
3925 1
3926 2
3927 2
3928 0
3929 1
3930 2
3931 1
3932 1
3933 2
3934 1
3935 1
3936 0
3937 1
3938 0
3939 1
3940 1
3941 0
3942 1
3943 1
3944 1
3945 0
3946 0
3947 0
3948 2
3949 0
3950 1
3951 0
3952 1
3953 1
3954 1
3955 2
3956 0
3957 0
3958 1
3959 1
3960 1
3961 1
3962 1
3963 1
3964 0
3965 1
3966 1
3967 1
3968 1
3969 1
3970 1
3971 0
3972 1
3973 2
3974 0
3975 2
3976 1
3977 0
3978 2
3979 1
3980 1
3981 1
3982 1
3983 1
3984 1
3985 1
3986 2
3987 0
3988 1
3989 1
3990 1
3991 0
3992 0
3993 1
3994 1
3995 1
3996 1
3997 1
3998 0
3999 0
4000 0
4001 1
4002 2
4003 0
4004 2
4005 1
4006 1
4007 1
4008 1
4009 0
4010 2
4011 0
4012 2
4013 1
4014 0
4015 1
4016 0
4017 0
4018 2
4019 1
4020 0
4021 1
4022 1
4023 2
4024 1
4025 1
4026 0
4027 1
4028 1
4029 0
4030 0
4031 0
4032 1
4033 0
4034 1
4035 2
4036 2
4037 2
4038 1
4039 1
4040 1
4041 2
4042 2
4043 1
4044 0
4045 0
4046 1
4047 2
4048 1
4049 1
4050 1
4051 1
4052 1
4053 0
4054 1
4055 1
4056 1
4057 1
4058 0
4059 2
4060 1
4061 1
4062 1
4063 0
4064 0
4065 1
4066 0
4067 1
4068 1
4069 1
4070 0
4071 0
4072 0
4073 1
4074 0
4075 1
4076 1
4077 1
4078 2
4079 1
4080 1
4081 0
4082 1
4083 1
4084 2
4085 2
4086 3
4087 0
4088 3
4089 0
4090 2
4091 0
4092 2
4093 0
4094 1
4095 0
4096 0
4097 1
4098 1
4099 1
4100 1
4101 0
4102 0
4103 1
4104 2
4105 0
4106 1
4107 1
4108 1
4109 1
4110 1
4111 0
4112 1
4113 1
4114 0
4115 2
4116 0
4117 0
4118 1
4119 1
4120 2
4121 1
4122 2
4123 1
4124 0
4125 1
4126 0
4127 1
4128 0
4129 0
4130 1
4131 2
4132 2
4133 1
4134 1
4135 2
4136 0
4137 1
4138 1
4139 0
4140 1
4141 1
4142 0
4143 1
4144 1
4145 1
4146 1
4147 2
4148 1
4149 1
4150 1
4151 0
4152 0
4153 0
4154 1
4155 1
4156 1
4157 1
4158 1
4159 1
4160 1
4161 1
4162 2
4163 1
4164 1
4165 0
4166 0
4167 1
4168 0
4169 0
4170 0
4171 0
4172 1
4173 1
4174 1
4175 0
4176 1
4177 0
4178 1
4179 1
4180 1
4181 1
4182 1
4183 1
4184 0
4185 0
4186 1
4187 2
4188 1
4189 1
4190 0
4191 0
4192 0
4193 2
4194 0
4195 1
4196 1
4197 0
4198 1
4199 0
4200 1
4201 1
4202 1
4203 0
4204 0
4205 1
4206 1
4207 0
4208 1
4209 1
4210 1
4211 1
4212 1
4213 2
4214 1
4215 1
4216 1
4217 1
4218 0
4219 1
4220 1
4221 0
4222 1
4223 1
4224 2
4225 1
4226 0
4227 0
4228 0
4229 0
4230 0
4231 0
4232 0
4233 0
4234 0
4235 0
4236 0
4237 0
4238 0
4239 0
4240 0
4241 0
4242 0
4243 0
4244 0
4245 0
4246 1
4247 0
4248 1
4249 0
4250 1
4251 1
4252 1
4253 1
4254 0
4255 0
4256 1
4257 1
4258 0
4259 1
4260 0
4261 2
4262 1
4263 1
4264 0
4265 1
4266 1
4267 2
4268 0
4269 1
4270 1
4271 1
4272 2
4273 1
4274 1
4275 0
4276 0
4277 1
4278 0
4279 1
4280 1
4281 0
4282 2
4283 1
4284 2
4285 2
4286 1
4287 0
4288 1
4289 1
4290 1
4291 0
4292 1
4293 1
4294 0
4295 2
4296 1
4297 1
4298 0
4299 0
4300 1
4301 1
4302 1
4303 2
4304 1
4305 1
4306 2
4307 0
4308 0
4309 1
4310 1
4311 2
4312 0
4313 1
4314 2
4315 1
4316 0
4317 2
4318 1
4319 0
4320 1
4321 0
4322 1
4323 2
4324 1
4325 1
4326 1
4327 1
4328 1
4329 1
4330 1
4331 2
4332 1
4333 1
4334 1
4335 2
4336 1
4337 0
4338 1
4339 1
4340 1
4341 1
4342 1
4343 2
4344 2
4345 1
4346 0
4347 1
4348 0
4349 0
4350 0
4351 0
4352 0
4353 0
4354 0
4355 0
4356 0
4357 0
4358 0
4359 0
4360 0
4361 0
4362 1
4363 1
4364 1
4365 2
4366 2
4367 2
4368 0
4369 1
4370 2
4371 1
4372 0
4373 1
4374 1
4375 1
4376 0
4377 1
4378 1
4379 0
4380 1
4381 1
4382 1
4383 1
4384 0
4385 1
4386 1
4387 1
4388 2
4389 2
4390 1
4391 1
4392 2
4393 2
4394 1
4395 1
4396 1
4397 2
4398 1
4399 1
4400 1
4401 1
4402 1
4403 1
4404 1
4405 0
4406 1
4407 1
4408 1
4409 1
4410 1
4411 0
4412 0
4413 1
4414 0
4415 1
4416 0
4417 2
4418 1
4419 1
4420 2
4421 1
4422 1
4423 1
4424 0
4425 1
4426 0
4427 1
4428 1
4429 0
4430 1
4431 1
4432 1
4433 1
4434 1
4435 1
4436 2
4437 1
4438 1
4439 1
4440 0
4441 1
4442 0
4443 0
4444 1
4445 1
4446 1
4447 0
4448 0
4449 1
4450 1
4451 1
4452 0
4453 1
4454 1
4455 0
4456 1
4457 1
4458 1
4459 2
4460 1
4461 1
4462 1
4463 0
4464 1
4465 0
4466 1
4467 1
4468 1
4469 1
4470 2
4471 1
4472 1
4473 0
4474 0
4475 0
4476 1
4477 0
4478 1
4479 1
4480 1
4481 2
4482 1
4483 1
4484 1
4485 2
4486 1
4487 1
4488 1
4489 1
4490 1
4491 1
4492 0
4493 1
4494 1
4495 1
4496 1
4497 1
4498 2
4499 0
4500 2
4501 2
4502 1
4503 0
4504 2
4505 0
4506 1
4507 0
4508 2
4509 1
4510 1
4511 1
4512 1
4513 1
4514 0
4515 1
4516 1
4517 1
4518 1
4519 0
4520 0
4521 0
4522 0
4523 0
4524 0
4525 1
4526 1
4527 1
4528 0
4529 1
4530 1
4531 2
4532 0
4533 1
4534 1
4535 2
4536 1
4537 1
4538 1
4539 0
4540 0
4541 0
4542 1
4543 1
4544 1
4545 1
4546 1
4547 1
4548 2
4549 0
4550 1
4551 1
4552 0
4553 0
4554 1
4555 2
4556 1
4557 1
4558 2
4559 0
4560 1
4561 0
4562 1
4563 2
4564 1
4565 1
4566 2
4567 1
4568 1
4569 1
4570 0
4571 1
4572 1
4573 1
4574 1
4575 2
4576 1
4577 1
4578 1
4579 0
4580 1
4581 2
4582 1
4583 1
4584 1
4585 1
4586 1
4587 1
4588 0
4589 0
4590 1
4591 1
4592 1
4593 1
4594 0
4595 0
4596 1
4597 2
4598 0
4599 1
4600 0
4601 1
4602 1
4603 1
4604 1
4605 0
4606 2
4607 0
4608 1
4609 1
4610 1
4611 1
4612 1
4613 2
4614 1
4615 0
4616 0
4617 0
4618 1
4619 2
4620 0
4621 1
4622 0
4623 1
4624 0
4625 1
4626 0
4627 1
4628 1
4629 0
4630 0
4631 1
4632 1
4633 1
4634 1
4635 1
4636 1
4637 1
4638 0
4639 2
4640 1
4641 2
4642 1
4643 0
4644 0
4645 0
4646 2
4647 2
4648 1
4649 1
4650 0
4651 0
4652 0
4653 0
4654 0
4655 1
4656 1
4657 0
4658 1
4659 1
4660 1
4661 2
4662 0
4663 1
4664 1
4665 1
4666 1
4667 1
4668 2
4669 1
4670 0
4671 2
4672 1
4673 2
4674 2
4675 0
4676 0
4677 0
4678 2
4679 1
4680 1
4681 1
4682 1
4683 2
4684 0
4685 2
4686 0
4687 1
4688 2
4689 1
4690 1
4691 1
4692 0
4693 1
4694 0
4695 1
4696 1
4697 1
4698 1
4699 2
4700 1
4701 1
4702 1
4703 2
4704 0
4705 1
4706 2
4707 0
4708 1
4709 1
4710 0
4711 1
4712 2
4713 1
4714 2
4715 1
4716 1
4717 1
4718 1
4719 1
4720 1
4721 1
4722 0
4723 2
4724 0
4725 1
4726 1
4727 0
4728 0
4729 0
4730 1
4731 0
4732 0
4733 1
4734 1
4735 0
4736 1
4737 1
4738 1
4739 0
4740 0
4741 1
4742 1
4743 1
4744 2
4745 1
4746 1
4747 2
4748 0
4749 0
4750 1
4751 0
4752 1
4753 2
4754 0
4755 0
4756 1
4757 1
4758 1
4759 0
4760 1
4761 2
4762 0
4763 1
4764 1
4765 1
4766 2
4767 1
4768 0
4769 2
4770 1
4771 1
4772 2
4773 0
4774 1
4775 1
4776 1
4777 1
4778 1
4779 1
4780 2
4781 1
4782 1
4783 2
4784 0
4785 0
4786 1
4787 1
4788 0
4789 1
4790 1
4791 2
4792 2
4793 0
4794 0
4795 1
4796 1
4797 1
4798 2
4799 0
4800 1
4801 1
4802 0
4803 1
4804 1
4805 1
4806 1
4807 0
4808 1
4809 2
4810 1
4811 1
4812 0
4813 2
4814 0
4815 1
4816 0
4817 0
4818 1
4819 1
4820 1
4821 1
4822 1
4823 1
4824 2
4825 0
4826 1
4827 1
4828 1
4829 0
4830 1
4831 1
4832 1
4833 0
4834 1
4835 1
4836 2
4837 1
4838 0
4839 1
4840 1
4841 1
4842 1
4843 1
4844 1
4845 0
4846 1
4847 1
4848 1
4849 0
4850 0
4851 2
4852 1
4853 1
4854 1
4855 0
4856 1
4857 0
4858 0
4859 1
4860 1
4861 1
4862 1
4863 0
4864 1
4865 1
4866 0
4867 2
4868 0
4869 0
4870 1
4871 0
4872 1
4873 0
4874 1
4875 0
4876 1
4877 1
4878 0
4879 0
4880 1
4881 1
4882 1
4883 1
4884 1
4885 1
4886 1
4887 1
4888 0
4889 1
4890 1
4891 0
4892 2
4893 2
4894 0
4895 1
4896 0
4897 2
4898 1
4899 1
4900 1
4901 1
4902 1
4903 2
4904 1
4905 1
4906 1
4907 0
4908 1
4909 0
4910 1
4911 1
4912 1
4913 1
4914 0
4915 1
4916 2
4917 1
4918 1
4919 1
4920 0
4921 1
4922 1
4923 2
4924 1
4925 1
4926 1
4927 0
4928 0
4929 1
4930 0
4931 1
4932 1
4933 0
4934 1
4935 1
4936 1
4937 1
4938 0
4939 1
4940 1
4941 0
4942 1
4943 0
4944 1
4945 1
4946 0
4947 1
4948 1
4949 0
4950 1
4951 0
4952 2
4953 0
4954 1
4955 1
4956 1
4957 1
4958 1
4959 1
4960 1
4961 0
4962 2
4963 1
4964 0
4965 1
4966 1
4967 2
4968 0
4969 1
4970 1
4971 1
4972 1
4973 2
4974 1
4975 1
4976 1
4977 1
4978 1
4979 0
4980 2
4981 1
4982 2
4983 1
4984 0
4985 2
4986 0
4987 0
4988 0
4989 2
4990 1
4991 1
4992 2
4993 0
4994 0
4995 1
4996 0
4997 0
4998 1
4999 1
5000 1
5001 1
5002 2
5003 1
5004 2
5005 1
5006 0
5007 0
5008 2
5009 1
5010 1
5011 0
5012 1
5013 1
5014 1
5015 1
5016 0
5017 0
5018 1
5019 2
5020 0
5021 2
5022 0
5023 0
5024 2
5025 2
5026 0
5027 1
5028 1
5029 1
5030 0
5031 1
5032 0
5033 1
5034 1
5035 0
5036 2
5037 1
5038 0
5039 1
5040 2
5041 1
5042 0
5043 2
5044 0
5045 1
5046 0
5047 1
5048 1
5049 1
5050 0
5051 0
5052 0
5053 2
5054 1
5055 1
5056 1
5057 1
5058 2
5059 1
5060 1
5061 0
5062 0
5063 1
5064 1
5065 0
5066 1
5067 1
5068 0
5069 1
5070 0
5071 1
5072 0
5073 1
5074 2
5075 1
5076 1
5077 1
5078 0
5079 2
5080 1
5081 2
5082 2
5083 0
5084 1
5085 1
5086 1
5087 1
5088 2
5089 1
5090 0
5091 1
5092 1
5093 1
5094 1
5095 0
5096 1
5097 1
5098 1
5099 1
5100 1
5101 1
5102 1
5103 1
5104 1
5105 1
5106 1
5107 1
5108 0
5109 0
5110 1
5111 0
5112 1
5113 2
5114 2
5115 1
5116 0
5117 1
5118 1
5119 0
5120 1
5121 1
5122 1
5123 0
5124 0
5125 2
5126 2
5127 1
5128 1
5129 1
5130 1
5131 2
5132 2
5133 1
5134 0
5135 0
5136 0
5137 0
5138 0
5139 0
5140 0
5141 0
5142 0
5143 0
5144 0
5145 0
5146 0
5147 0
5148 0
5149 0
5150 0
5151 0
5152 0
5153 0
5154 0
5155 0
5156 0
5157 0
5158 1
5159 2
5160 0
5161 1
5162 0
5163 0
5164 0
5165 0
5166 1
5167 0
5168 1
5169 1
5170 1
5171 2
5172 0
5173 1
5174 0
5175 0
5176 0
5177 1
5178 1
5179 1
5180 1
5181 1
5182 1
5183 0
5184 0
5185 0
5186 1
5187 0
5188 1
5189 0
5190 1
5191 1
5192 0
5193 1
5194 1
5195 1
5196 1
5197 1
5198 1
5199 0
5200 0
5201 1
5202 1
5203 1
5204 1
5205 2
5206 0
5207 0
5208 1
5209 1
5210 1
5211 1
5212 0
5213 1
5214 1
5215 1
5216 0
5217 0
5218 1
5219 1
5220 0
5221 1
5222 1
5223 1
5224 2
5225 1
5226 2
5227 1
5228 1
5229 0
5230 1
5231 0
5232 1
5233 1
5234 0
5235 1
5236 1
5237 1
5238 1
5239 1
5240 1
5241 0
5242 0
5243 0
5244 1
5245 1
5246 0
5247 1
5248 1
5249 0
5250 1
5251 1
5252 2
5253 1
5254 1
5255 1
5256 1
5257 2
5258 1
5259 1
5260 1
5261 0
5262 1
5263 1
5264 1
5265 0
5266 1
5267 1
5268 1
5269 1
5270 1
5271 0
5272 1
5273 0
5274 1
5275 1
5276 1
5277 0
5278 0
5279 1
5280 1
5281 0
5282 2
5283 1
5284 0
5285 1
5286 1
5287 1
5288 0
5289 1
5290 1
5291 1
5292 0
5293 0
5294 1
5295 2
5296 1
5297 0
5298 1
5299 1
5300 1
5301 0
5302 2
5303 1
5304 0
5305 0
5306 2
5307 1
5308 0
5309 0
5310 1
5311 1
5312 2
5313 0
5314 0
5315 0
5316 0
5317 0
5318 1
5319 2
5320 1
5321 0
5322 1
5323 1
5324 0
5325 1
5326 1
5327 1
5328 1
5329 1
5330 1
5331 1
5332 0
5333 1
5334 1
5335 1
5336 1
5337 0
5338 1
5339 1
5340 1
5341 1
5342 0
5343 1
5344 2
5345 1
5346 1
5347 1
5348 1
5349 1
5350 1
5351 0
5352 2
5353 1
5354 1
5355 1
5356 1
5357 1
5358 1
5359 0
5360 0
5361 1
5362 1
5363 1
5364 0
5365 0
5366 1
5367 1
5368 1
5369 1
5370 1
5371 2
5372 2
5373 1
5374 1
5375 0
5376 1
5377 0
5378 0
5379 1
5380 1
5381 1
5382 0
5383 0
5384 1
5385 0
5386 1
5387 1
5388 1
5389 1
5390 1
5391 1
5392 1
5393 1
5394 1
5395 0
5396 0
5397 1
5398 1
5399 1
5400 1
5401 1
5402 1
5403 1
5404 1
5405 2
5406 0
5407 1
5408 1
5409 1
5410 1
5411 1
5412 1
5413 2
5414 0
5415 1
5416 0
5417 1
5418 1
5419 0
5420 1
5421 1
5422 0
5423 1
5424 0
5425 0
5426 1
5427 1
5428 1
5429 1
5430 0
5431 1
5432 1
5433 0
5434 0
5435 0
5436 1
5437 2
5438 1
5439 1
5440 1
5441 0
5442 0
5443 1
5444 1
5445 1
5446 1
5447 1
5448 1
5449 1
5450 1
5451 1
5452 1
5453 0
5454 1
5455 1
5456 1
5457 1
5458 1
5459 1
5460 1
5461 1
5462 0
5463 1
5464 1
5465 1
5466 1
5467 1
5468 1
5469 1
5470 0
5471 1
5472 0
5473 0
5474 1
5475 0
5476 1
5477 1
5478 1
5479 0
5480 0
5481 1
5482 1
5483 1
5484 1
5485 1
5486 0
5487 1
5488 1
5489 1
5490 1
5491 1
5492 1
5493 1
5494 1
5495 0
5496 1
5497 1
5498 1
5499 1
5500 1
5501 0
5502 1
5503 1
5504 0
5505 1
5506 1
5507 0
5508 1
5509 1
5510 1
5511 0
5512 0
5513 1
5514 1
5515 0
5516 1
5517 0
5518 2
5519 1
5520 1
5521 0
5522 0
5523 0
5524 0
5525 1
5526 1
5527 1
5528 1
5529 0
5530 1
5531 1
5532 1
5533 1
5534 1
5535 0
5536 0
5537 1
5538 1
5539 1
5540 1
5541 0
5542 1
5543 0
5544 0
5545 1
5546 1
5547 1
5548 1
5549 0
5550 1
5551 0
5552 1
5553 1
5554 1
5555 0
5556 1
5557 1
5558 0
5559 0
5560 1
5561 0
5562 0
5563 0
5564 0
5565 0
5566 0
5567 0
5568 0
5569 0
5570 0
5571 0
5572 0
5573 1
5574 0
5575 1
5576 1
5577 0
5578 1
5579 0
5580 2
5581 0
5582 2
5583 1
5584 1
5585 0
5586 1
5587 0
5588 0
5589 0
5590 0
5591 1
5592 0
5593 0
5594 0
5595 0
5596 0
5597 1
5598 0
5599 0
5600 0
5601 0
5602 0
5603 1
5604 1
5605 0
5606 0
5607 1
5608 2
5609 2
5610 1
5611 0
5612 0
5613 0
5614 1
5615 2
5616 1
5617 1
5618 1
5619 0
5620 0
5621 1
5622 0
5623 1
5624 0
5625 1
5626 0
5627 2
5628 3
5629 1
5630 1
5631 0
5632 0
5633 2
5634 1
5635 1
5636 0
5637 1
5638 1
5639 1
5640 0
5641 0
5642 1
5643 2
5644 1
5645 2
5646 1
5647 2
5648 1
5649 0
5650 0
5651 1
5652 1
5653 2
5654 1
5655 0
5656 1
5657 0
5658 1
5659 1
5660 1
5661 0
5662 1
5663 1
5664 1
5665 1
5666 1
5667 0
5668 1
5669 1
5670 1
5671 2
5672 1
5673 0
5674 1
5675 0
5676 1
5677 1
5678 2
5679 1
5680 1
5681 1
5682 0
5683 2
5684 0
5685 0
5686 1
5687 2
5688 1
5689 2
5690 0
5691 0
5692 2
5693 1
5694 1
5695 0
5696 1
5697 1
5698 1
5699 2
5700 0
5701 2
5702 1
5703 1
5704 1
5705 0
5706 1
5707 0
5708 1
5709 1
5710 0
5711 2
5712 1
5713 1
5714 1
5715 1
5716 1
5717 2
5718 1
5719 1
5720 0
5721 1
5722 1
5723 0
5724 0
5725 0
5726 0
5727 0
5728 0
5729 0
5730 0
5731 0
5732 0
5733 0
5734 0
5735 1
5736 1
5737 0
5738 0
5739 0
5740 0
5741 0
5742 1
5743 0
5744 0
5745 1
5746 2
5747 0
5748 1
5749 0
5750 1
5751 1
5752 2
5753 1
5754 1
5755 2
5756 0
5757 1
5758 1
5759 2
5760 2
5761 2
5762 2
5763 2
5764 0
5765 1
5766 0
5767 1
5768 1
5769 2
5770 2
5771 1
5772 1
5773 1
5774 2
5775 0
5776 1
5777 1
5778 1
5779 1
5780 1
5781 2
5782 0
5783 0
5784 1
5785 1
5786 1
5787 2
5788 2
5789 1
5790 2
5791 0
5792 1
5793 1
5794 1
5795 1
5796 1
5797 1
5798 1
5799 1
5800 1
5801 1
5802 1
5803 0
5804 1
5805 1
5806 1
5807 0
5808 1
5809 1
5810 1
5811 0
5812 0
5813 0
5814 0
5815 0
5816 0
5817 0
5818 0
5819 1
5820 1
5821 0
5822 0
5823 0
5824 2
5825 1
5826 1
5827 1
5828 0
5829 1
5830 1
5831 1
5832 0
5833 0
5834 1
5835 0
5836 0
5837 1
5838 1
5839 2
5840 1
5841 1
5842 2
5843 1
5844 0
5845 0
5846 1
5847 1
5848 0
5849 0
5850 1
5851 0
5852 0
5853 1
5854 2
5855 1
5856 1
5857 0
5858 1
5859 1
5860 1
5861 1
5862 1
5863 0
5864 1
5865 1
5866 1
5867 1
5868 0
5869 1
5870 1
5871 1
5872 1
5873 1
5874 1
5875 2
5876 1
5877 1
5878 0
5879 2
5880 1
5881 0
5882 2
5883 0
5884 1
5885 1
5886 1
5887 1
5888 1
5889 2
5890 1
5891 1
5892 1
5893 1
5894 1
5895 1
5896 1
5897 1
5898 1
5899 0
5900 1
5901 2
5902 0
5903 2
5904 1
5905 1
5906 1
5907 1
5908 0
5909 0
5910 0
5911 2
5912 2
5913 1
5914 2
5915 1
5916 0
5917 1
5918 1
5919 1
5920 1
5921 1
5922 1
5923 0
5924 0
5925 1
5926 0
5927 1
5928 0
5929 1
5930 1
5931 1
5932 0
5933 2
5934 1
5935 2
5936 1
5937 0
5938 0
5939 1
5940 0
5941 1
5942 0
5943 1
5944 1
5945 1
5946 1
5947 1
5948 1
5949 0
5950 0
5951 0
5952 1
5953 1
5954 1
5955 1
5956 1
5957 1
5958 1
5959 1
5960 2
5961 2
5962 1
5963 0
5964 1
5965 1
5966 1
5967 1
5968 2
5969 2
5970 1
5971 2
5972 1
5973 0
5974 2
5975 1
5976 1
5977 1
5978 0
5979 1
5980 1
5981 2
5982 0
5983 0
5984 0
5985 0
5986 1
5987 0
5988 1
5989 0
5990 2
5991 1
5992 1
5993 1
5994 1
5995 1
5996 0
5997 1
5998 0
5999 1
6000 1
6001 0
6002 0
6003 1
6004 0
6005 1
6006 1
6007 1
6008 2
6009 1
6010 0
6011 1
6012 1
6013 2
6014 1
6015 1
6016 0
6017 1
6018 1
6019 2
6020 0
6021 2
6022 1
6023 1
6024 2
6025 0
6026 2
6027 1
6028 2
6029 1
6030 1
6031 1
6032 2
6033 0
6034 1
6035 1
6036 1
6037 1
6038 1
6039 2
6040 0
6041 2
6042 1
6043 1
6044 0
6045 0
6046 1
6047 1
6048 1
6049 1
6050 1
6051 0
6052 0
6053 1
6054 0
6055 1
6056 1
6057 1
6058 1
6059 1
6060 1
6061 1
6062 1
6063 2
6064 1
6065 1
6066 1
6067 0
6068 0
6069 1
6070 2
6071 1
6072 0
6073 2
6074 0
6075 1
6076 1
6077 0
6078 0
6079 1
6080 1
6081 1
6082 2
6083 0
6084 0
6085 2
6086 2
6087 1
6088 1
6089 1
6090 1
6091 1
6092 1
6093 0
6094 1
6095 2
6096 2
6097 1
6098 2
6099 1
6100 1
6101 1
6102 0
6103 1
6104 1
6105 0
6106 2
6107 2
6108 1
6109 0
6110 1
6111 0
6112 1
6113 1
6114 1
6115 1
6116 1
6117 2
6118 1
6119 0
6120 2
6121 1
6122 1
6123 0
6124 0
6125 1
6126 0
6127 1
6128 2
6129 1
6130 1
6131 0
6132 1
6133 1
6134 1
6135 0
6136 1
6137 1
6138 1
6139 0
6140 2
6141 1
6142 1
6143 1
6144 1
6145 1
6146 0
6147 1
6148 1
6149 1
6150 0
6151 1
6152 1
6153 1
6154 0
6155 0
6156 0
6157 0
6158 2
6159 0
6160 1
6161 1
6162 1
6163 2
6164 1
6165 0
6166 2
6167 1
6168 0
6169 2
6170 1
6171 0
6172 1
6173 1
6174 2
6175 1
6176 1
6177 0
6178 1
6179 1
6180 1
6181 1
6182 0
6183 1
6184 0
6185 1
6186 1
6187 1
6188 0
6189 1
6190 1
6191 1
6192 0
6193 2
6194 0
6195 1
6196 0
6197 0
6198 0
6199 2
6200 0
6201 0
6202 1
6203 1
6204 1
6205 1
6206 1
6207 1
6208 0
6209 2
6210 0
6211 2
6212 0
6213 1
6214 1
6215 1
6216 1
6217 2
6218 1
6219 1
6220 1
6221 1
6222 0
6223 0
6224 0
6225 1
6226 0
6227 3
6228 0
6229 1
6230 0
6231 2
6232 1
6233 1
6234 1
6235 1
6236 0
6237 0
6238 0
6239 1
6240 0
6241 1
6242 1
6243 1
6244 0
6245 0
6246 0
6247 1
6248 0
6249 0
6250 1
6251 2
6252 1
6253 0
6254 1
6255 1
6256 1
6257 1
6258 1
6259 1
6260 2
6261 0
6262 1
6263 2
6264 1
6265 1
6266 1
6267 0
6268 0
6269 0
6270 1
6271 0
6272 1
6273 2
6274 1
6275 1
6276 0
6277 1
6278 0
6279 1
6280 0
6281 1
6282 1
6283 0
6284 1
6285 0
6286 1
6287 2
6288 1
6289 1
6290 1
6291 1
6292 1
6293 2
6294 1
6295 1
6296 0
6297 2
6298 1
6299 1
6300 1
6301 1
6302 0
6303 0
6304 1
6305 1
6306 2
6307 2
6308 1
6309 0
6310 1
6311 1
6312 0
6313 0
6314 1
6315 1
6316 1
6317 1
6318 1
6319 0
6320 0
6321 1
6322 1
6323 1
6324 1
6325 0
6326 0
6327 0
6328 1
6329 1
6330 1
6331 1
6332 1
6333 1
6334 1
6335 1
6336 1
6337 1
6338 1
6339 0
6340 1
6341 1
6342 1
6343 1
6344 1
6345 1
6346 2
6347 1
6348 1
6349 1
6350 1
6351 1
6352 1
6353 1
6354 0
6355 1
6356 1
6357 1
6358 1
6359 1
6360 2
6361 1
6362 0
6363 0
6364 1
6365 1
6366 1
6367 1
6368 0
6369 2
6370 0
6371 0
6372 1
6373 1
6374 1
6375 1
6376 2
6377 0
6378 0
6379 1
6380 0
6381 1
6382 1
6383 1
6384 0
6385 1
6386 1
6387 2
6388 1
6389 1
6390 1
6391 1
6392 1
6393 0
6394 0
6395 1
6396 2
6397 1
6398 0
6399 2
6400 1
6401 1
6402 0
6403 0
6404 2
6405 1
6406 0
6407 1
6408 0
6409 0
6410 1
6411 1
6412 1
6413 1
6414 1
6415 1
6416 1
6417 2
6418 1
6419 1
6420 0
6421 1
6422 1
6423 1
6424 0
6425 1
6426 2
6427 1
6428 1
6429 1
6430 1
6431 0
6432 0
6433 1
6434 2
6435 2
6436 1
6437 0
6438 1
6439 0
6440 1
6441 0
6442 2
6443 1
6444 0
6445 0
6446 2
6447 0
6448 1
6449 1
6450 1
6451 1
6452 0
6453 1
6454 0
6455 0
6456 0
6457 0
6458 1
6459 1
6460 0
6461 1
6462 0
6463 0
6464 0
6465 1
6466 1
6467 1
6468 0
6469 1
6470 1
6471 1
6472 1
6473 1
6474 1
6475 2
6476 1
6477 0
6478 1
6479 0
6480 1
6481 0
6482 1
6483 2
6484 1
6485 1
6486 0
6487 2
6488 0
6489 2
6490 1
6491 2
6492 1
6493 0
6494 1
6495 1
6496 1
6497 0
6498 1
6499 0
6500 0
6501 1
6502 1
6503 1
6504 0
6505 2
6506 1
6507 1
6508 1
6509 1
6510 2
6511 1
6512 1
6513 1
6514 0
6515 0
6516 1
6517 1
6518 1
6519 1
6520 1
6521 0
6522 1
6523 0
6524 0
6525 0
6526 0
6527 1
6528 0
6529 1
6530 0
6531 2
6532 1
6533 1
6534 0
6535 0
6536 0
6537 0
6538 1
6539 1
6540 0
6541 1
6542 0
6543 1
6544 1
6545 1
6546 0
6547 1
6548 0
6549 1
6550 1
6551 1
6552 1
6553 0
6554 0
6555 1
6556 1
6557 1
6558 1
6559 2
6560 0
6561 0
6562 1
6563 1
6564 1
6565 1
6566 1
6567 0
6568 1
6569 0
6570 1
6571 1
6572 0
6573 1
6574 0
6575 1
6576 1
6577 1
6578 0
6579 1
6580 1
6581 2
6582 1
6583 1
6584 1
6585 1
6586 0
6587 1
6588 0
6589 1
6590 0
6591 1
6592 1
6593 1
6594 1
6595 1
6596 1
6597 2
6598 1
6599 2
6600 2
6601 1
6602 1
6603 1
6604 1
6605 1
6606 1
6607 1
6608 0
6609 1
6610 1
6611 1
6612 1
6613 0
6614 2
6615 1
6616 1
6617 1
6618 1
6619 1
6620 0
6621 0
6622 1
6623 1
6624 1
6625 2
6626 1
6627 1
6628 0
6629 1
6630 1
6631 1
6632 2
6633 1
6634 1
6635 1
6636 1
6637 1
6638 1
6639 1
6640 1
6641 1
6642 1
6643 1
6644 0
6645 1
6646 0
6647 1
6648 0
6649 0
6650 1
6651 1
6652 2
6653 1
6654 1
6655 0
6656 1
6657 1
6658 1
6659 1
6660 2
6661 1
6662 1
6663 1
6664 0
6665 0
6666 1
6667 1
6668 1
6669 0
6670 0
6671 1
6672 0
6673 1
6674 1
6675 1
6676 1
6677 1
6678 1
6679 0
6680 2
6681 2
6682 1
6683 1
6684 2
6685 1
6686 1
6687 1
6688 1
6689 1
6690 1
6691 1
6692 1
6693 2
6694 0
6695 1
6696 0
6697 1
6698 1
6699 1
6700 1
6701 0
6702 1
6703 1
6704 2
6705 2
6706 1
6707 1
6708 1
6709 0
6710 1
6711 1
6712 2
6713 1
6714 1
6715 1
6716 0
6717 1
6718 0
6719 1
6720 0
6721 1
6722 1
6723 1
6724 2
6725 1
6726 1
6727 1
6728 0
6729 0
6730 1
6731 0
6732 0
6733 0
6734 2
6735 1
6736 1
6737 2
6738 0
6739 1
6740 2
6741 1
6742 0
6743 2
6744 1
6745 0
6746 2
6747 0
6748 0
6749 1
6750 0
6751 1
6752 1
6753 0
6754 1
6755 1
6756 0
6757 1
6758 0
6759 1
6760 1
6761 1
6762 0
6763 1
6764 0
6765 1
6766 1
6767 1
6768 0
6769 0
6770 1
6771 1
6772 1
6773 0
6774 1
6775 1
6776 1
6777 0
6778 0
6779 1
6780 1
6781 1
6782 1
6783 1
6784 0
6785 0
6786 2
6787 1
6788 1
6789 1
6790 1
6791 2
6792 0
6793 1
6794 1
6795 1
6796 1
6797 1
6798 0
6799 1
6800 1
6801 1
6802 1
6803 0
6804 1
6805 1
6806 0
6807 1
6808 0
6809 1
6810 1
6811 1
6812 1
6813 1
6814 0
6815 1
6816 1
6817 1
6818 0
6819 1
6820 0
6821 0
6822 1
6823 2
6824 0
6825 2
6826 1
6827 1
6828 1
6829 1
6830 1
6831 2
6832 0
6833 1
6834 1
6835 1
6836 1
6837 1
6838 1
6839 1
6840 1
6841 1
6842 1
6843 0
6844 1
6845 2
6846 0
6847 1
6848 2
6849 0
6850 1
6851 2
6852 1
6853 0
6854 1
6855 2
6856 1
6857 1
6858 0
6859 1
6860 1
6861 1
6862 1
6863 0
6864 1
6865 2
6866 1
6867 0
6868 1
6869 1
6870 0
6871 1
6872 1
6873 1
6874 1
6875 2
6876 1
6877 0
6878 1
6879 1
6880 1
6881 0
6882 1
6883 1
6884 1
6885 0
6886 1
6887 0
6888 1
6889 1
6890 1
6891 1
6892 1
6893 1
6894 1
6895 0
6896 1
6897 1
6898 1
6899 1
6900 1
6901 1
6902 1
6903 1
6904 1
6905 1
6906 1
6907 0
6908 0
6909 0
6910 1
6911 1
6912 1
6913 1
6914 0
6915 0
6916 1
6917 1
6918 0
6919 0
6920 1
6921 0
6922 0
6923 1
6924 0
6925 1
6926 1
6927 1
6928 0
6929 1
6930 0
6931 2
6932 1
6933 1
6934 1
6935 0
6936 0
6937 0
6938 1
6939 1
6940 0
6941 1
6942 2
6943 0
6944 1
6945 1
6946 1
6947 1
6948 1
6949 1
6950 1
6951 0
6952 0
6953 0
6954 1
6955 1
6956 1
6957 1
6958 1
6959 2
6960 1
6961 1
6962 1
6963 1
6964 1
6965 1
6966 1
6967 2
6968 0
6969 1
6970 1
6971 2
6972 1
6973 1
6974 2
6975 0
6976 1
6977 1
6978 1
6979 0
6980 1
6981 2
6982 1
6983 1
6984 1
6985 1
6986 1
6987 1
6988 1
6989 0
6990 1
6991 1
6992 1
6993 1
6994 1
6995 0
6996 1
6997 1
6998 0
6999 0
7000 1
7001 1
7002 0
7003 0
7004 1
7005 1
7006 1
7007 0
7008 1
7009 1
7010 2
7011 1
7012 1
7013 0
7014 1
7015 1
7016 1
7017 1
7018 1
7019 0
7020 1
7021 0
7022 1
7023 0
7024 1
7025 1
7026 1
7027 1
7028 1
7029 1
7030 0
7031 1
7032 0
7033 0
7034 1
7035 1
7036 1
7037 1
7038 0
7039 1
7040 1
7041 1
7042 0
7043 0
7044 1
7045 1
7046 1
7047 0
7048 0
7049 1
7050 1
7051 1
7052 1
7053 1
7054 2
7055 2
7056 2
7057 0
7058 1
7059 0
7060 1
7061 2
7062 1
7063 1
7064 0
7065 0
7066 1
7067 0
7068 0
7069 1
7070 1
7071 0
7072 1
7073 0
7074 0
7075 0
7076 0
7077 1
7078 1
7079 1
7080 1
7081 1
7082 2
7083 1
7084 1
7085 0
7086 1
7087 0
7088 0
7089 2
7090 0
7091 0
7092 1
7093 0
7094 1
7095 0
7096 1
7097 1
7098 2
7099 1
7100 1
7101 1
7102 1
7103 1
7104 0
7105 0
7106 1
7107 0
7108 2
7109 2
7110 1
7111 1
7112 0
7113 1
7114 1
7115 1
7116 1
7117 0
7118 1
7119 1
7120 0
7121 0
7122 0
7123 2
7124 0
7125 1
7126 0
7127 1
7128 1
7129 0
7130 1
7131 1
7132 0
7133 1
7134 1
7135 1
7136 1
7137 0
7138 0
7139 1
7140 1
7141 1
7142 1
7143 1
7144 1
7145 1
7146 1
7147 1
7148 0
7149 0
7150 1
7151 1
7152 1
7153 1
7154 0
7155 1
7156 0
7157 1
7158 0
7159 0
7160 1
7161 0
7162 0
7163 1
7164 0
7165 1
7166 0
7167 0
7168 1
7169 2
7170 1
7171 1
7172 1
7173 1
7174 2
7175 0
7176 1
7177 0
7178 1
7179 0
7180 1
7181 0
7182 1
7183 1
7184 0
7185 1
7186 1
7187 1
7188 2
7189 0
7190 0
7191 1
7192 0
7193 1
7194 1
7195 0
7196 0
7197 0
7198 2
7199 0
7200 1
7201 0
7202 1
7203 0
7204 1
7205 0
7206 1
7207 0
7208 1
7209 1
7210 1
7211 1
7212 1
7213 0
7214 1
7215 0
7216 0
7217 0
7218 1
7219 1
7220 1
7221 1
7222 1
7223 1
7224 1
7225 2
7226 2
7227 1
7228 1
7229 1
7230 1
7231 0
7232 1
7233 0
7234 0
7235 1
7236 0
7237 1
7238 1
7239 1
7240 1
7241 1
7242 1
7243 1
7244 1
7245 1
7246 2
7247 1
7248 2
7249 1
7250 2
7251 0
7252 0
7253 1
7254 0
7255 1
7256 1
7257 1
7258 1
7259 0
7260 0
7261 1
7262 1
7263 0
7264 1
7265 0
7266 1
7267 1
7268 1
7269 1
7270 1
7271 0
7272 1
7273 0
7274 1
7275 1
7276 1
7277 0
7278 1
7279 0
7280 0
7281 0
7282 0
7283 1
7284 1
7285 1
7286 1
7287 1
7288 0
7289 2
7290 1
7291 0
7292 1
7293 0
7294 1
7295 0
7296 0
7297 2
7298 0
7299 0
7300 1
7301 1
7302 0
7303 0
7304 1
7305 1
7306 1
7307 1
7308 0
7309 1
7310 1
7311 2
7312 0
7313 2
7314 0
7315 1
7316 2
7317 1
7318 0
7319 1
7320 1
7321 0
7322 1
7323 0
7324 1
7325 1
7326 0
7327 0
7328 0
7329 1
7330 0
7331 0
7332 1
7333 0
7334 1
7335 0
7336 2
7337 0
7338 0
7339 1
7340 0
7341 1
7342 0
7343 1
7344 2
7345 1
7346 1
7347 1
7348 1
7349 1
7350 2
7351 0
7352 2
7353 1
7354 2
7355 1
7356 2
7357 1
7358 0
7359 1
7360 0
7361 1
7362 0
7363 0
7364 2
7365 1
7366 0
7367 2
7368 1
7369 1
7370 0
7371 1
7372 1
7373 1
7374 1
7375 1
7376 0
7377 1
7378 1
7379 1
7380 1
7381 1
7382 1
7383 0
7384 2
7385 0
7386 0
7387 0
7388 0
7389 0
7390 0
7391 0
7392 0
7393 0
7394 0
7395 0
7396 0
7397 0
7398 0
7399 1
7400 0
7401 0
7402 0
7403 1
7404 0
7405 0
7406 0
7407 0
7408 0
7409 0
7410 0
7411 0
7412 0
7413 0
7414 0
7415 0
7416 1
7417 0
7418 0
7419 0
7420 1
7421 1
7422 0
7423 2
7424 1
7425 0
7426 1
7427 0
7428 2
7429 2
7430 1
7431 2
7432 0
7433 0
7434 2
7435 0
7436 1
7437 0
7438 1
7439 1
7440 1
7441 1
7442 1
7443 0
7444 1
7445 1
7446 1
7447 0
7448 1
7449 1
7450 0
7451 1
7452 1
7453 1
7454 1
7455 1
7456 2
7457 0
7458 2
7459 1
7460 0
7461 1
7462 1
7463 1
7464 0
7465 0
7466 1
7467 1
7468 2
7469 0
7470 0
7471 1
7472 1
7473 1
7474 2
7475 2
7476 0
7477 1
7478 2
7479 1
7480 1
7481 2
7482 0
7483 1
7484 1
7485 0
7486 1
7487 1
7488 1
7489 0
7490 1
7491 1
7492 1
7493 1
7494 2
7495 1
7496 1
7497 0
7498 0
7499 2
7500 1
7501 1
7502 2
7503 1
7504 1
7505 0
7506 0
7507 1
7508 1
7509 1
7510 0
7511 1
7512 1
7513 2
7514 1
7515 1
7516 2
7517 1
7518 1
7519 1
7520 0
7521 1
7522 1
7523 1
7524 0
7525 1
7526 1
7527 1
7528 1
7529 0
7530 1
7531 1
7532 1
7533 1
7534 1
7535 0
7536 1
7537 0
7538 1
7539 1
7540 0
7541 0
7542 1
7543 1
7544 0
7545 0
7546 1
7547 2
7548 1
7549 1
7550 1
7551 1
7552 1
7553 1
7554 1
7555 0
7556 1
7557 1
7558 1
7559 1
7560 1
7561 1
7562 1
7563 1
7564 2
7565 1
7566 1
7567 1
7568 1
7569 1
7570 1
7571 0
7572 1
7573 1
7574 1
7575 1
7576 0
7577 1
7578 1
7579 1
7580 1
7581 0
7582 1
7583 0
7584 0
7585 1
7586 1
7587 1
7588 0
7589 1
7590 1
7591 0
7592 1
7593 2
7594 0
7595 0
7596 1
7597 1
7598 1
7599 1
7600 0
7601 1
7602 1
7603 1
7604 0
7605 0
7606 1
7607 1
7608 1
7609 1
7610 1
7611 0
7612 1
7613 1
7614 2
7615 2
7616 0
7617 1
7618 1
7619 1
7620 1
7621 1
7622 0
7623 1
7624 0
7625 1
7626 1
7627 1
7628 1
7629 1
7630 2
7631 1
7632 1
7633 0
7634 1
7635 0
7636 0
7637 1
7638 1
7639 1
7640 2
7641 1
7642 1
7643 1
7644 1
7645 1
7646 1
7647 1
7648 1
7649 0
7650 0
7651 1
7652 1
7653 0
7654 1
7655 1
7656 1
7657 1
7658 0
7659 1
7660 1
7661 0
7662 1
7663 0
7664 0
7665 0
7666 0
7667 0
7668 1
7669 0
7670 1
7671 0
7672 1
7673 0
7674 0
7675 0
7676 1
7677 0
7678 1
7679 1
7680 1
7681 0
7682 1
7683 0
7684 0
7685 1
7686 0
7687 1
7688 1
7689 1
7690 2
7691 2
7692 0
7693 0
7694 1
7695 1
7696 1
7697 1
7698 1
7699 1
7700 0
7701 1
7702 0
7703 1
7704 1
7705 1
7706 2
7707 1
7708 1
7709 1
7710 1
7711 1
7712 2
7713 0
7714 1
7715 1
7716 1
7717 0
7718 1
7719 1
7720 1
7721 0
7722 0
7723 1
7724 1
7725 1
7726 0
7727 0
7728 1
7729 1
7730 0
7731 0
7732 1
7733 1
7734 2
7735 1
7736 1
7737 1
7738 2
7739 2
7740 2
7741 0
7742 1
7743 0
7744 0
7745 0
7746 1
7747 1
7748 1
7749 2
7750 2
7751 0
7752 1
7753 1
7754 1
7755 1
7756 1
7757 1
7758 1
7759 1
7760 1
7761 1
7762 1
7763 1
7764 1
7765 1
7766 0
7767 1
7768 1
7769 1
7770 1
7771 1
7772 1
7773 2
7774 1
7775 1
7776 1
7777 1
7778 0
7779 0
7780 1
7781 2
7782 2
7783 1
7784 1
7785 1
7786 1
7787 0
7788 1
7789 1
7790 0
7791 0
7792 1
7793 0
7794 0
7795 1
7796 1
7797 1
7798 1
7799 1
7800 1
7801 1
7802 0
7803 1
7804 1
7805 1
7806 1
7807 1
7808 1
7809 2
7810 1
7811 0
7812 0
7813 1
7814 1
7815 1
7816 1
7817 1
7818 1
7819 1
7820 1
7821 1
7822 1
7823 1
7824 1
7825 1
7826 2
7827 0
7828 1
7829 0
7830 1
7831 1
7832 1
7833 1
7834 1
7835 1
7836 1
7837 1
7838 1
7839 0
7840 0
7841 1
7842 1
7843 0
7844 1
7845 1
7846 1
7847 1
7848 1
7849 1
7850 1
7851 1
7852 1
7853 1
7854 1
7855 0
7856 1
7857 1
7858 1
7859 1
7860 1
7861 1
7862 1
7863 1
7864 1
7865 1
7866 1
7867 1
7868 1
7869 1
7870 0
7871 1
7872 1
7873 0
7874 0
7875 0
7876 1
7877 1
7878 2
7879 1
7880 1
7881 0
7882 0
7883 1
7884 0
7885 1
7886 1
7887 0
7888 1
7889 1
7890 1
7891 0
7892 0
7893 0
7894 1
7895 1
7896 0
7897 1
7898 1
7899 1
7900 1
7901 1
7902 1
7903 1
7904 0
7905 1
7906 2
7907 0
7908 2
7909 1
7910 1
7911 1
7912 1
7913 1
7914 1
7915 1
7916 1
7917 0
7918 0
7919 1
7920 1
7921 1
7922 0
7923 1
7924 1
7925 1
7926 0
7927 2
7928 1
7929 2
7930 1
7931 1
7932 1
7933 0
7934 1
7935 1
7936 1
7937 0
7938 1
7939 1
7940 1
7941 1
7942 0
7943 0
7944 0
7945 2
7946 1
7947 1
7948 2
7949 0
7950 2
7951 1
7952 1
7953 0
7954 1
7955 1
7956 0
7957 1
7958 1
7959 2
7960 0
7961 1
7962 1
7963 1
7964 1
7965 1
7966 1
7967 1
7968 0
7969 1
7970 1
7971 0
7972 1
7973 0
7974 1
7975 0
7976 1
7977 1
7978 1
7979 1
7980 1
7981 2
7982 0
7983 0
7984 1
7985 1
7986 0
7987 1
7988 1
7989 1
7990 1
7991 1
7992 1
7993 1
7994 1
7995 1
7996 1
7997 0
7998 1
7999 0
8000 2
8001 1
8002 1
8003 0
8004 0
8005 1
8006 0
8007 1
8008 1
8009 0
8010 1
8011 1
8012 2
8013 1
8014 0
8015 1
8016 1
8017 2
8018 1
8019 1
8020 1
8021 1
8022 1
8023 1
8024 1
8025 0
8026 1
8027 1
8028 1
8029 2
8030 1
8031 1
8032 0
8033 1
8034 0
8035 1
8036 1
8037 0
8038 2
8039 1
8040 1
8041 0
8042 1
8043 1
8044 1
8045 1
8046 1
8047 0
8048 1
8049 1
8050 1
8051 1
8052 0
8053 1
8054 1
8055 1
8056 1
8057 1
8058 0
8059 0
8060 1
8061 1
8062 1
8063 1
8064 1
8065 1
8066 1
8067 0
8068 0
8069 1
8070 1
8071 1
8072 1
8073 1
8074 1
8075 1
8076 0
8077 1
8078 1
8079 1
8080 0
8081 0
8082 1
8083 1
8084 1
8085 0
8086 0
8087 0
8088 1
8089 1
8090 1
8091 0
8092 1
8093 2
8094 1
8095 2
8096 1
8097 1
8098 0
8099 1
8100 0
8101 1
8102 0
8103 1
8104 0
8105 1
8106 1
8107 1
8108 1
8109 1
8110 1
8111 1
8112 1
8113 0
8114 1
8115 0
8116 1
8117 0
8118 0
8119 1
8120 1
8121 1
8122 1
8123 1
8124 2
8125 1
8126 1
8127 1
8128 1
8129 0
8130 0
8131 1
8132 0
8133 1
8134 2
8135 0
8136 0
8137 1
8138 0
8139 1
8140 1
8141 0
8142 1
8143 1
8144 0
8145 1
8146 1
8147 1
8148 1
8149 0
8150 0
8151 0
8152 0
8153 1
8154 2
8155 0
8156 1
8157 1
8158 1
8159 1
8160 1
8161 0
8162 1
8163 1
8164 1
8165 1
8166 1
8167 0
8168 2
8169 1
8170 1
8171 0
8172 0
8173 0
8174 1
8175 1
8176 1
8177 1
8178 1
8179 1
8180 1
8181 1
8182 1
8183 1
8184 1
8185 1
8186 1
8187 1
8188 1
8189 1
8190 0
8191 0
8192 0
8193 1
8194 1
8195 1
8196 0
8197 1
8198 1
8199 1
8200 1
8201 0
8202 1
8203 0
8204 1
8205 1
8206 1
8207 0
8208 1
8209 1
8210 1
8211 0
8212 1
8213 1
8214 1
8215 1
8216 1
8217 1
8218 1
8219 1
8220 0
8221 1
8222 0
8223 1
8224 1
8225 1
8226 1
8227 2
8228 1
8229 2
8230 1
8231 1
8232 0
8233 1
8234 1
8235 1
8236 1
8237 1
8238 0
8239 0
8240 0
8241 0
8242 1
8243 2
8244 1
8245 2
8246 1
8247 1
8248 0
8249 1
8250 2
8251 0
8252 0
8253 1
8254 1
8255 1
8256 2
8257 1
8258 1
8259 2
8260 0
8261 1
8262 1
8263 1
8264 0
8265 1
8266 0
8267 0
8268 1
8269 1
8270 1
8271 1
8272 1
8273 0
8274 2
8275 1
8276 2
8277 1
8278 1
8279 1
8280 1
8281 0
8282 0
8283 0
8284 1
8285 1
8286 1
8287 1
8288 1
8289 0
8290 0
8291 1
8292 1
8293 1
8294 1
8295 1
8296 1
8297 0
8298 1
8299 0
8300 0
8301 1
8302 0
8303 1
8304 2
8305 1
8306 2
8307 2
8308 0
8309 1
8310 1
8311 1
8312 0
8313 0
8314 1
8315 1
8316 1
8317 1
8318 1
8319 0
8320 0
8321 2
8322 0
8323 0
8324 1
8325 2
8326 1
8327 1
8328 0
8329 1
8330 2
8331 1
8332 1
8333 1
8334 1
8335 1
8336 0
8337 2
8338 0
8339 2
8340 0
8341 1
8342 0
8343 1
8344 0
8345 1
8346 1
8347 2
8348 1
8349 0
8350 1
8351 1
8352 2
8353 1
8354 0
8355 1
8356 2
8357 2
8358 1
8359 1
8360 2
8361 0
8362 1
8363 1
8364 1
8365 1
8366 0
8367 1
8368 1
8369 0
8370 0
8371 1
8372 1
8373 1
8374 2
8375 0
8376 0
8377 0
8378 1
8379 1
8380 1
8381 0
8382 0
8383 0
8384 1
8385 2
8386 1
8387 1
8388 1
8389 1
8390 0
8391 0
8392 1
8393 1
8394 1
8395 2
8396 1
8397 1
8398 1
8399 1
8400 0
8401 1
8402 1
8403 1
8404 1
8405 1
8406 1
8407 0
8408 1
8409 1
8410 1
8411 1
8412 1
8413 1
8414 1
8415 0
8416 1
8417 1
8418 1
8419 0
8420 1
8421 0
8422 1
8423 0
8424 1
8425 0
8426 0
8427 0
8428 0
8429 1
8430 1
8431 0
8432 1
8433 1
8434 2
8435 1
8436 1
8437 1
8438 1
8439 1
8440 1
8441 1
8442 0
8443 0
8444 1
8445 0
8446 1
8447 0
8448 1
8449 1
8450 1
8451 1
8452 2
8453 1
8454 1
8455 1
8456 1
8457 1
8458 1
8459 0
8460 1
8461 0
8462 1
8463 1
8464 0
8465 1
8466 1
8467 1
8468 1
8469 0
8470 1
8471 1
8472 0
8473 1
8474 2
8475 1
8476 1
8477 1
8478 1
8479 1
8480 0
8481 0
8482 0
8483 1
8484 1
8485 1
8486 0
8487 0
8488 1
8489 0
8490 1
8491 1
8492 1
8493 1
8494 1
8495 0
8496 1
8497 1
8498 0
8499 1
8500 1
8501 0
8502 1
8503 0
8504 1
8505 0
8506 2
8507 1
8508 1
8509 1
8510 1
8511 1
8512 1
8513 1
8514 2
8515 1
8516 1
8517 1
8518 0
8519 2
8520 1
8521 1
8522 2
8523 0
8524 1
8525 1
8526 1
8527 1
8528 1
8529 1
8530 1
8531 0
8532 1
8533 0
8534 1
8535 0
8536 1
8537 1
8538 1
8539 0
8540 1
8541 2
8542 2
8543 1
8544 1
8545 1
8546 0
8547 1
8548 1
8549 1
8550 1
8551 1
8552 1
8553 1
8554 0
8555 1
8556 0
8557 1
8558 1
8559 1
8560 1
8561 0
8562 0
8563 1
8564 1
8565 1
8566 1
8567 1
8568 1
8569 0
8570 0
8571 0
8572 1
8573 1
8574 1
8575 1
8576 1
8577 1
8578 1
8579 1
8580 1
8581 1
8582 0
8583 1
8584 1
8585 1
8586 0
8587 1
8588 0
8589 1
8590 1
8591 1
8592 1
8593 2
8594 1
8595 1
8596 1
8597 1
8598 0
8599 1
8600 1
8601 1
8602 1
8603 1
8604 1
8605 1
8606 1
8607 0
8608 1
8609 0
8610 1
8611 0
8612 1
8613 1
8614 1
8615 1
8616 0
8617 0
8618 0
8619 1
8620 1
8621 1
8622 1
8623 0
8624 1
8625 1
8626 0
8627 0
8628 0
8629 1
8630 1
8631 2
8632 1
8633 1
8634 1
8635 1
8636 1
8637 1
8638 2
8639 0
8640 1
8641 1
8642 1
8643 1
8644 1
8645 1
8646 1
8647 1
8648 2
8649 0
8650 1
8651 0
8652 0
8653 2
8654 0
8655 0
8656 1
8657 1
8658 2
8659 2
8660 1
8661 1
8662 1
8663 1
8664 0
8665 0
8666 1
8667 1
8668 1
8669 1
8670 1
8671 1
8672 0
8673 0
8674 0
8675 0
8676 1
8677 1
8678 0
8679 2
8680 1
8681 2
8682 1
8683 1
8684 1
8685 1
8686 2
8687 1
8688 1
8689 1
8690 1
8691 1
8692 0
8693 1
8694 1
8695 1
8696 0
8697 0
8698 0
8699 1
8700 1
8701 2
8702 1
8703 0
8704 1
8705 0
8706 0
8707 1
8708 0
8709 1
8710 2
8711 0
8712 0
8713 1
8714 1
8715 0
8716 1
8717 0
8718 0
8719 0
8720 1
8721 0
8722 1
8723 1
8724 0
8725 1
8726 0
8727 1
8728 1
8729 0
8730 1
8731 1
8732 1
8733 1
8734 1
8735 1
8736 1
8737 1
8738 1
8739 1
8740 0
8741 1
8742 1
8743 1
8744 1
8745 1
8746 1
8747 1
8748 1
8749 0
8750 0
8751 0
8752 1
8753 0
8754 0
8755 1
8756 0
8757 0
8758 0
8759 0
8760 0
8761 0
8762 1
8763 1
8764 0
8765 1
8766 1
8767 0
8768 1
8769 1
8770 0
8771 1
8772 1
8773 0
8774 1
8775 1
8776 1
8777 0
8778 0
8779 1
8780 1
8781 1
8782 0
8783 0
8784 0
8785 1
8786 1
8787 1
8788 1
8789 1
8790 0
8791 1
8792 1
8793 0
8794 1
8795 0
8796 1
8797 1
8798 1
8799 1
8800 1
8801 1
8802 1
8803 1
8804 0
8805 0
8806 0
8807 0
8808 1
8809 0
8810 1
8811 0
8812 1
8813 0
8814 0
8815 1
8816 0
8817 0
8818 0
8819 0
8820 0
8821 1
8822 0
8823 1
8824 1
8825 0
8826 1
8827 0
8828 0
8829 1
8830 0
8831 1
8832 0
8833 0
8834 0
8835 0
8836 1
8837 0
8838 0
8839 0
8840 1
8841 0
8842 0
8843 1
8844 0
8845 0
8846 1
8847 1
8848 1
8849 1
8850 0
8851 1
8852 1
8853 1
8854 0
8855 0
8856 0
8857 1
8858 1
8859 0
8860 0
8861 1
8862 1
8863 1
8864 1
8865 1
8866 1
8867 1
8868 1
8869 1
8870 1
8871 0
8872 0
8873 1
8874 1
8875 1
8876 1
8877 1
8878 0
8879 1
8880 1
8881 1
8882 1
8883 0
8884 1
8885 1
8886 1
8887 0
8888 1
8889 1
8890 1
8891 1
8892 1
8893 1
8894 1
8895 1
8896 1
8897 2
8898 1
8899 2
8900 0
8901 1
8902 1
8903 1
8904 1
8905 0
8906 1
8907 0
8908 0
8909 1
8910 1
8911 1
8912 0
8913 1
8914 0
8915 0
8916 2
8917 1
8918 1
8919 1
8920 0
8921 2
8922 1
8923 0
8924 1
8925 2
8926 1
8927 1
8928 1
8929 1
8930 1
8931 1
8932 1
8933 1
8934 2
8935 1
8936 0
8937 1
8938 1
8939 1
8940 0
8941 1
8942 1
8943 1
8944 2
8945 1
8946 1
8947 1
8948 1
8949 1
8950 0
8951 1
8952 1
8953 0
8954 0
8955 0
8956 0
8957 1
8958 1
8959 1
8960 1
8961 1
8962 1
8963 1
8964 0
8965 1
8966 1
8967 1
8968 0
8969 1
8970 0
8971 1
8972 1
8973 2
8974 0
8975 1
8976 0
8977 1
8978 0
8979 1
8980 1
8981 1
8982 0
8983 1
8984 1
8985 1
8986 1
8987 1
8988 1
8989 1
8990 1
8991 0
8992 1
8993 1
8994 1
8995 1
8996 1
8997 0
8998 1
8999 1
9000 1
9001 0
9002 0
9003 1
9004 1
9005 1
9006 1
9007 0
9008 2
9009 1
9010 0
9011 2
9012 0
9013 1
9014 1
9015 1
9016 1
9017 2
9018 1
9019 0
9020 1
9021 1
9022 1
9023 1
9024 0
9025 1
9026 0
9027 1
9028 1
9029 1
9030 0
9031 1
9032 1
9033 1
9034 0
9035 1
9036 1
9037 1
9038 2
9039 0
9040 1
9041 1
9042 2
9043 1
9044 0
9045 0
9046 0
9047 1
9048 2
9049 1
9050 1
9051 1
9052 2
9053 1
9054 1
9055 1
9056 1
9057 1
9058 1
9059 2
9060 0
9061 1
9062 1
9063 1
9064 0
9065 1
9066 1
9067 1
9068 1
9069 1
9070 1
9071 1
9072 0
9073 1
9074 0
9075 1
9076 1
9077 0
9078 1
9079 2
9080 0
9081 1
9082 1
9083 1
9084 1
9085 2
9086 2
9087 1
9088 1
9089 0
9090 1
9091 1
9092 0
9093 1
9094 1
9095 0
9096 1
9097 1
9098 1
9099 1
9100 1
9101 1
9102 1
9103 1
9104 1
9105 0
9106 1
9107 1
9108 1
9109 0
9110 1
9111 1
9112 1
9113 0
9114 1
9115 1
9116 1
9117 1
9118 1
9119 0
9120 1
9121 1
9122 2
9123 1
9124 1
9125 1
9126 2
9127 1
9128 1
9129 1
9130 1
9131 1
9132 1
9133 0
9134 0
9135 1
9136 1
9137 1
9138 1
9139 0
9140 1
9141 1
9142 1
9143 0
9144 0
9145 1
9146 0
9147 1
9148 1
9149 2
9150 1
9151 1
9152 0
9153 1
9154 1
9155 0
9156 1
9157 1
9158 1
9159 1
9160 1
9161 1
9162 1
9163 1
9164 0
9165 1
9166 0
9167 0
9168 1
9169 1
9170 0
9171 1
9172 1
9173 1
9174 2
9175 0
9176 1
9177 1
9178 0
9179 2
9180 1
9181 1
9182 1
9183 1
9184 1
9185 1
9186 0
9187 1
9188 1
9189 1
9190 1
9191 1
9192 0
9193 0
9194 1
9195 0
9196 1
9197 1
9198 0
9199 1
9200 1
9201 1
9202 1
9203 1
9204 1
9205 0
9206 0
9207 1
9208 0
9209 0
9210 1
9211 0
9212 0
9213 1
9214 1
9215 1
9216 1
9217 0
9218 1
9219 1
9220 1
9221 1
9222 0
9223 1
9224 0
9225 1
9226 1
9227 1
9228 1
9229 1
9230 0
9231 0
9232 1
9233 0
9234 1
9235 1
9236 1
9237 0
9238 1
9239 1
9240 1
9241 1
9242 0
9243 0
9244 1
9245 1
9246 1
9247 0
9248 1
9249 0
9250 1
9251 1
9252 0
9253 0
9254 0
9255 2
9256 0
9257 1
9258 1
9259 1
9260 1
9261 1
9262 1
9263 0
9264 0
9265 2
9266 2
9267 1
9268 0
9269 1
9270 0
9271 1
9272 1
9273 1
9274 0
9275 1
9276 0
9277 1
9278 1
9279 1
9280 2
9281 1
9282 1
9283 1
9284 1
9285 0
9286 0
9287 1
9288 1
9289 1
9290 0
9291 1
9292 1
9293 1
9294 1
9295 1
9296 0
9297 1
9298 1
9299 1
9300 1
9301 1
9302 1
9303 1
9304 1
9305 1
9306 1
9307 1
9308 1
9309 1
9310 1
9311 2
9312 1
9313 1
9314 1
9315 1
9316 0
9317 1
9318 1
9319 0
9320 0
9321 1
9322 1
9323 1
9324 0
9325 1
9326 0
9327 1
9328 1
9329 1
9330 1
9331 1
9332 1
9333 1
9334 1
9335 1
9336 1
9337 2
9338 1
9339 1
9340 0
9341 1
9342 1
9343 0
9344 1
9345 0
9346 1
9347 1
9348 1
9349 1
9350 1
9351 1
9352 1
9353 1
9354 2
9355 1
9356 0
9357 2
9358 0
9359 0
9360 0
9361 2
9362 0
9363 0
9364 1
9365 1
9366 1
9367 0
9368 1
9369 1
9370 1
9371 0
9372 1
9373 1
9374 1
9375 1
9376 1
9377 0
9378 1
9379 0
9380 0
9381 1
9382 1
9383 1
9384 0
9385 0
9386 0
9387 1
9388 1
9389 1
9390 1
9391 1
9392 1
9393 1
9394 0
9395 0
9396 1
9397 1
9398 1
9399 1
9400 0
9401 1
9402 1
9403 1
9404 0
9405 1
9406 0
9407 1
9408 0
9409 1
9410 2
9411 1
9412 1
9413 1
9414 1
9415 0
9416 0
9417 1
9418 1
9419 1
9420 1
9421 1
9422 0
9423 1
9424 0
9425 1
9426 2
9427 0
9428 1
9429 1
9430 1
9431 0
9432 1
9433 1
9434 1
9435 1
9436 1
9437 1
9438 1
9439 0
9440 1
9441 0
9442 1
9443 1
9444 0
9445 1
9446 1
9447 0
9448 1
9449 1
9450 1
9451 1
9452 0
9453 1
9454 1
9455 1
9456 1
9457 1
9458 1
9459 1
9460 0
9461 0
9462 0
9463 1
9464 0
9465 1
9466 1
9467 1
9468 1
9469 1
9470 0
9471 1
9472 1
9473 0
9474 0
9475 1
9476 0
9477 0
9478 0
9479 0
9480 1
9481 1
9482 1
9483 0
9484 0
9485 0
9486 0
9487 1
9488 0
9489 1
9490 1
9491 1
9492 2
9493 1
9494 1
9495 1
9496 1
9497 0
9498 1
9499 1
9500 1
9501 1
9502 1
9503 1
9504 1
9505 0
9506 1
9507 1
9508 0
9509 1
9510 2
9511 2
9512 1
9513 1
9514 1
9515 0
9516 0
9517 1
9518 1
9519 1
9520 1
9521 0
9522 1
9523 0
9524 0
9525 1
9526 2
9527 0
9528 0
9529 1
9530 1
9531 1
9532 0
9533 1
9534 1
9535 1
9536 1
9537 1
9538 0
9539 0
9540 1
9541 1
9542 0
9543 0
9544 0
9545 1
9546 1
9547 1
9548 0
9549 0
9550 1
9551 1
9552 1
9553 1
9554 1
9555 0
9556 1
9557 1
9558 1
9559 1
9560 2
9561 1
9562 2
9563 1
9564 0
9565 1
9566 0
9567 1
9568 1
9569 0
9570 1
9571 0
9572 1
9573 2
9574 1
9575 2
9576 1
9577 0
9578 0
9579 0
9580 1
9581 0
9582 0
9583 0
9584 0
9585 1
9586 0
9587 1
9588 0
9589 0
9590 0
9591 1
9592 1
9593 0
9594 0
9595 1
9596 2
9597 1
9598 1
9599 2
9600 2
9601 0
9602 1
9603 1
9604 1
9605 0
9606 2
9607 2
9608 1
9609 1
9610 0
9611 1
9612 1
9613 0
9614 1
9615 1
9616 1
9617 0
9618 1
9619 0
9620 1
9621 1
9622 1
9623 1
9624 1
9625 1
9626 1
9627 1
9628 1
9629 0
9630 2
9631 1
9632 0
9633 1
9634 1
9635 2
9636 2
9637 0
9638 0
9639 1
9640 1
9641 1
9642 0
9643 0
9644 1
9645 0
9646 2
9647 0
9648 0
9649 0
9650 1
9651 1
9652 1
9653 1
9654 1
9655 1
9656 1
9657 1
9658 1
9659 2
9660 1
9661 1
9662 1
9663 1
9664 2
9665 2
9666 1
9667 1
9668 1
9669 1
9670 1
9671 1
9672 1
9673 1
9674 2
9675 1
9676 0
9677 1
9678 2
9679 1
9680 1
9681 1
9682 0
9683 0
9684 1
9685 0
9686 0
9687 0
9688 1
9689 0
9690 0
9691 0
9692 0
9693 0
9694 0
9695 0
9696 0
9697 0
9698 0
9699 0
9700 0
9701 1
9702 1
9703 1
9704 1
9705 1
9706 1
9707 1
9708 2
9709 1
9710 1
9711 1
9712 1
9713 1
9714 1
9715 2
9716 2
9717 2
9718 2
9719 0
9720 2
9721 1
9722 1
9723 2
9724 1
9725 1
9726 2
9727 1
9728 1
9729 1
9730 0
9731 1
9732 1
9733 0
9734 1
9735 0
9736 0
9737 1
9738 1
9739 1
9740 1
9741 1
9742 2
9743 2
9744 1
9745 0
9746 1
9747 1
9748 1
9749 0
9750 1
9751 1
9752 1
9753 1
9754 0
9755 1
9756 1
9757 1
9758 1
9759 0
9760 1
9761 1
9762 2
9763 0
9764 0
9765 0
9766 0
9767 0
9768 0
9769 0
9770 0
9771 0
9772 0
9773 0
9774 1
9775 0
9776 0
9777 0
9778 0
9779 0
9780 0
9781 0
9782 0
9783 0
9784 0
9785 0
9786 0
9787 0
9788 0
9789 0
9790 0
9791 0
9792 0
9793 0
9794 0
9795 0
9796 0
9797 0
9798 0
9799 0
9800 0
9801 0
9802 0
9803 0
9804 0
9805 0
9806 0
9807 0
9808 0
9809 0
9810 0
9811 0
9812 0
9813 0
9814 0
9815 0
9816 0
9817 0
9818 0
9819 0
9820 0
9821 0
9822 0
9823 0
9824 0
9825 0
9826 0
9827 0
9828 0
9829 0
9830 0
9831 0
9832 1
9833 0
9834 0
9835 0
9836 0
9837 0
9838 0
9839 0
9840 0
9841 0
9842 0
9843 0
9844 0
9845 0
9846 0
9847 0
9848 0
9849 0
9850 0
9851 1
9852 1
9853 1
9854 1
9855 2
9856 1
9857 1
9858 1
9859 1
9860 1
9861 1
9862 2
9863 1
9864 0
9865 1
9866 1
9867 1
9868 1
9869 1
9870 0
9871 1
9872 1
9873 1
9874 1
9875 1
9876 1
9877 1
9878 1
9879 1
9880 1
9881 2
9882 1
9883 1
9884 1
9885 1
9886 0
9887 1
9888 1
9889 2
9890 1
9891 1
9892 0
9893 0
9894 1
9895 0
9896 0
9897 0
9898 1
9899 2
9900 1
9901 1
9902 2
9903 2
9904 1
9905 0
9906 1
9907 1
9908 0
9909 1
9910 0
9911 0
9912 0
9913 1
9914 0
9915 0
9916 2
9917 1
9918 1
9919 1
9920 0
9921 1
9922 1
9923 1
9924 1
9925 1
9926 0
9927 1
9928 0
9929 1
9930 1
9931 1
9932 1
9933 2
9934 1
9935 2
9936 1
9937 0
9938 1
9939 1
9940 2
9941 0
9942 0
9943 0
9944 1
9945 2
9946 1
9947 2
9948 1
9949 0
9950 1
9951 1
9952 1
9953 1
9954 1
9955 1
9956 1
9957 2
9958 1
9959 1
9960 1
9961 2
9962 1
9963 2
9964 1
9965 0
9966 0
9967 1
9968 1
9969 2
9970 1
9971 1
9972 1
9973 1
9974 0
9975 1
9976 0
9977 1
9978 0
9979 1
9980 1
9981 0
9982 2
9983 1
9984 0
9985 1
9986 1
9987 1
9988 0
9989 1
9990 1
9991 1
9992 1
9993 1
9994 2
9995 0
9996 1
9997 1
9998 0
9999 1
10000 2
10001 0
