1 1
2 0
3 0
4 0
5 0
6 0
7 0
8 0
9 1
10 0
11 0
12 0
13 0
14 0
15 0
16 1
17 0
18 1
19 1
20 0
21 1
22 1
23 0
24 1
25 1
26 0
27 0
28 0
29 0
30 0
31 0
32 1
33 0
34 0
35 0
36 1
37 0
38 0
39 1
40 1
41 1
42 0
43 1
44 0
45 0
46 0
47 1
48 0
49 0
50 1
51 0
52 0
53 1
54 0
55 0
56 0
57 1
58 0
59 0
60 1
61 1
62 0
63 0
64 1
65 0
66 1
67 1
68 0
69 1
70 0
71 0
72 0
73 0
74 0
75 0
76 1
77 1
78 1
79 0
80 1
81 1
82 0
83 1
84 0
85 0
86 0
87 1
88 1
89 0
90 0
91 0
92 1
93 0
94 0
95 1
96 0
97 0
98 1
99 0
100 1
101 1
102 0
103 0
104 0
105 1
106 1
107 0
108 0
109 0
110 1
111 1
112 0
113 0
114 0
115 0
116 0
117 0
118 0
119 1
120 0
121 0
122 0
123 0
124 0
125 0
126 0
127 1
128 1
129 0
130 0
131 0
132 0
133 0
134 1
135 1
136 1
137 0
138 0
139 0
140 0
141 0
142 0
143 0
144 0
145 1
146 0
147 0
148 0
149 0
150 0
151 0
152 0
153 0
154 1
155 0
156 0
157 0
158 0
159 0
160 1
161 1
162 0
163 1
164 0
165 1
166 0
167 0
168 0
169 0
170 0
171 0
172 1
173 1
174 0
175 1
176 0
177 2
178 1
179 1
180 0
181 1
182 1
183 1
184 0
185 0
186 0
187 1
188 0
189 1
190 0
191 0
192 1
193 0
194 0
195 0
196 0
197 0
198 0
199 0
200 1
201 1
202 1
203 1
204 0
205 1
206 0
207 0
208 0
209 0
210 0
211 1
212 0
213 0
214 0
215 0
216 1
217 0
218 0
219 0
220 0
221 0
222 0
223 0
224 0
225 0
226 0
227 0
228 0
229 1
230 0
231 0
232 0
233 0
234 0
235 0
236 0
237 0
238 0
239 1
240 0
241 0
242 0
243 0
244 0
245 0
246 0
247 0
248 0
249 0
250 1
251 0
252 0
253 0
254 0
255 0
256 0
257 1
258 1
259 0
260 0
261 1
262 0
263 1
264 0
265 0
266 0
267 0
268 0
269 0
270 0
271 0
272 0
273 0
274 0
275 0
276 0
277 0
278 0
279 0
280 0
281 0
282 0
283 0
284 0
285 0
286 0
287 0
288 0
289 0
290 1
291 0
292 0
293 0
294 0
295 0
296 0
297 0
298 0
299 0
300 0
301 0
302 0
303 1
304 0
305 0
306 0
307 0
308 0
309 0
310 0
311 0
312 0
313 0
314 0
315 0
316 0
317 0
318 0
319 0
320 0
321 0
322 0
323 0
324 0
325 0
326 0
327 0
328 0
329 0
330 0
331 0
332 0
333 0
334 0
335 0
336 0
337 0
338 0
339 1
340 1
341 0
342 0
343 0
344 0
345 0
346 0
347 0
348 0
349 0
350 1
351 0
352 1
353 0
354 1
355 0
356 1
357 1
358 0
359 1
360 1
361 0
362 0
363 1
364 1
365 1
366 0
367 0
368 1
369 0
370 1
371 1
372 1
373 1
374 1
375 0
376 0
377 1
378 0
379 0
380 0
381 0
382 1
383 0
384 0
385 0
386 0
387 0
388 0
389 0
390 0
391 0
392 1
393 0
394 1
395 1
396 0
397 0
398 0
399 1
400 0
401 1
402 0
403 1
404 1
405 1
406 0
407 1
408 1
409 1
410 0
411 0
412 1
413 0
414 1
415 1
416 1
417 1
418 0
419 0
420 1
421 0
422 1
423 0
424 0
425 0
426 2
427 1
428 0
429 0
430 1
431 1
432 0
433 1
434 1
435 0
436 0
437 0
438 0
439 0
440 0
441 0
442 0
443 0
444 0
445 0
446 0
447 0
448 0
449 0
450 0
451 0
452 0
453 0
454 0
455 0
456 0
457 0
458 0
459 0
460 0
461 0
462 0
463 0
464 0
465 0
466 0
467 0
468 0
469 0
470 0
471 0
472 0
473 0
474 0
475 0
476 0
477 1
478 2
479 2
480 2
481 1
482 1
483 2
484 1
485 1
486 0
487 0
488 1
489 0
490 1
491 1
492 0
493 1
494 0
495 1
496 0
497 0
498 0
499 0
500 0
501 0
502 0
503 0
504 0
505 1
506 0
507 0
508 0
509 0
510 0
511 0
512 0
513 0
514 0
515 0
516 0
517 0
518 0
519 0
520 0
521 0
522 0
523 0
524 0
525 0
526 0
527 0
528 1
529 0
530 0
531 0
532 0
533 0
534 0
535 0
536 0
537 0
538 0
539 0
540 0
541 0
542 0
543 0
544 0
545 0
546 1
547 0
548 0
549 0
550 0
551 0
552 0
553 0
554 0
555 0
556 0
557 0
558 0
559 1
560 0
561 0
562 0
563 0
564 0
565 0
566 0
567 0
568 0
569 0
570 0
571 0
572 0
573 0
574 0
575 0
576 0
577 0
578 0
579 0
580 0
581 0
582 0
583 0
584 1
585 1
586 0
587 0
588 0
589 0
590 0
591 0
592 0
593 0
594 0
595 0
596 0
597 0
598 0
599 0
600 0
601 0
602 0
603 0
604 0
605 0
606 0
607 0
608 0
609 0
610 0
611 0
612 0
613 0
614 0
615 0
616 0
617 0
618 1
619 0
620 0
621 0
622 0
623 0
624 0
625 0
626 0
627 0
628 1
629 0
630 1
631 1
632 0
633 0
634 0
635 0
636 0
637 0
638 0
639 0
640 0
641 0
642 0
643 0
644 0
645 1
646 0
647 0
648 1
649 0
650 0
651 0
652 1
653 1
654 1
655 1
656 0
657 1
658 1
659 0
660 0
661 0
662 0
663 0
664 0
665 0
666 0
667 0
668 0
669 0
670 0
671 1
672 0
673 1
674 1
675 1
676 0
677 0
678 0
679 0
680 1
681 0
682 0
683 0
684 0
685 0
686 0
687 1
688 0
689 1
690 0
691 0
692 0
693 0
694 0
695 1
696 1
697 1
698 1
699 1
700 0
701 1
702 1
703 0
704 0
705 1
706 0
707 0
708 0
709 0
710 0
711 0
712 0
713 0
714 0
715 0
716 1
717 0
718 1
719 1
720 1
721 0
722 0
723 0
724 1
725 0
726 0
727 1
728 0
729 1
730 0
731 1
732 0
733 0
734 1
735 0
736 1
737 0
738 1
739 0
740 0
741 1
742 1
743 1
744 1
745 0
746 1
747 1
748 1
749 1
750 1
751 1
752 1
753 1
754 0
755 0
756 1
757 1
758 1
759 1
760 0
761 0
762 1
763 0
764 0
765 1
766 0
767 0
768 1
769 0
770 0
771 0
772 0
773 0
774 0
775 0
776 0
777 0
778 0
779 0
780 1
781 0
782 0
783 1
784 0
785 1
786 0
787 0
788 0
789 0
790 1
791 0
792 0
793 0
794 1
795 1
796 1
797 0
798 1
799 0
800 1
801 1
802 0
803 0
804 0
805 0
806 0
807 0
808 0
809 0
810 0
811 1
812 0
813 1
814 1
815 1
816 1
817 1
818 0
819 1
820 1
821 0
822 0
823 1
824 0
825 1
826 1
827 0
828 0
829 0
830 0
831 1
832 0
833 1
834 0
835 0
836 1
837 0
838 1
839 0
840 0
841 0
842 0
843 0
844 1
845 1
846 0
847 0
848 0
849 0
850 0
851 0
852 0
853 1
854 0
855 0
856 0
857 0
858 0
859 0
860 0
861 0
862 0
863 1
864 0
865 0
866 0
867 0
868 0
869 1
870 0
871 0
872 1
873 1
874 0
875 1
876 1
877 1
878 0
879 1
880 0
881 0
882 0
883 1
884 1
885 0
886 1
887 1
888 0
889 1
890 1
891 0
892 0
893 0
894 2
895 0
896 0
897 1
898 1
899 1
900 1
901 0
902 1
903 1
904 1
905 0
906 1
907 1
908 1
909 1
910 0
911 0
912 0
913 0
914 1
915 1
916 1
917 1
918 1
919 1
920 1
921 1
922 0
923 0
924 0
925 1
926 0
927 0
928 1
929 0
930 0
931 0
932 0
933 0
934 0
935 0
936 0
937 0
938 1
939 1
940 0
941 0
942 1
943 0
944 0
945 0
946 1
947 1
948 0
949 0
950 1
951 0
952 1
953 0
954 1
955 1
956 1
957 1
958 0
959 1
960 0
961 1
962 1
963 1
964 1
965 1
966 0
967 1
968 1
969 0
970 0
971 1
972 1
973 0
974 0
975 0
976 1
977 1
978 0
979 1
980 1
981 0
982 1
983 1
984 0
985 0
986 1
987 2
988 1
989 0
990 1
991 1
992 1
993 0
994 0
995 0
996 1
997 2
998 0
999 0
1000 1
1001 0
1002 0
1003 1
1004 1
1005 0
1006 0
1007 1
1008 0
1009 0
1010 0
1011 1
1012 0
1013 0
1014 0
1015 0
1016 0
1017 0
1018 0
1019 0
1020 0
1021 0
1022 0
1023 1
1024 1
1025 1
1026 1
1027 1
1028 1
1029 1
1030 0
1031 0
1032 0
1033 1
1034 1
1035 0
1036 1
1037 1
1038 0
1039 0
1040 1
1041 1
1042 0
1043 1
1044 0
1045 1
1046 1
1047 1
1048 0
1049 1
1050 0
1051 1
1052 1
1053 1
1054 0
1055 0
1056 1
1057 1
1058 0
1059 0
1060 1
1061 1
1062 1
1063 0
1064 1
1065 1
1066 0
1067 0
1068 0
1069 0
1070 0
1071 0
1072 1
1073 0
1074 0
1075 0
1076 1
1077 0
1078 0
1079 1
1080 0
1081 0
1082 1
1083 0
1084 1
1085 0
1086 1
1087 1
1088 0
1089 0
1090 0
1091 0
1092 1
1093 0
1094 0
1095 0
1096 1
1097 1
1098 1
1099 0
1100 0
1101 0
1102 0
1103 1
1104 1
1105 0
1106 0
1107 1
1108 0
1109 0
1110 0
1111 0
1112 1
1113 0
1114 0
1115 0
1116 0
1117 0
1118 1
1119 0
1120 0
1121 0
1122 0
1123 0
1124 0
1125 1
1126 1
1127 0
1128 0
1129 0
1130 0
1131 0
1132 0
1133 1
1134 1
1135 0
1136 1
1137 0
1138 0
1139 0
1140 0
1141 0
1142 0
1143 0
1144 0
1145 0
1146 0
1147 0
1148 1
1149 0
1150 0
1151 0
1152 0
1153 0
1154 0
1155 0
1156 0
1157 1
1158 0
1159 0
1160 1
1161 0
1162 0
1163 0
1164 0
1165 1
1166 0
1167 1
1168 1
1169 1
1170 1
1171 0
1172 1
1173 0
1174 1
1175 1
1176 1
1177 1
1178 0
1179 1
1180 1
1181 1
1182 0
1183 0
1184 0
1185 0
1186 1
1187 0
1188 1
1189 1
1190 1
1191 0
1192 0
1193 0
1194 0
1195 0
1196 0
1197 1
1198 1
1199 0
1200 0
1201 0
1202 0
1203 0
1204 1
1205 0
1206 0
1207 0
1208 1
1209 0
1210 0
1211 0
1212 0
1213 1
1214 0
1215 0
1216 0
1217 1
1218 0
1219 0
1220 0
1221 0
1222 0
1223 0
1224 0
1225 0
1226 0
1227 0
1228 0
1229 0
1230 0
1231 0
1232 0
1233 0
1234 0
1235 0
1236 0
1237 0
1238 1
1239 1
1240 1
1241 0
1242 0
1243 0
1244 0
1245 1
1246 0
1247 0
1248 0
1249 0
1250 0
1251 0
1252 0
1253 0
1254 0
1255 0
1256 0
1257 0
1258 0
1259 0
1260 0
1261 0
1262 0
1263 0
1264 0
1265 0
1266 0
1267 1
1268 1
1269 1
1270 0
1271 0
1272 1
1273 0
1274 0
1275 0
1276 0
1277 1
1278 1
1279 0
1280 0
1281 0
1282 0
1283 1
1284 0
1285 1
1286 1
1287 0
1288 0
1289 0
1290 0
1291 0
1292 0
1293 0
1294 0
1295 0
1296 0
1297 0
1298 0
1299 0
1300 0
1301 1
1302 0
1303 0
1304 0
1305 0
1306 0
1307 1
1308 0
1309 1
1310 1
1311 0
1312 0
1313 0
1314 0
1315 0
1316 0
1317 0
1318 1
1319 1
1320 0
1321 0
1322 1
1323 0
1324 1
1325 0
1326 1
1327 0
1328 1
1329 0
1330 0
1331 0
1332 1
1333 1
1334 0
1335 0
1336 1
1337 0
1338 0
1339 0
1340 0
1341 0
1342 0
1343 0
1344 0
1345 1
1346 0
1347 0
1348 1
1349 0
1350 0
1351 0
1352 0
1353 0
1354 0
1355 1
1356 1
1357 0
1358 1
1359 0
1360 0
1361 0
1362 0
1363 0
1364 0
1365 0
1366 0
1367 0
1368 1
1369 0
1370 0
1371 1
1372 1
1373 1
1374 1
1375 1
1376 2
1377 1
1378 0
1379 0
1380 0
1381 0
1382 0
1383 0
1384 0
1385 1
1386 1
1387 0
1388 0
1389 1
1390 0
1391 1
1392 1
1393 0
1394 0
1395 1
1396 0
1397 0
1398 1
1399 0
1400 0
1401 0
1402 0
1403 0
1404 1
1405 0
1406 0
1407 0
1408 0
1409 0
1410 0
1411 1
1412 1
1413 1
1414 0
1415 1
1416 0
1417 1
1418 1
1419 0
1420 0
1421 0
1422 1
1423 0
1424 1
1425 1
1426 1
1427 1
1428 0
1429 0
1430 1
1431 0
1432 1
1433 1
1434 0
1435 0
1436 0
1437 0
1438 0
1439 0
1440 0
1441 0
1442 0
1443 0
1444 0
1445 0
1446 1
1447 0
1448 0
1449 0
1450 0
1451 0
1452 0
1453 1
1454 1
1455 0
1456 0
1457 1
1458 1
1459 0
1460 0
1461 0
1462 1
1463 1
1464 0
1465 0
1466 0
1467 0
1468 1
1469 1
1470 1
1471 1
1472 1
1473 1
1474 0
1475 0
1476 1
1477 0
1478 0
1479 0
1480 1
1481 0
1482 1
1483 1
1484 1
1485 0
1486 0
1487 1
1488 0
1489 1
1490 0
1491 2
1492 1
1493 1
1494 1
1495 0
1496 0
1497 1
1498 1
1499 0
1500 0
1501 1
1502 1
1503 1
1504 1
1505 1
1506 1
1507 1
1508 1
1509 1
1510 0
1511 0
1512 1
1513 0
1514 0
1515 1
1516 2
1517 1
1518 1
1519 2
1520 1
1521 0
1522 1
1523 2
1524 0
1525 1
1526 1
1527 0
1528 0
1529 0
1530 1
1531 1
1532 0
1533 1
1534 0
1535 1
1536 0
1537 0
1538 0
1539 1
1540 1
1541 1
1542 1
1543 0
1544 1
1545 1
1546 1
1547 1
1548 1
1549 1
1550 1
1551 1
1552 1
1553 0
1554 1
1555 0
1556 0
1557 0
1558 1
1559 1
1560 1
1561 0
1562 1
1563 1
1564 1
1565 1
1566 0
1567 1
1568 0
1569 0
1570 1
1571 0
1572 0
1573 0
1574 1
1575 0
1576 0
1577 0
1578 0
1579 0
1580 0
1581 0
1582 0
1583 0
1584 0
1585 0
1586 0
1587 0
1588 0
1589 0
1590 0
1591 0
1592 0
1593 0
1594 1
1595 1
1596 0
1597 1
1598 0
1599 0
1600 1
1601 0
1602 1
1603 0
1604 1
1605 1
1606 0
1607 1
1608 1
1609 0
1610 0
1611 0
1612 1
1613 0
1614 1
1615 1
1616 0
1617 1
1618 1
1619 1
1620 1
1621 2
1622 1
1623 1
1624 2
1625 1
1626 2
1627 2
1628 2
1629 2
1630 3
1631 1
1632 1
1633 2
1634 2
1635 2
1636 2
1637 1
1638 3
1639 1
1640 1
1641 0
1642 1
1643 2
1644 1
1645 1
1646 1
1647 1
1648 2
1649 1
1650 1
1651 1
1652 3
1653 0
1654 1
1655 2
1656 2
1657 2
1658 1
1659 2
1660 1
1661 2
1662 2
1663 2
1664 1
1665 2
1666 2
1667 1
1668 2
1669 2
1670 0
1671 2
1672 1
1673 1
1674 1
1675 2
1676 2
1677 2
1678 2
1679 1
1680 1
1681 2
1682 1
1683 2
1684 0
1685 2
1686 2
1687 2
1688 0
1689 2
1690 1
1691 2
1692 1
1693 1
1694 2
1695 3
1696 1
1697 0
1698 2
1699 1
1700 1
1701 1
1702 2
1703 2
1704 1
1705 2
1706 0
1707 1
1708 1
1709 2
1710 1
1711 1
1712 1
1713 1
1714 0
1715 0
1716 1
1717 0
1718 1
1719 0
1720 0
1721 1
1722 0
1723 0
1724 0
1725 1
1726 0
1727 1
1728 0
1729 0
1730 0
1731 0
1732 0
1733 1
1734 1
1735 1
1736 0
1737 1
1738 0
1739 1
1740 1
1741 0
1742 1
1743 1
1744 0
1745 1
1746 1
1747 1
1748 1
1749 0
1750 1
1751 0
1752 0
1753 1
1754 1
1755 1
1756 1
1757 1
1758 0
1759 0
1760 0
1761 0
1762 0
1763 1
1764 0
1765 0
1766 1
1767 0
1768 1
1769 1
1770 1
1771 1
1772 0
1773 0
1774 0
1775 0
1776 0
1777 0
1778 0
1779 0
1780 1
1781 0
1782 0
1783 0
1784 0
1785 0
1786 0
1787 0
1788 1
1789 0
1790 0
1791 1
1792 0
1793 0
1794 0
1795 1
1796 1
1797 0
1798 1
1799 2
1800 1
1801 2
1802 1
1803 1
1804 1
1805 2
1806 0
1807 1
1808 0
1809 0
1810 1
1811 1
1812 0
1813 1
1814 0
1815 1
1816 1
1817 1
1818 3
1819 1
1820 2
1821 1
1822 1
1823 1
1824 2
1825 3
1826 0
1827 1
1828 2
1829 1
1830 2
1831 1
1832 1
1833 3
1834 2
1835 2
1836 3
1837 3
1838 2
1839 2
1840 2
1841 2
1842 2
1843 2
1844 2
1845 0
1846 1
1847 1
1848 2
1849 2
1850 1
1851 2
1852 2
1853 2
1854 1
1855 0
1856 1
1857 2
1858 1
1859 2
1860 2
1861 1
1862 1
1863 3
1864 1
1865 3
1866 1
1867 1
1868 0
1869 1
1870 1
1871 1
1872 1
1873 1
1874 2
1875 2
1876 0
1877 1
1878 1
1879 2
1880 2
1881 2
1882 2
1883 2
1884 0
1885 2
1886 1
1887 1
1888 1
1889 1
1890 2
1891 1
1892 0
1893 2
1894 0
1895 1
1896 1
1897 2
1898 2
1899 2
1900 1
1901 1
1902 2
1903 2
1904 1
1905 1
1906 1
1907 1
1908 1
1909 1
1910 1
1911 2
1912 1
1913 2
1914 1
1915 2
1916 2
1917 1
1918 2
1919 3
1920 1
1921 2
1922 3
1923 2
1924 0
1925 1
1926 2
1927 1
1928 2
1929 3
1930 2
1931 2
1932 0
1933 1
1934 1
1935 0
1936 1
1937 1
1938 1
1939 1
1940 0
1941 1
1942 1
1943 1
1944 1
1945 2
1946 1
1947 0
1948 1
1949 2
1950 2
1951 2
1952 1
1953 2
1954 2
1955 1
1956 2
1957 1
1958 0
1959 1
1960 1
1961 1
1962 1
1963 0
1964 2
1965 1
1966 1
1967 2
1968 1
1969 1
1970 0
1971 1
1972 1
1973 2
1974 2
1975 1
1976 2
1977 0
1978 1
1979 0
1980 1
1981 2
1982 1
1983 1
1984 1
1985 2
1986 1
1987 0
1988 1
1989 0
1990 1
1991 0
1992 1
1993 0
1994 0
1995 2
1996 2
1997 0
1998 1
1999 1
2000 1
2001 1
2002 1
2003 0
2004 1
2005 1
2006 0
2007 1
2008 1
2009 1
2010 1
2011 0
2012 0
2013 0
2014 2
2015 1
2016 1
2017 1
2018 1
2019 2
2020 2
2021 1
2022 1
2023 2
2024 1
2025 1
2026 1
2027 1
2028 1
2029 2
2030 1
2031 2
2032 0
2033 1
2034 2
2035 1
2036 1
2037 1
2038 1
2039 1
2040 1
2041 1
2042 1
2043 1
2044 0
2045 1
2046 0
2047 2
2048 1
2049 0
2050 2
2051 1
2052 2
2053 1
2054 1
2055 1
2056 0
2057 1
2058 0
2059 1
2060 2
2061 1
2062 0
2063 2
2064 2
2065 1
2066 1
2067 1
2068 1
2069 2
2070 2
2071 1
2072 1
2073 0
2074 0
2075 1
2076 1
2077 0
2078 1
2079 1
2080 0
2081 1
2082 0
2083 0
2084 1
2085 2
2086 1
2087 1
2088 0
2089 2
2090 2
2091 0
2092 2
2093 0
2094 1
2095 1
2096 2
2097 1
2098 2
2099 0
2100 1
2101 1
2102 2
2103 2
2104 1
2105 1
2106 3
2107 1
2108 1
2109 2
2110 2
2111 1
2112 1
2113 1
2114 2
2115 1
2116 1
2117 0
2118 1
2119 1
2120 1
2121 1
2122 2
2123 2
2124 1
2125 1
2126 2
2127 1
2128 1
2129 1
2130 1
2131 1
2132 1
2133 1
2134 2
2135 2
2136 2
2137 1
2138 0
2139 1
2140 1
2141 2
2142 2
2143 0
2144 1
2145 1
2146 1
2147 0
2148 0
2149 0
2150 2
2151 3
2152 2
2153 2
2154 2
2155 2
2156 0
2157 1
2158 1
2159 1
2160 1
2161 1
2162 2
2163 0
2164 0
2165 1
2166 2
2167 1
2168 1
2169 2
2170 1
2171 1
2172 2
2173 1
2174 2
2175 1
2176 1
2177 2
2178 1
2179 2
2180 0
2181 2
2182 0
2183 1
2184 1
2185 1
2186 2
2187 1
2188 1
2189 1
2190 0
2191 0
2192 0
2193 0
2194 1
2195 1
2196 0
2197 0
2198 0
2199 0
2200 0
2201 0
2202 0
2203 0
2204 0
2205 0
2206 0
2207 0
2208 1
2209 0
2210 0
2211 0
2212 1
2213 0
2214 0
2215 1
2216 0
2217 0
2218 0
2219 0
2220 1
2221 1
2222 2
2223 2
2224 0
2225 1
2226 2
2227 2
2228 1
2229 1
2230 0
2231 1
2232 2
2233 1
2234 2
2235 0
2236 1
2237 1
2238 2
2239 2
2240 2
2241 1
2242 0
2243 1
2244 0
2245 1
2246 1
2247 1
2248 2
2249 1
2250 1
2251 2
2252 1
2253 2
2254 1
2255 2
2256 1
2257 1
2258 1
2259 1
2260 2
2261 0
2262 0
2263 1
2264 0
2265 2
2266 1
2267 2
2268 1
2269 2
2270 1
2271 2
2272 1
2273 1
2274 2
2275 0
2276 1
2277 1
2278 0
2279 2
2280 2
2281 1
2282 1
2283 2
2284 2
2285 1
2286 2
2287 2
2288 2
2289 1
2290 1
2291 2
2292 1
2293 1
2294 1
2295 2
2296 0
2297 0
2298 1
2299 2
2300 2
2301 1
2302 1
2303 1
2304 3
2305 1
2306 3
2307 1
2308 1
2309 1
2310 2
2311 1
2312 2
2313 0
2314 0
2315 2
2316 1
2317 0
2318 1
2319 2
2320 1
2321 1
2322 2
2323 2
2324 2
2325 1
2326 2
2327 1
2328 1
2329 1
2330 2
2331 0
2332 1
2333 1
2334 1
2335 0
2336 1
2337 1
2338 0
2339 1
2340 2
2341 2
2342 1
2343 1
2344 1
2345 2
2346 2
2347 0
2348 1
2349 1
2350 1
2351 0
2352 2
2353 1
2354 2
2355 0
2356 1
2357 1
2358 2
2359 2
2360 2
2361 1
2362 2
2363 2
2364 2
2365 1
2366 1
2367 2
2368 2
2369 0
2370 2
2371 2
2372 2
2373 1
2374 2
2375 2
2376 0
2377 1
2378 2
2379 1
2380 1
2381 0
2382 1
2383 1
2384 1
2385 1
2386 1
2387 0
2388 1
2389 1
2390 1
2391 2
2392 1
2393 2
2394 0
2395 0
2396 2
2397 1
2398 2
2399 2
2400 1
2401 2
2402 1
2403 2
2404 0
2405 1
2406 2
2407 0
2408 1
2409 0
2410 1
2411 1
2412 1
2413 1
2414 0
2415 1
2416 3
2417 1
2418 0
2419 1
2420 2
2421 0
2422 1
2423 0
2424 1
2425 0
2426 1
2427 2
2428 2
2429 1
2430 2
2431 1
2432 1
2433 2
2434 1
2435 0
2436 2
2437 1
2438 2
2439 0
2440 1
2441 0
2442 2
2443 1
2444 0
2445 2
2446 2
2447 1
2448 2
2449 1
2450 0
2451 0
2452 1
2453 1
2454 0
2455 2
2456 1
2457 0
2458 1
2459 1
2460 1
2461 1
2462 1
2463 2
2464 2
2465 2
2466 1
2467 1
2468 1
2469 0
2470 1
2471 1
2472 1
2473 1
2474 1
2475 2
2476 0
2477 0
2478 1
2479 2
2480 2
2481 2
2482 1
2483 1
2484 1
2485 1
2486 2
2487 1
2488 1
2489 1
2490 0
2491 0
2492 1
2493 1
2494 1
2495 1
2496 1
2497 1
2498 1
2499 1
2500 1
2501 2
2502 1
2503 2
2504 2
2505 0
2506 0
2507 1
2508 1
2509 1
2510 1
2511 1
2512 1
2513 2
2514 1
2515 1
2516 1
2517 1
2518 2
2519 1
2520 2
2521 2
2522 0
2523 1
2524 1
2525 1
2526 1
2527 0
2528 2
2529 1
2530 0
2531 0
2532 0
2533 1
2534 1
2535 2
2536 0
2537 1
2538 2
2539 1
2540 2
2541 2
2542 1
2543 1
2544 1
2545 2
2546 1
2547 1
2548 1
2549 2
2550 1
2551 0
2552 0
2553 1
2554 1
2555 1
2556 2
2557 1
2558 2
2559 1
2560 0
2561 2
2562 0
2563 2
2564 2
2565 1
2566 2
2567 1
2568 0
2569 1
2570 2
2571 0
2572 1
2573 2
2574 1
2575 1
2576 1
2577 0
2578 2
2579 2
2580 0
2581 1
2582 2
2583 1
2584 1
2585 2
2586 2
2587 1
2588 3
2589 2
2590 2
2591 2
2592 0
2593 2
2594 2
2595 1
2596 1
2597 2
2598 1
2599 1
2600 1
2601 3
2602 0
2603 1
2604 2
2605 3
2606 1
2607 2
2608 2
2609 2
2610 2
2611 1
2612 0
2613 0
2614 1
2615 1
2616 1
2617 0
2618 1
2619 2
2620 1
2621 1
2622 1
2623 0
2624 1
2625 1
2626 1
2627 2
2628 1
2629 2
2630 1
2631 2
2632 2
2633 2
2634 0
2635 1
2636 1
2637 2
2638 1
2639 1
2640 1
2641 1
2642 1
2643 1
2644 1
2645 1
2646 1
2647 1
2648 2
2649 2
2650 2
2651 2
2652 1
2653 3
2654 2
2655 1
2656 1
2657 1
2658 2
2659 1
2660 1
2661 2
2662 2
2663 2
2664 1
2665 1
2666 1
2667 1
2668 0
2669 0
2670 1
2671 1
2672 1
2673 1
2674 2
2675 2
2676 1
2677 2
2678 1
2679 2
2680 2
2681 1
2682 0
2683 1
2684 0
2685 1
2686 2
2687 1
2688 1
2689 1
2690 2
2691 1
2692 2
2693 1
2694 2
2695 2
2696 2
2697 0
2698 2
2699 1
2700 3
2701 1
2702 2
2703 1
2704 0
2705 2
2706 1
2707 2
2708 1
2709 1
2710 1
2711 1
2712 2
2713 1
2714 3
2715 1
2716 1
2717 1
2718 1
2719 1
2720 2
2721 2
2722 2
2723 1
2724 1
2725 0
2726 3
2727 1
2728 1
2729 1
2730 3
2731 1
2732 1
2733 1
2734 2
2735 1
2736 2
2737 2
2738 1
2739 2
2740 1
2741 1
2742 1
2743 2
2744 2
2745 2
2746 1
2747 2
2748 2
2749 2
2750 1
2751 2
2752 1
2753 2
2754 1
2755 2
2756 1
2757 2
2758 1
2759 1
2760 1
2761 1
2762 1
2763 2
2764 1
2765 2
2766 2
2767 1
2768 2
2769 2
2770 0
2771 1
2772 1
2773 1
2774 2
2775 2
2776 1
2777 2
2778 1
2779 2
2780 1
2781 2
2782 2
2783 2
2784 3
2785 1
2786 0
2787 2
2788 3
2789 1
2790 1
2791 1
2792 1
2793 1
2794 1
2795 3
2796 1
2797 1
2798 0
2799 1
2800 1
2801 1
2802 1
2803 1
2804 2
2805 2
2806 1
2807 1
2808 1
2809 2
2810 2
2811 0
2812 0
2813 1
2814 1
2815 1
2816 2
2817 1
2818 0
2819 2
2820 2
2821 2
2822 0
2823 2
2824 1
2825 2
2826 2
2827 1
2828 1
2829 2
2830 1
2831 2
2832 1
2833 3
2834 2
2835 2
2836 2
2837 1
2838 1
2839 1
2840 0
2841 1
2842 3
2843 1
2844 2
2845 0
2846 2
2847 2
2848 1
2849 1
2850 1
2851 0
2852 1
2853 2
2854 2
2855 2
2856 1
2857 1
2858 1
2859 2
2860 2
2861 2
2862 2
2863 1
2864 2
2865 0
2866 1
2867 1
2868 2
2869 1
2870 1
2871 2
2872 1
2873 1
2874 2
2875 2
2876 2
2877 2
2878 1
2879 1
2880 0
2881 1
2882 2
2883 1
2884 2
2885 1
2886 2
2887 2
2888 1
2889 1
2890 1
2891 1
2892 2
2893 1
2894 1
2895 2
2896 0
2897 1
2898 1
2899 1
2900 0
2901 1
2902 2
2903 1
2904 2
2905 1
2906 2
2907 2
2908 0
2909 1
2910 2
2911 2
2912 0
2913 1
2914 1
2915 0
2916 1
2917 2
2918 2
2919 1
2920 1
2921 1
2922 2
2923 1
2924 2
2925 2
2926 1
2927 1
2928 2
2929 1
2930 2
2931 2
2932 1
2933 2
2934 1
2935 1
2936 2
2937 2
2938 1
2939 2
2940 2
2941 1
2942 1
2943 2
2944 3
2945 2
2946 2
2947 2
2948 1
2949 1
2950 1
2951 2
2952 2
2953 1
2954 1
2955 3
2956 2
2957 0
2958 0
2959 2
2960 3
2961 1
2962 2
2963 1
2964 2
2965 2
2966 2
2967 1
2968 1
2969 1
2970 0
2971 3
2972 0
2973 0
2974 1
2975 2
2976 2
2977 2
2978 1
2979 2
2980 2
2981 2
2982 2
2983 2
2984 0
2985 2
2986 1
2987 1
2988 1
2989 1
2990 2
2991 3
2992 2
2993 1
2994 1
2995 2
2996 1
2997 1
2998 2
2999 1
3000 1
3001 1
3002 2
3003 0
3004 1
3005 3
3006 2
3007 1
3008 2
3009 2
3010 3
3011 1
3012 0
3013 1
3014 1
3015 0
3016 2
3017 1
3018 1
3019 2
3020 1
3021 1
3022 2
3023 0
3024 2
3025 1
3026 1
3027 1
3028 1
3029 1
3030 2
3031 2
3032 1
3033 1
3034 0
3035 0
3036 2
3037 2
3038 1
3039 2
3040 2
3041 1
3042 1
3043 1
3044 1
3045 2
3046 1
3047 2
3048 2
3049 1
3050 2
3051 1
3052 1
3053 2
3054 1
3055 2
3056 2
3057 2
3058 0
3059 2
3060 1
3061 1
3062 2
3063 2
3064 1
3065 2
3066 1
3067 1
3068 2
3069 2
3070 1
3071 1
3072 1
3073 2
3074 0
3075 0
3076 1
3077 2
3078 0
3079 3
3080 2
3081 1
3082 2
3083 2
3084 1
3085 2
3086 2
3087 1
3088 2
3089 2
3090 0
3091 1
3092 1
3093 2
3094 2
3095 1
3096 1
3097 2
3098 0
3099 2
3100 1
3101 0
3102 0
3103 1
3104 2
3105 2
3106 2
3107 0
3108 1
3109 2
3110 1
3111 2
3112 2
3113 1
3114 1
3115 1
3116 1
3117 2
3118 2
3119 1
3120 0
3121 2
3122 1
3123 0
3124 1
3125 0
3126 2
3127 2
3128 0
3129 1
3130 2
3131 0
3132 1
3133 1
3134 1
3135 1
3136 1
3137 1
3138 2
3139 1
3140 1
3141 0
3142 1
3143 0
3144 1
3145 0
3146 1
3147 1
3148 1
3149 1
3150 1
3151 2
3152 2
3153 0
3154 1
3155 2
3156 1
3157 2
3158 1
3159 1
3160 2
3161 2
3162 1
3163 0
3164 1
3165 1
3166 2
3167 1
3168 1
3169 2
3170 1
3171 1
3172 2
3173 0
3174 1
3175 1
3176 0
3177 1
3178 1
3179 2
3180 0
3181 2
3182 1
3183 2
3184 1
3185 0
3186 0
3187 1
3188 2
3189 1
3190 2
3191 0
3192 2
3193 2
3194 0
3195 2
3196 1
3197 2
3198 2
3199 2
3200 0
3201 3
3202 0
3203 2
3204 1
3205 0
3206 1
3207 2
3208 0
3209 1
3210 2
3211 2
3212 2
3213 1
3214 1
3215 1
3216 2
3217 0
3218 1
3219 2
3220 1
3221 0
3222 1
3223 2
3224 2
3225 1
3226 0
3227 2
3228 1
3229 1
3230 3
3231 2
3232 0
3233 1
3234 2
3235 0
3236 0
3237 1
3238 2
3239 0
3240 0
3241 1
3242 1
3243 0
3244 1
3245 1
3246 1
3247 0
3248 2
3249 2
3250 2
3251 2
3252 2
3253 0
3254 1
3255 2
3256 2
3257 1
3258 3
3259 2
3260 1
3261 2
3262 0
3263 1
3264 1
3265 3
3266 1
3267 2
3268 2
3269 1
3270 1
3271 2
3272 1
3273 3
3274 2
3275 1
3276 1
3277 1
3278 3
3279 1
3280 1
3281 2
3282 2
3283 2
3284 0
3285 1
3286 1
3287 2
3288 1
3289 1
3290 0
3291 2
3292 3
3293 1
3294 1
3295 2
3296 1
3297 1
3298 1
3299 1
3300 1
3301 0
3302 1
3303 2
3304 1
3305 1
3306 1
3307 0
3308 0
3309 1
3310 0
3311 0
3312 0
3313 0
3314 0
3315 1
3316 2
3317 1
3318 0
3319 0
3320 0
3321 0
3322 1
3323 0
3324 1
3325 0
3326 0
3327 1
3328 1
3329 1
3330 1
3331 0
3332 1
3333 0
3334 0
3335 0
3336 0
3337 0
3338 2
3339 0
3340 0
3341 1
3342 1
3343 1
3344 1
3345 0
3346 0
3347 1
3348 1
3349 1
3350 0
3351 0
3352 0
3353 1
3354 0
3355 0
3356 1
3357 0
3358 0
3359 0
3360 1
3361 1
3362 0
3363 1
3364 1
3365 0
3366 0
3367 0
3368 0
3369 0
3370 0
3371 0
3372 1
3373 0
3374 1
3375 0
3376 0
3377 0
3378 0
3379 0
3380 0
3381 0
3382 0
3383 0
3384 0
3385 0
3386 0
3387 0
3388 1
3389 0
3390 1
3391 1
3392 0
3393 1
3394 1
3395 1
3396 1
3397 0
3398 0
3399 0
3400 0
3401 1
3402 0
3403 0
3404 0
3405 0
3406 0
3407 1
3408 0
3409 1
3410 1
3411 1
3412 0
3413 0
3414 0
3415 0
3416 0
3417 0
3418 0
3419 0
3420 0
3421 0
3422 1
3423 0
3424 0
3425 0
3426 0
3427 0
3428 0
3429 0
3430 0
3431 1
3432 0
3433 0
3434 0
3435 0
3436 0
3437 0
3438 0
3439 0
3440 1
3441 0
3442 0
3443 0
3444 0
3445 1
3446 0
3447 0
3448 0
3449 2
3450 2
3451 1
3452 1
3453 1
3454 2
3455 1
3456 1
3457 2
3458 1
3459 0
3460 2
3461 2
3462 0
3463 0
3464 1
3465 1
3466 2
3467 3
3468 1
3469 1
3470 0
3471 1
3472 1
3473 1
3474 2
3475 1
3476 1
3477 1
3478 2
3479 1
3480 2
3481 1
3482 0
3483 1
3484 2
3485 0
3486 2
3487 1
3488 2
3489 2
3490 2
3491 2
3492 2
3493 1
3494 0
3495 1
3496 1
3497 1
3498 0
3499 1
3500 1
3501 2
3502 2
3503 2
3504 1
3505 2
3506 1
3507 2
3508 0
3509 1
3510 0
3511 0
3512 1
3513 2
3514 0
3515 1
3516 2
3517 2
3518 1
3519 0
3520 1
3521 1
3522 2
3523 1
3524 2
3525 2
3526 0
3527 0
3528 0
3529 2
3530 0
3531 1
3532 1
3533 2
3534 1
3535 1
3536 2
3537 1
3538 1
3539 2
3540 2
3541 2
3542 2
3543 2
3544 1
3545 0
3546 1
3547 2
3548 1
3549 1
3550 1
3551 2
3552 2
3553 3
3554 1
3555 2
3556 0
3557 2
3558 1
3559 1
3560 0
3561 1
3562 1
3563 0
3564 2
3565 2
3566 1
3567 2
3568 1
3569 2
3570 1
3571 1
3572 1
3573 1
3574 2
3575 2
3576 3
3577 1
3578 1
3579 1
3580 1
3581 2
3582 1
3583 0
3584 1
3585 1
3586 1
3587 2
3588 2
3589 0
3590 1
3591 0
3592 0
3593 0
3594 0
3595 0
3596 1
3597 0
3598 0
3599 0
3600 0
3601 1
3602 0
3603 1
3604 0
3605 0
3606 1
3607 1
3608 0
3609 0
3610 0
3611 0
3612 0
3613 0
3614 1
3615 0
3616 0
3617 0
3618 0
3619 1
3620 0
3621 0
3622 0
3623 0
3624 0
3625 0
3626 0
3627 0
3628 0
3629 1
3630 0
3631 1
3632 1
3633 1
3634 0
3635 0
3636 0
3637 0
3638 0
3639 0
3640 0
3641 0
3642 1
3643 0
3644 0
3645 0
3646 0
3647 0
3648 0
3649 1
3650 0
3651 1
3652 0
3653 0
3654 1
3655 1
3656 1
3657 0
3658 0
3659 1
3660 0
3661 0
3662 0
3663 0
3664 0
3665 0
3666 0
3667 1
3668 0
3669 0
3670 1
3671 0
3672 0
3673 0
3674 0
3675 0
3676 1
3677 0
3678 1
3679 0
3680 1
3681 0
3682 1
3683 1
3684 0
3685 1
3686 1
3687 0
3688 0
3689 1
3690 0
3691 1
3692 1
3693 1
3694 2
3695 1
3696 1
3697 1
3698 0
3699 1
3700 1
3701 2
3702 2
3703 2
3704 1
3705 1
3706 2
3707 1
3708 0
3709 3
3710 2
3711 0
3712 1
3713 3
3714 3
3715 1
3716 2
3717 1
3718 1
3719 2
3720 1
3721 2
3722 2
3723 2
3724 0
3725 1
3726 1
3727 1
3728 2
3729 2
3730 1
3731 3
3732 1
3733 1
3734 1
3735 1
3736 1
3737 0
3738 1
3739 2
3740 2
3741 2
3742 1
3743 1
3744 3
3745 2
3746 1
3747 0
3748 2
3749 2
3750 1
3751 1
3752 1
3753 1
3754 1
3755 1
3756 1
3757 2
3758 1
3759 2
3760 0
3761 2
3762 2
3763 2
3764 2
3765 3
3766 2
3767 1
3768 0
3769 1
3770 1
3771 1
3772 2
3773 2
3774 1
3775 2
3776 2
3777 1
3778 2
3779 2
3780 0
3781 2
3782 1
3783 1
3784 2
3785 2
3786 0
3787 2
3788 2
3789 1
3790 1
3791 1
3792 0
3793 1
3794 2
3795 1
3796 1
3797 2
3798 1
3799 1
3800 1
3801 1
3802 0
3803 1
3804 1
3805 2
3806 1
3807 1
3808 2
3809 1
3810 1
3811 2
3812 2
3813 2
3814 0
3815 0
3816 2
3817 0
3818 2
3819 1
3820 1
3821 2
3822 1
3823 1
3824 1
3825 3
3826 1
3827 1
3828 2
3829 1
3830 1
3831 1
3832 0
3833 1
3834 1
3835 2
3836 0
3837 0
3838 2
3839 3
3840 1
3841 1
3842 1
3843 0
3844 1
3845 1
3846 0
3847 1
3848 1
3849 0
3850 0
3851 0
3852 1
3853 1
3854 1
3855 2
3856 2
3857 2
3858 2
3859 2
3860 0
3861 2
3862 1
3863 1
3864 2
3865 1
3866 2
3867 2
3868 2
3869 1
3870 0
3871 2
3872 2
3873 1
3874 2
3875 1
3876 2
3877 1
3878 2
3879 1
3880 1
3881 1
3882 1
3883 2
3884 0
3885 2
3886 1
3887 0
3888 2
3889 1
3890 2
3891 1
3892 1
3893 2
3894 1
3895 1
3896 0
3897 2
3898 2
3899 1
3900 1
3901 1
3902 2
3903 2
3904 1
3905 1
3906 2
3907 1
3908 0
3909 2
3910 1
3911 1
3912 2
3913 3
3914 1
3915 2
3916 2
3917 2
3918 1
3919 2
3920 2
3921 2
3922 1
3923 1
3924 2
3925 1
3926 2
3927 2
3928 2
3929 2
3930 2
3931 1
3932 1
3933 1
3934 2
3935 2
3936 1
3937 2
3938 1
3939 1
3940 3
3941 2
3942 1
3943 1
3944 1
3945 2
3946 1
3947 2
3948 2
3949 1
3950 2
3951 1
3952 2
3953 1
3954 1
3955 1
3956 2
3957 2
3958 1
3959 0
3960 0
3961 2
3962 1
3963 1
3964 2
3965 0
3966 2
3967 2
3968 3
3969 2
3970 2
3971 1
3972 1
3973 1
3974 2
3975 1
3976 2
3977 0
3978 1
3979 2
3980 1
3981 1
3982 2
3983 0
3984 1
3985 1
3986 2
3987 1
3988 0
3989 0
3990 1
3991 1
3992 1
3993 1
3994 1
3995 2
3996 1
3997 0
3998 2
3999 3
4000 1
4001 1
4002 1
4003 1
4004 0
4005 1
4006 2
4007 2
4008 1
4009 1
4010 0
4011 1
4012 0
4013 1
4014 1
4015 1
4016 1
4017 1
4018 2
4019 0
4020 2
4021 1
4022 1
4023 1
4024 2
4025 2
4026 1
4027 2
4028 1
4029 0
4030 2
4031 1
4032 3
4033 1
4034 1
4035 2
4036 1
4037 2
4038 1
4039 1
4040 0
4041 2
4042 1
4043 1
4044 2
4045 2
4046 2
4047 2
4048 2
4049 2
4050 0
4051 2
4052 1
4053 0
4054 1
4055 1
4056 1
4057 2
4058 1
4059 2
4060 2
4061 1
4062 2
4063 1
4064 0
4065 2
4066 0
4067 1
4068 1
4069 1
4070 2
4071 1
4072 0
4073 0
4074 1
4075 1
4076 1
4077 2
4078 2
4079 1
4080 1
4081 1
4082 1
4083 2
4084 2
4085 1
4086 0
4087 0
4088 1
4089 0
4090 1
4091 1
4092 1
4093 1
4094 1
4095 0
4096 0
4097 2
4098 1
4099 2
4100 3
4101 2
4102 1
4103 2
4104 2
4105 1
4106 1
4107 2
4108 1
4109 0
4110 1
4111 2
4112 2
4113 1
4114 1
4115 2
4116 2
4117 1
4118 1
4119 1
4120 2
4121 0
4122 1
4123 1
4124 1
4125 2
4126 1
4127 0
4128 1
4129 0
4130 2
4131 2
4132 2
4133 2
4134 1
4135 3
4136 2
4137 1
4138 2
4139 2
4140 2
4141 1
4142 2
4143 0
4144 1
4145 1
4146 1
4147 2
4148 1
4149 1
4150 3
4151 2
4152 1
4153 1
4154 2
4155 1
4156 0
4157 2
4158 2
4159 0
4160 1
4161 2
4162 2
4163 1
4164 1
4165 2
4166 2
4167 1
4168 1
4169 2
4170 1
4171 0
4172 1
4173 2
4174 1
4175 2
4176 3
4177 2
4178 2
4179 1
4180 2
4181 2
4182 0
4183 2
4184 2
4185 0
4186 0
4187 0
4188 2
4189 1
4190 0
4191 0
4192 0
4193 0
4194 1
4195 0
4196 0
4197 1
4198 0
4199 0
4200 1
4201 1
4202 2
4203 0
4204 1
4205 1
4206 0
4207 1
4208 0
4209 2
4210 0
4211 1
4212 0
4213 0
4214 2
4215 1
4216 0
4217 2
4218 1
4219 0
4220 1
4221 1
4222 1
4223 1
4224 2
4225 2
4226 2
4227 2
4228 2
4229 1
4230 1
4231 0
4232 2
4233 2
4234 1
4235 1
4236 1
4237 1
4238 2
4239 2
4240 2
4241 1
4242 2
4243 2
4244 2
4245 1
4246 0
4247 2
4248 2
4249 2
4250 0
4251 0
4252 1
4253 2
4254 1
4255 1
4256 1
4257 2
4258 1
4259 1
4260 0
4261 2
4262 2
4263 0
4264 2
4265 0
4266 1
4267 1
4268 1
4269 2
4270 2
4271 2
4272 2
4273 2
4274 2
4275 0
4276 0
4277 1
4278 1
4279 1
4280 3
4281 1
4282 2
4283 1
4284 0
4285 1
4286 2
4287 1
4288 3
4289 1
4290 1
4291 0
4292 2
4293 0
4294 1
4295 1
4296 0
4297 2
4298 0
4299 1
4300 1
4301 1
4302 1
4303 1
4304 2
4305 1
4306 1
4307 2
4308 2
4309 0
4310 1
4311 1
4312 1
4313 1
4314 0
4315 2
4316 1
4317 0
4318 1
4319 1
4320 1
4321 2
4322 1
4323 2
4324 2
4325 2
4326 1
4327 0
4328 0
4329 2
4330 2
4331 2
4332 1
4333 2
4334 0
4335 1
4336 1
4337 2
4338 2
4339 3
4340 1
4341 1
4342 1
4343 2
4344 1
4345 2
4346 2
4347 1
4348 2
4349 1
4350 1
4351 1
4352 1
4353 2
4354 0
4355 1
4356 1
4357 1
4358 1
4359 2
4360 1
4361 1
4362 1
4363 2
4364 0
4365 1
4366 2
4367 2
4368 0
4369 2
4370 0
4371 0
4372 2
4373 1
4374 0
4375 2
4376 0
4377 2
4378 0
4379 2
4380 2
4381 1
4382 2
4383 1
4384 0
4385 2
4386 1
4387 1
4388 0
4389 1
4390 0
4391 0
4392 0
4393 0
4394 0
4395 0
4396 0
4397 1
4398 0
4399 0
4400 1
4401 0
4402 1
4403 1
4404 1
4405 2
4406 2
4407 1
4408 0
4409 2
4410 0
4411 1
4412 1
4413 3
4414 1
4415 2
4416 1
4417 1
4418 1
4419 2
4420 2
4421 1
4422 1
4423 1
4424 2
4425 1
4426 2
4427 1
4428 1
4429 0
4430 2
4431 2
4432 1
4433 1
4434 1
4435 2
4436 0
4437 2
4438 2
4439 1
4440 0
4441 0
4442 1
4443 2
4444 2
4445 1
4446 1
4447 1
4448 2
4449 1
4450 1
4451 1
4452 2
4453 2
4454 1
4455 0
4456 2
4457 1
4458 1
4459 1
4460 2
4461 2
4462 1
4463 1
4464 2
4465 1
4466 1
4467 2
4468 0
4469 2
4470 0
4471 1
4472 2
4473 2
4474 1
4475 1
4476 2
4477 1
4478 1
4479 1
4480 2
4481 1
4482 0
4483 2
4484 0
4485 1
4486 1
4487 0
4488 1
4489 0
4490 0
4491 1
4492 1
4493 2
4494 1
4495 2
4496 1
4497 1
4498 1
4499 0
4500 0
4501 0
4502 0
4503 0
4504 0
4505 0
4506 0
4507 0
4508 1
4509 0
4510 0
4511 0
4512 0
4513 0
4514 0
4515 0
4516 0
4517 0
4518 0
4519 1
4520 0
4521 0
4522 0
4523 0
4524 0
4525 0
4526 0
4527 0
4528 0
4529 0
4530 0
4531 0
4532 0
4533 0
4534 0
4535 0
4536 0
4537 0
4538 0
4539 0
4540 0
4541 0
4542 0
4543 0
4544 0
4545 0
4546 0
4547 0
4548 0
4549 0
4550 0
4551 0
4552 0
4553 0
4554 0
4555 0
4556 0
4557 0
4558 0
4559 0
4560 0
4561 0
4562 0
4563 0
4564 0
4565 0
4566 0
4567 0
4568 0
4569 0
4570 0
4571 0
4572 0
4573 0
4574 0
4575 0
4576 0
4577 0
4578 0
4579 0
4580 0
4581 1
4582 1
4583 0
4584 1
4585 1
4586 1
4587 1
4588 0
4589 0
4590 1
4591 1
4592 0
4593 1
4594 1
4595 0
4596 0
4597 1
4598 0
4599 1
4600 0
4601 0
4602 0
4603 0
4604 1
4605 0
4606 0
4607 0
4608 0
4609 0
4610 0
4611 0
4612 0
4613 1
4614 0
4615 0
4616 0
4617 0
4618 0
4619 0
4620 0
4621 0
4622 0
4623 0
4624 0
4625 0
4626 0
4627 0
4628 0
4629 1
4630 1
4631 1
4632 0
4633 0
4634 1
4635 1
4636 0
4637 1
4638 1
4639 0
4640 1
4641 0
4642 1
4643 0
4644 0
4645 1
4646 0
4647 0
4648 0
4649 0
4650 0
4651 0
4652 0
4653 0
4654 0
4655 1
4656 1
4657 1
4658 0
4659 0
4660 0
4661 0
4662 0
4663 0
4664 1
4665 1
4666 1
4667 0
4668 1
4669 0
4670 0
4671 0
4672 0
4673 0
4674 1
4675 1
4676 1
4677 0
4678 1
4679 1
4680 1
4681 0
4682 0
4683 0
4684 1
4685 0
4686 0
4687 1
4688 1
4689 0
4690 1
4691 1
4692 1
4693 0
4694 0
4695 1
4696 0
4697 1
4698 0
4699 1
4700 0
4701 0
4702 1
4703 1
4704 1
4705 1
4706 0
4707 0
4708 0
4709 0
4710 0
4711 0
4712 1
4713 0
4714 0
4715 0
4716 1
4717 1
4718 0
4719 0
4720 0
4721 0
4722 0
4723 0
4724 0
4725 0
4726 0
4727 0
4728 0
4729 1
4730 1
4731 1
4732 1
4733 0
4734 0
4735 0
4736 1
4737 0
4738 0
4739 0
4740 0
4741 1
4742 1
4743 1
4744 1
4745 1
4746 1
4747 1
4748 0
4749 1
4750 0
4751 1
4752 0
4753 1
4754 1
4755 0
4756 0
4757 0
4758 1
4759 0
4760 1
4761 1
4762 1
4763 1
4764 1
4765 2
4766 1
4767 0
4768 1
4769 1
4770 0
4771 0
4772 1
4773 0
4774 1
4775 0
4776 2
4777 2
4778 2
4779 2
4780 1
4781 1
4782 2
4783 1
4784 1
4785 2
4786 2
4787 0
4788 1
4789 0
4790 0
4791 0
4792 0
4793 1
4794 0
4795 1
4796 1
4797 1
4798 0
4799 0
4800 0
4801 1
4802 0
4803 0
4804 0
4805 0
4806 1
4807 0
4808 1
4809 0
4810 0
4811 0
4812 0
4813 0
4814 1
4815 1
4816 1
4817 0
4818 0
4819 0
4820 0
4821 0
4822 0
4823 1
4824 0
4825 1
4826 1
4827 0
4828 0
4829 0
4830 0
4831 0
4832 1
4833 0
4834 0
4835 0
4836 0
4837 0
4838 0
4839 0
4840 0
4841 1
4842 0
4843 1
4844 1
4845 0
4846 0
4847 0
4848 1
4849 0
4850 0
4851 0
4852 0
4853 0
4854 0
4855 0
4856 0
4857 0
4858 0
4859 0
4860 0
4861 0
4862 1
4863 1
4864 1
4865 1
4866 0
4867 1
4868 0
4869 1
4870 0
4871 0
4872 1
4873 0
4874 0
4875 0
4876 1
4877 0
4878 0
4879 0
4880 1
4881 1
4882 2
4883 0
4884 1
4885 1
4886 1
4887 0
4888 0
4889 0
4890 1
4891 0
4892 0
4893 0
4894 0
4895 0
4896 1
4897 0
4898 0
4899 0
4900 0
4901 1
4902 0
4903 1
4904 0
4905 0
4906 0
4907 0
4908 0
4909 0
4910 0
4911 0
4912 1
4913 1
4914 0
4915 0
4916 0
4917 0
4918 0
4919 0
4920 0
4921 0
4922 0
4923 0
4924 0
4925 0
4926 0
4927 0
4928 0
4929 0
4930 1
4931 1
4932 0
4933 0
4934 0
4935 0
4936 0
4937 0
4938 1
4939 1
4940 0
4941 0
4942 1
4943 0
4944 0
4945 1
4946 0
4947 0
4948 0
4949 0
4950 1
4951 0
4952 0
4953 0
4954 0
4955 0
4956 0
4957 0
4958 1
4959 0
4960 0
4961 0
4962 0
4963 0
4964 0
4965 0
4966 0
4967 1
4968 0
4969 0
4970 0
4971 0
4972 0
4973 0
4974 0
4975 0
4976 0
4977 0
4978 0
4979 0
4980 0
4981 0
4982 0
4983 0
4984 0
4985 0
4986 0
4987 0
4988 0
4989 0
4990 0
4991 0
4992 0
4993 0
4994 0
4995 0
4996 0
4997 0
4998 0
4999 0
5000 0
5001 0
5002 0
5003 0
5004 0
5005 0
5006 0
5007 0
5008 0
5009 0
5010 0
5011 0
5012 0
5013 0
5014 0
5015 0
5016 0
5017 0
5018 0
5019 0
5020 0
5021 0
5022 0
5023 0
5024 0
5025 0
5026 0
5027 0
5028 0
5029 0
5030 0
5031 0
5032 0
5033 0
5034 0
5035 0
5036 0
5037 0
5038 0
5039 0
5040 0
5041 1
5042 0
5043 0
5044 0
5045 0
5046 0
5047 1
5048 1
5049 1
5050 1
5051 1
5052 0
5053 2
5054 2
5055 0
5056 1
5057 0
5058 0
5059 0
5060 0
5061 2
5062 0
5063 1
5064 1
5065 1
5066 0
5067 1
5068 1
5069 0
5070 0
5071 0
5072 0
5073 1
5074 0
5075 2
5076 0
5077 0
5078 0
5079 0
5080 0
5081 0
5082 0
5083 0
5084 0
5085 1
5086 1
5087 1
5088 0
5089 0
5090 0
5091 0
5092 0
5093 0
5094 0
5095 1
5096 1
5097 0
5098 1
5099 1
5100 1
5101 1
5102 0
5103 2
5104 0
5105 0
5106 1
5107 0
5108 0
5109 0
5110 1
5111 0
5112 0
5113 0
5114 1
5115 0
5116 0
5117 1
5118 0
5119 0
5120 0
5121 0
5122 0
5123 0
5124 0
5125 0
5126 1
5127 0
5128 0
5129 0
5130 0
5131 0
5132 0
5133 0
5134 0
5135 0
5136 0
5137 0
5138 0
5139 0
5140 0
5141 0
5142 0
5143 0
5144 0
5145 0
5146 0
5147 0
5148 0
5149 0
5150 0
5151 0
5152 0
5153 0
5154 0
5155 0
5156 0
5157 0
5158 0
5159 0
5160 0
5161 0
5162 0
5163 0
5164 1
5165 0
5166 0
5167 0
5168 0
5169 1
5170 0
5171 0
5172 0
5173 1
5174 0
5175 1
5176 1
5177 2
5178 0
5179 1
5180 0
5181 0
5182 0
5183 0
5184 0
5185 0
5186 0
5187 1
5188 1
5189 0
5190 1
5191 0
5192 1
5193 0
5194 0
5195 1
5196 1
5197 0
5198 0
5199 0
5200 0
5201 0
5202 1
5203 0
5204 1
5205 0
5206 0
5207 1
5208 1
5209 0
5210 1
5211 0
5212 1
5213 0
5214 1
5215 0
5216 1
5217 0
5218 0
5219 0
5220 0
5221 0
5222 0
5223 1
5224 0
5225 1
5226 0
5227 1
5228 0
5229 0
5230 0
5231 0
5232 0
5233 0
5234 0
5235 1
5236 0
5237 1
5238 0
5239 1
5240 0
5241 0
5242 0
5243 0
5244 0
5245 0
5246 0
5247 0
5248 0
5249 0
5250 0
5251 0
5252 0
5253 0
5254 0
5255 1
5256 0
5257 0
5258 0
5259 1
5260 0
5261 0
5262 0
5263 0
5264 1
5265 2
5266 1
5267 0
5268 1
5269 2
5270 2
5271 1
5272 2
5273 1
5274 0
5275 1
5276 1
5277 0
5278 1
5279 2
5280 2
5281 2
5282 0
5283 3
5284 1
5285 1
5286 1
5287 1
5288 1
5289 0
5290 2
5291 0
5292 0
5293 1
5294 1
5295 1
5296 1
5297 1
5298 0
5299 0
5300 0
5301 0
5302 1
5303 0
5304 0
5305 1
5306 0
5307 0
5308 2
5309 2
5310 0
5311 2
5312 2
5313 3
5314 1
5315 1
5316 0
5317 0
5318 0
5319 0
5320 0
5321 0
5322 0
5323 0
5324 1
5325 0
5326 0
5327 0
5328 1
5329 1
5330 1
5331 1
5332 1
5333 1
5334 2
5335 2
5336 2
5337 2
5338 2
5339 1
5340 1
5341 1
5342 1
5343 1
5344 0
5345 0
5346 0
5347 0
5348 1
5349 1
5350 2
5351 3
5352 1
5353 1
5354 2
5355 1
5356 0
5357 2
5358 2
5359 2
5360 1
5361 0
5362 0
5363 1
5364 2
5365 2
5366 2
5367 2
5368 1
5369 0
5370 1
5371 0
5372 0
5373 0
5374 0
5375 1
5376 2
5377 1
5378 1
5379 1
5380 2
5381 1
5382 3
5383 2
5384 2
5385 1
5386 2
5387 1
5388 1
5389 2
5390 0
5391 2
5392 3
5393 2
5394 1
5395 1
5396 1
5397 1
5398 1
5399 0
5400 0
5401 1
5402 1
5403 1
5404 0
5405 1
5406 1
5407 0
5408 0
5409 0
5410 0
5411 1
5412 0
5413 0
5414 0
5415 0
5416 0
5417 0
5418 0
5419 0
5420 0
5421 0
5422 1
5423 0
5424 0
5425 0
5426 0
5427 1
5428 1
5429 0
5430 1
5431 0
5432 1
5433 0
5434 0
5435 1
5436 0
5437 1
5438 0
5439 0
5440 1
5441 1
5442 2
5443 0
5444 1
5445 1
5446 0
5447 1
5448 1
5449 1
5450 0
5451 0
5452 1
5453 0
5454 0
5455 1
5456 0
5457 0
5458 1
5459 0
5460 0
5461 1
5462 1
5463 1
5464 1
5465 1
5466 1
5467 1
5468 1
5469 1
5470 1
5471 2
5472 2
5473 1
5474 1
5475 1
5476 2
5477 1
5478 2
5479 0
5480 0
5481 2
5482 1
5483 2
5484 2
5485 2
5486 1
5487 0
5488 1
5489 2
5490 2
5491 0
5492 2
5493 3
5494 0
5495 1
5496 1
5497 0
5498 2
5499 1
5500 2
5501 1
5502 2
5503 1
5504 1
5505 3
5506 2
5507 2
5508 2
5509 1
5510 1
5511 1
5512 0
5513 0
5514 0
5515 1
5516 1
5517 1
5518 1
5519 2
5520 1
5521 1
5522 1
5523 1
5524 1
5525 0
5526 0
5527 1
5528 1
5529 0
5530 1
5531 0
5532 0
5533 2
5534 1
5535 1
5536 1
5537 0
5538 0
5539 1
5540 1
5541 2
5542 2
5543 1
5544 1
5545 2
5546 2
5547 1
5548 2
5549 2
5550 1
5551 0
5552 1
5553 1
5554 1
5555 1
5556 2
5557 1
5558 0
5559 0
5560 2
5561 0
5562 1
5563 1
5564 0
5565 2
5566 0
5567 1
5568 0
5569 2
5570 1
5571 0
5572 1
5573 2
5574 2
5575 2
5576 1
5577 1
5578 0
5579 2
5580 2
5581 1
5582 0
5583 0
5584 2
5585 0
5586 2
5587 2
5588 1
5589 2
5590 1
5591 2
5592 1
5593 0
5594 2
5595 2
5596 1
5597 1
5598 1
5599 2
5600 1
5601 1
5602 2
5603 2
5604 1
5605 2
5606 1
5607 1
5608 3
5609 2
5610 1
5611 2
5612 2
5613 3
5614 1
5615 2
5616 1
5617 3
5618 2
5619 0
5620 1
5621 1
5622 1
5623 0
5624 0
5625 2
5626 3
5627 0
5628 2
5629 1
5630 1
5631 0
5632 2
5633 2
5634 0
5635 1
5636 1
5637 2
5638 2
5639 2
5640 1
5641 2
5642 1
5643 2
5644 2
5645 2
5646 1
5647 0
5648 1
5649 0
5650 1
5651 1
5652 2
5653 1
5654 1
5655 3
5656 2
5657 0
5658 1
5659 1
5660 0
5661 0
5662 1
5663 1
5664 0
5665 0
5666 0
5667 1
5668 1
5669 0
5670 1
5671 1
5672 1
5673 0
5674 1
5675 1
5676 0
5677 1
5678 0
5679 0
5680 0
5681 1
5682 1
5683 1
5684 0
5685 0
5686 1
5687 1
5688 0
5689 0
5690 0
5691 0
5692 0
5693 1
5694 1
5695 0
5696 0
5697 0
5698 1
5699 1
5700 0
5701 1
5702 2
5703 2
5704 1
5705 1
5706 2
5707 1
5708 2
5709 2
5710 0
5711 2
5712 1
5713 0
5714 2
5715 2
5716 2
5717 1
5718 1
5719 1
5720 1
5721 2
5722 1
5723 2
5724 0
5725 2
5726 2
5727 2
5728 0
5729 1
5730 1
5731 0
5732 2
5733 2
5734 0
5735 0
5736 1
5737 2
5738 2
5739 1
5740 0
5741 1
5742 1
5743 1
5744 1
5745 0
5746 1
5747 1
5748 1
5749 2
5750 1
5751 2
5752 2
5753 2
5754 1
5755 2
5756 3
5757 1
5758 1
5759 0
5760 2
5761 1
5762 2
5763 1
5764 0
5765 1
5766 1
5767 1
5768 2
5769 2
5770 2
5771 1
5772 2
5773 1
5774 2
5775 1
5776 1
5777 3
5778 1
5779 1
5780 1
5781 2
5782 2
5783 1
5784 1
5785 1
5786 1
5787 1
5788 1
5789 1
5790 1
5791 2
5792 2
5793 1
5794 1
5795 1
5796 1
5797 1
5798 1
5799 1
5800 0
5801 1
5802 2
5803 0
5804 2
5805 2
5806 2
5807 1
5808 1
5809 1
5810 2
5811 1
5812 1
5813 1
5814 2
5815 1
5816 1
5817 1
5818 0
5819 0
5820 0
5821 0
5822 0
5823 1
5824 1
5825 1
5826 2
5827 1
5828 1
5829 3
5830 1
5831 0
5832 1
5833 1
5834 1
5835 1
5836 1
5837 2
5838 1
5839 1
5840 2
5841 1
5842 1
5843 1
5844 2
5845 0
5846 0
5847 1
5848 1
5849 2
5850 1
5851 2
5852 0
5853 1
5854 1
5855 2
5856 1
5857 1
5858 1
5859 2
5860 2
5861 2
5862 2
5863 2
5864 1
5865 0
5866 0
5867 1
5868 1
5869 1
5870 1
5871 0
5872 1
5873 2
5874 1
5875 2
5876 2
5877 1
5878 2
5879 2
5880 1
5881 2
5882 2
5883 2
5884 2
5885 0
5886 2
5887 2
5888 2
5889 2
5890 2
5891 2
5892 2
5893 1
5894 1
5895 1
5896 0
5897 0
5898 1
5899 1
5900 0
5901 1
5902 0
5903 1
5904 0
5905 0
5906 0
5907 0
5908 0
5909 1
5910 0
5911 0
5912 0
5913 0
5914 0
5915 0
5916 0
5917 0
5918 0
5919 0
5920 0
5921 0
5922 0
5923 0
5924 0
5925 0
5926 0
5927 0
5928 0
5929 0
5930 0
5931 0
5932 0
5933 0
5934 0
5935 0
5936 0
5937 0
5938 0
5939 0
5940 0
5941 0
5942 0
5943 0
5944 0
5945 0
5946 0
5947 0
5948 0
5949 0
5950 0
5951 0
5952 1
5953 0
5954 0
5955 0
5956 0
5957 1
5958 1
5959 1
5960 3
5961 2
5962 3
5963 1
5964 2
5965 1
5966 2
5967 0
5968 0
5969 1
5970 1
5971 2
5972 2
5973 1
5974 1
5975 3
5976 1
5977 0
5978 1
5979 1
5980 1
5981 1
5982 1
5983 1
5984 0
5985 1
5986 1
5987 2
5988 1
5989 2
5990 1
5991 1
5992 1
5993 1
5994 1
5995 1
5996 1
5997 1
5998 0
5999 1
6000 0
6001 2
6002 2
6003 1
6004 0
6005 2
6006 3
6007 1
6008 2
6009 1
6010 0
6011 1
6012 1
6013 2
6014 0
6015 0
6016 0
6017 0
6018 0
6019 0
6020 1
6021 0
6022 0
6023 1
6024 0
6025 0
6026 0
6027 0
6028 0
6029 0
6030 0
6031 0
6032 1
6033 1
6034 0
6035 0
6036 1
6037 0
6038 0
6039 0
6040 0
6041 2
6042 0
6043 0
6044 0
6045 0
6046 1
6047 0
6048 1
6049 0
6050 0
6051 0
6052 0
6053 0
6054 0
6055 0
6056 0
6057 0
6058 0
6059 0
6060 1
6061 0
6062 0
6063 0
6064 0
6065 0
6066 0
6067 0
6068 0
6069 1
6070 0
6071 0
6072 0
6073 1
6074 2
6075 2
6076 1
6077 3
6078 1
6079 2
6080 0
6081 2
6082 1
6083 1
6084 2
6085 1
6086 1
6087 0
6088 1
6089 1
6090 2
6091 1
6092 1
6093 2
6094 1
6095 1
6096 3
6097 2
6098 1
6099 0
6100 2
6101 2
6102 0
6103 1
6104 1
6105 1
6106 0
6107 2
6108 0
6109 2
6110 1
6111 2
6112 0
6113 1
6114 2
6115 2
6116 2
6117 1
6118 0
6119 2
6120 2
6121 1
6122 2
6123 2
6124 2
6125 1
6126 1
6127 2
6128 0
6129 2
6130 1
6131 0
6132 1
6133 0
6134 1
6135 2
6136 2
6137 0
6138 0
6139 1
6140 0
6141 1
6142 0
6143 0
6144 0
6145 0
6146 0
6147 0
6148 0
6149 0
6150 0
6151 0
6152 0
6153 1
6154 0
6155 0
6156 0
6157 0
6158 0
6159 0
6160 0
6161 0
6162 0
6163 0
6164 1
6165 0
6166 0
6167 0
6168 0
6169 0
6170 1
6171 0
6172 1
6173 0
6174 2
6175 1
6176 1
6177 1
6178 0
6179 2
6180 0
6181 1
6182 1
6183 2
6184 2
6185 1
6186 2
6187 2
6188 2
6189 2
6190 1
6191 1
6192 0
6193 1
6194 0
6195 1
6196 2
6197 2
6198 2
6199 1
6200 2
6201 1
6202 1
6203 2
6204 2
6205 1
6206 0
6207 1
6208 2
6209 1
6210 2
6211 2
6212 3
6213 1
6214 2
6215 2
6216 2
6217 1
6218 2
6219 2
6220 0
6221 0
6222 1
6223 2
6224 3
6225 2
6226 1
6227 2
6228 1
6229 0
6230 2
6231 0
6232 2
6233 1
6234 1
6235 2
6236 1
6237 1
6238 2
6239 1
6240 1
6241 2
6242 1
6243 2
6244 0
6245 2
6246 1
6247 2
6248 2
6249 2
6250 1
6251 1
6252 0
6253 2
6254 1
6255 1
6256 1
6257 1
6258 2
6259 1
6260 1
6261 2
6262 2
6263 0
6264 1
6265 1
6266 0
6267 1
6268 1
6269 1
6270 0
6271 0
6272 1
6273 0
6274 0
6275 0
6276 1
6277 0
6278 1
6279 0
6280 1
6281 1
6282 1
6283 0
6284 0
6285 0
6286 0
6287 2
6288 2
6289 2
6290 1
6291 1
6292 2
6293 1
6294 1
6295 1
6296 1
6297 1
6298 1
6299 2
6300 1
6301 1
6302 1
6303 1
6304 1
6305 2
6306 2
6307 1
6308 0
6309 1
6310 1
6311 0
6312 1
6313 1
6314 0
6315 1
6316 0
6317 1
6318 2
6319 1
6320 1
6321 1
6322 1
6323 0
6324 1
6325 1
6326 2
6327 2
6328 1
6329 1
6330 2
6331 1
6332 1
6333 1
6334 0
6335 1
6336 2
6337 1
6338 2
6339 1
6340 1
6341 1
6342 2
6343 1
6344 2
6345 1
6346 1
6347 0
6348 0
6349 0
6350 0
6351 1
6352 2
6353 0
6354 1
6355 1
6356 2
6357 2
6358 1
6359 1
6360 2
6361 2
6362 1
6363 3
6364 1
6365 2
6366 1
6367 2
6368 1
6369 2
6370 1
6371 1
6372 0
6373 1
6374 2
6375 0
6376 1
6377 1
6378 0
6379 0
6380 1
6381 2
6382 1
6383 2
6384 1
6385 1
6386 2
6387 2
6388 1
6389 2
6390 2
6391 2
6392 1
6393 2
6394 2
6395 2
6396 1
6397 2
6398 1
6399 2
6400 2
6401 1
6402 1
6403 2
6404 0
6405 0
6406 0
6407 1
6408 1
6409 0
6410 3
6411 1
6412 1
6413 3
6414 1
6415 1
6416 1
6417 2
6418 2
6419 2
6420 1
6421 2
6422 1
6423 1
6424 0
6425 2
6426 1
6427 1
6428 1
6429 1
6430 1
6431 1
6432 0
6433 1
6434 1
6435 1
6436 1
6437 1
6438 0
6439 2
6440 3
6441 1
6442 0
6443 1
6444 1
6445 2
6446 0
6447 0
6448 0
6449 2
6450 0
6451 0
6452 1
6453 1
6454 1
6455 1
6456 0
6457 1
6458 2
6459 1
6460 1
6461 2
6462 2
6463 2
6464 1
6465 0
6466 2
6467 2
6468 1
6469 1
6470 1
6471 2
6472 2
6473 2
6474 1
6475 2
6476 2
6477 2
6478 2
6479 1
6480 1
6481 0
6482 2
6483 2
6484 1
6485 1
6486 1
6487 1
6488 0
6489 1
6490 0
6491 2
6492 1
6493 0
6494 1
6495 2
6496 1
6497 2
6498 0
6499 1
6500 1
6501 1
6502 1
6503 2
6504 2
6505 1
6506 0
6507 2
6508 1
6509 1
6510 1
6511 1
6512 2
6513 0
6514 2
6515 2
6516 0
6517 1
6518 1
6519 2
6520 1
6521 1
6522 0
6523 2
6524 2
6525 1
6526 1
6527 1
6528 1
6529 2
6530 1
6531 1
6532 0
6533 1
6534 3
6535 1
6536 1
6537 2
6538 2
6539 2
6540 2
6541 2
6542 2
6543 2
6544 1
6545 2
6546 1
6547 2
6548 1
6549 1
6550 2
6551 2
6552 2
6553 0
6554 1
6555 0
6556 1
6557 2
6558 2
6559 1
6560 1
6561 0
6562 2
6563 0
6564 2
6565 3
6566 0
6567 1
6568 1
6569 2
6570 1
6571 1
6572 2
6573 1
6574 1
6575 1
6576 2
6577 3
6578 1
6579 1
6580 1
6581 2
6582 2
6583 2
6584 2
6585 1
6586 2
6587 2
6588 1
6589 1
6590 1
6591 2
6592 2
6593 2
6594 2
6595 1
6596 3
6597 2
6598 0
6599 1
6600 2
6601 2
6602 0
6603 2
6604 1
6605 1
6606 1
6607 1
6608 0
6609 1
6610 1
6611 1
6612 1
6613 2
6614 2
6615 1
6616 1
6617 0
6618 2
6619 1
6620 2
6621 3
6622 2
6623 1
6624 2
6625 1
6626 0
6627 0
6628 0
6629 0
6630 0
6631 0
6632 1
6633 0
6634 0
6635 1
6636 1
6637 2
6638 1
6639 3
6640 1
6641 0
6642 0
6643 1
6644 2
6645 1
6646 1
6647 0
6648 2
6649 1
6650 1
6651 1
6652 1
6653 1
6654 2
6655 0
6656 1
6657 1
6658 1
6659 1
6660 0
6661 1
6662 1
6663 1
6664 2
6665 1
6666 1
6667 2
6668 1
6669 1
6670 3
6671 2
6672 1
6673 2
6674 2
6675 1
6676 1
6677 2
6678 0
6679 2
6680 1
6681 1
6682 2
6683 1
6684 1
6685 2
6686 1
6687 1
6688 0
6689 0
6690 3
6691 1
6692 0
6693 0
6694 1
6695 0
6696 1
6697 0
6698 0
6699 0
6700 1
6701 1
6702 0
6703 0
6704 1
6705 1
6706 2
6707 0
6708 1
6709 0
6710 1
6711 0
6712 0
6713 0
6714 0
6715 0
6716 0
6717 0
6718 1
6719 1
6720 2
6721 2
6722 1
6723 2
6724 2
6725 1
6726 1
6727 2
6728 1
6729 1
6730 1
6731 1
6732 2
6733 2
6734 0
6735 0
6736 1
6737 2
6738 1
6739 1
6740 1
6741 1
6742 1
6743 2
6744 0
6745 0
6746 0
6747 0
6748 1
6749 0
6750 0
6751 1
6752 0
6753 0
6754 0
6755 0
6756 0
6757 0
6758 0
6759 1
6760 2
6761 1
6762 0
6763 1
6764 0
6765 1
6766 0
6767 2
6768 2
6769 0
6770 2
6771 3
6772 1
6773 2
6774 0
6775 3
6776 1
6777 2
6778 1
6779 2
6780 1
6781 2
6782 2
6783 1
6784 2
6785 1
6786 2
6787 1
6788 3
6789 1
6790 2
6791 2
6792 1
6793 2
6794 1
6795 1
6796 1
6797 1
6798 1
6799 1
6800 1
6801 2
6802 2
6803 2
6804 2
6805 1
6806 2
6807 1
6808 0
6809 1
6810 3
6811 1
6812 0
6813 0
6814 2
6815 2
6816 2
6817 1
6818 2
6819 1
6820 2
6821 2
6822 3
6823 0
6824 0
6825 1
6826 2
6827 2
6828 1
6829 0
6830 0
6831 1
6832 1
6833 2
6834 1
6835 2
6836 3
6837 2
6838 1
6839 1
6840 1
6841 1
6842 1
6843 0
6844 2
6845 1
6846 2
6847 2
6848 1
6849 2
6850 1
6851 1
6852 1
6853 2
6854 2
6855 1
6856 1
6857 1
6858 1
6859 0
6860 2
6861 1
6862 1
6863 1
6864 2
6865 0
6866 0
6867 1
6868 2
6869 0
6870 2
6871 0
6872 1
6873 2
6874 2
6875 2
6876 2
6877 3
6878 2
6879 0
6880 1
6881 1
6882 1
6883 1
6884 0
6885 1
6886 1
6887 1
6888 0
6889 1
6890 0
6891 2
6892 0
6893 0
6894 2
6895 2
6896 1
6897 2
6898 2
6899 2
6900 1
6901 2
6902 2
6903 2
6904 1
6905 2
6906 0
6907 1
6908 2
6909 1
6910 1
6911 1
6912 1
6913 2
6914 1
6915 1
6916 2
6917 2
6918 1
6919 2
6920 1
6921 1
6922 1
6923 2
6924 1
6925 2
6926 3
6927 2
6928 1
6929 2
6930 2
6931 0
6932 0
6933 2
6934 2
6935 1
6936 2
6937 1
6938 2
6939 1
6940 1
6941 2
6942 1
6943 1
6944 1
6945 2
6946 1
6947 1
6948 1
6949 1
6950 1
6951 1
6952 3
6953 1
6954 0
6955 2
6956 1
6957 0
6958 0
6959 1
6960 2
6961 1
6962 2
6963 1
6964 1
6965 1
6966 2
6967 2
6968 0
6969 2
6970 2
6971 2
6972 0
6973 0
6974 2
6975 1
6976 1
6977 0
6978 3
6979 2
6980 2
6981 2
6982 1
6983 3
6984 0
6985 1
6986 2
6987 2
6988 0
6989 1
6990 1
6991 1
6992 1
6993 1
6994 0
6995 0
6996 1
6997 1
6998 0
6999 0
7000 0
7001 0
7002 0
7003 1
7004 0
7005 0
7006 0
7007 1
7008 0
7009 0
7010 1
7011 0
7012 0
7013 1
7014 0
7015 1
7016 1
7017 0
7018 1
7019 1
7020 0
7021 0
7022 0
7023 0
7024 0
7025 0
7026 0
7027 0
7028 0
7029 0
7030 0
7031 0
7032 0
7033 1
7034 2
7035 1
7036 1
7037 1
7038 0
7039 2
7040 2
7041 2
7042 1
7043 1
7044 2
7045 0
7046 3
7047 1
7048 1
7049 1
7050 2
7051 1
7052 1
7053 0
7054 1
7055 2
7056 1
7057 2
7058 1
7059 2
7060 1
7061 1
7062 2
7063 1
7064 3
7065 2
7066 1
7067 2
7068 1
7069 3
7070 1
7071 1
7072 2
7073 1
7074 1
7075 2
7076 2
7077 0
7078 2
7079 0
7080 1
7081 2
7082 1
7083 0
7084 1
7085 1
7086 3
7087 1
7088 2
7089 2
7090 1
7091 1
7092 1
7093 0
7094 3
7095 1
7096 1
7097 2
7098 2
7099 2
7100 1
7101 2
7102 2
7103 0
7104 1
7105 2
7106 2
7107 1
7108 1
7109 1
7110 1
7111 3
7112 1
7113 1
7114 1
7115 2
7116 2
7117 2
7118 2
7119 0
7120 2
7121 3
7122 1
7123 2
7124 1
7125 2
7126 2
7127 2
7128 1
7129 2
7130 2
7131 1
7132 1
7133 1
7134 2
7135 1
7136 0
7137 0
7138 1
7139 2
7140 2
7141 1
7142 1
7143 0
7144 0
7145 1
7146 2
7147 0
7148 2
7149 1
7150 2
7151 2
7152 1
7153 2
7154 3
7155 1
7156 1
7157 2
7158 1
7159 0
7160 1
7161 1
7162 2
7163 2
7164 3
7165 2
7166 1
7167 2
7168 2
7169 1
7170 1
7171 2
7172 2
7173 1
7174 2
7175 1
7176 2
7177 1
7178 1
7179 1
7180 1
7181 2
7182 1
7183 2
7184 2
7185 2
7186 0
7187 0
7188 1
7189 2
7190 1
7191 1
7192 1
7193 1
7194 1
7195 1
7196 1
7197 1
7198 1
7199 1
7200 2
7201 2
7202 1
7203 1
7204 1
7205 2
7206 1
7207 1
7208 1
7209 1
7210 2
7211 2
7212 2
7213 2
7214 0
7215 2
7216 1
7217 1
7218 3
7219 1
7220 2
7221 2
7222 1
7223 1
7224 0
7225 2
7226 2
7227 0
7228 2
7229 2
7230 1
7231 1
7232 1
7233 0
7234 1
7235 0
7236 1
7237 0
7238 1
7239 1
7240 2
7241 2
7242 1
7243 2
7244 1
7245 1
7246 2
7247 0
7248 3
7249 1
7250 0
7251 2
7252 3
7253 1
7254 1
7255 1
7256 0
7257 1
7258 2
7259 2
7260 1
7261 1
7262 2
7263 2
7264 1
7265 2
7266 3
7267 2
7268 3
7269 2
7270 1
7271 2
7272 0
7273 0
7274 1
7275 2
7276 2
7277 1
7278 1
7279 0
7280 0
7281 0
7282 1
7283 0
7284 0
7285 0
7286 0
7287 0
7288 1
7289 0
7290 0
7291 0
7292 0
7293 0
7294 0
7295 0
7296 0
7297 0
7298 0
7299 0
7300 1
7301 1
7302 1
7303 2
7304 1
7305 2
7306 0
7307 2
7308 2
7309 0
7310 2
7311 0
7312 1
7313 2
7314 1
7315 3
7316 2
7317 1
7318 2
7319 0
7320 2
7321 2
7322 2
7323 2
7324 2
7325 0
7326 1
7327 0
7328 1
7329 1
7330 1
7331 2
7332 1
7333 1
7334 1
7335 2
7336 1
7337 1
7338 1
7339 0
7340 1
7341 1
7342 2
7343 1
7344 1
7345 2
7346 2
7347 1
7348 2
7349 1
7350 1
7351 1
7352 2
7353 2
7354 2
7355 1
7356 2
7357 1
7358 2
7359 1
7360 1
7361 2
7362 1
7363 2
7364 1
7365 2
7366 2
7367 1
7368 0
7369 2
7370 1
7371 2
7372 1
7373 1
7374 2
7375 1
7376 0
7377 0
7378 1
7379 1
7380 1
7381 1
7382 2
7383 2
7384 1
7385 1
7386 1
7387 1
7388 2
7389 0
7390 2
7391 2
7392 2
7393 2
7394 2
7395 2
7396 1
7397 2
7398 3
7399 1
7400 0
7401 1
7402 2
7403 2
7404 1
7405 2
7406 2
7407 1
7408 1
7409 1
7410 2
7411 1
7412 1
7413 2
7414 1
7415 1
7416 3
7417 0
7418 2
7419 2
7420 1
7421 2
7422 1
7423 1
7424 1
7425 2
7426 1
7427 1
7428 2
7429 2
7430 1
7431 2
7432 2
7433 3
7434 1
7435 2
7436 2
7437 1
7438 1
7439 1
7440 0
7441 1
7442 2
7443 1
7444 0
7445 2
7446 2
7447 1
7448 1
7449 2
7450 2
7451 2
7452 1
7453 1
7454 3
7455 1
7456 1
7457 1
7458 1
7459 2
7460 1
7461 2
7462 2
7463 1
7464 2
7465 1
7466 1
7467 2
7468 1
7469 1
7470 0
7471 2
7472 2
7473 1
7474 1
7475 1
7476 2
7477 1
7478 3
7479 0
7480 2
7481 1
7482 0
7483 0
7484 1
7485 1
7486 1
7487 2
7488 1
7489 2
7490 1
7491 0
7492 2
7493 1
7494 0
7495 0
7496 1
7497 1
7498 2
7499 2
7500 1
7501 0
7502 1
7503 1
7504 0
7505 1
7506 2
7507 2
7508 1
7509 1
7510 2
7511 2
7512 1
7513 2
7514 2
7515 2
7516 2
7517 2
7518 1
7519 1
7520 1
7521 2
7522 1
7523 1
7524 1
7525 2
7526 1
7527 2
7528 0
7529 0
7530 1
7531 2
7532 3
7533 2
7534 1
7535 0
7536 2
7537 1
7538 1
7539 2
7540 1
7541 2
7542 2
7543 1
7544 1
7545 1
7546 1
7547 1
7548 1
7549 1
7550 1
7551 1
7552 1
7553 2
7554 0
7555 2
7556 1
7557 1
7558 1
7559 1
7560 1
7561 2
7562 0
7563 2
7564 2
7565 2
7566 2
7567 0
7568 2
7569 1
7570 1
7571 0
7572 0
7573 1
7574 2
7575 0
7576 2
7577 2
7578 0
7579 0
7580 0
7581 2
7582 0
7583 2
7584 0
7585 0
7586 0
7587 2
7588 1
7589 2
7590 1
7591 0
7592 2
7593 1
7594 0
7595 1
7596 1
7597 1
7598 1
7599 1
7600 2
7601 0
7602 1
7603 1
7604 1
7605 2
7606 3
7607 2
7608 2
7609 2
7610 2
7611 3
7612 2
7613 0
7614 1
7615 0
7616 2
7617 2
7618 2
7619 1
7620 1
7621 1
7622 1
7623 2
7624 2
7625 1
7626 2
7627 1
7628 0
7629 1
7630 1
7631 2
7632 2
7633 1
7634 1
7635 2
7636 2
7637 1
7638 2
7639 2
7640 1
7641 2
7642 2
7643 0
7644 0
7645 0
7646 0
7647 1
7648 1
7649 0
7650 0
7651 1
7652 0
7653 0
7654 2
7655 2
7656 2
7657 1
7658 0
7659 2
7660 2
7661 2
7662 0
7663 0
7664 1
7665 1
7666 2
7667 1
7668 1
7669 1
7670 0
7671 0
7672 1
7673 2
7674 2
7675 2
7676 1
7677 0
7678 2
7679 1
7680 1
7681 1
7682 2
7683 0
7684 0
7685 1
7686 2
7687 1
7688 2
7689 2
7690 0
7691 1
7692 2
7693 1
7694 0
7695 2
7696 2
7697 0
7698 1
7699 2
7700 0
7701 1
7702 2
7703 1
7704 2
7705 1
7706 2
7707 0
7708 1
7709 0
7710 1
7711 1
7712 1
7713 1
7714 2
7715 1
7716 1
7717 1
7718 2
7719 1
7720 1
7721 2
7722 2
7723 2
7724 2
7725 1
7726 0
7727 1
7728 2
7729 1
7730 1
7731 2
7732 1
7733 2
7734 0
7735 1
7736 2
7737 0
7738 1
7739 2
7740 2
7741 1
7742 2
7743 2
7744 1
7745 1
7746 1
7747 0
7748 1
7749 0
7750 2
7751 1
7752 1
7753 2
7754 1
7755 2
7756 2
7757 2
7758 0
7759 1
7760 1
7761 2
7762 1
7763 1
7764 2
7765 3
7766 0
7767 2
7768 2
7769 0
7770 2
7771 3
7772 1
7773 1
7774 2
7775 0
7776 1
7777 1
7778 1
7779 1
7780 2
7781 2
7782 2
7783 1
7784 2
7785 1
7786 2
7787 1
7788 0
7789 0
7790 0
7791 1
7792 2
7793 2
7794 2
7795 1
7796 1
7797 2
7798 1
7799 0
7800 1
7801 1
7802 1
7803 2
7804 2
7805 1
7806 1
7807 0
7808 2
7809 0
7810 1
7811 1
7812 1
7813 1
7814 2
7815 1
7816 1
7817 2
7818 1
7819 1
7820 2
7821 1
7822 2
7823 2
7824 1
7825 2
7826 1
7827 2
7828 2
7829 2
7830 0
7831 2
7832 1
7833 0
7834 0
7835 1
7836 1
7837 1
7838 2
7839 1
7840 2
7841 1
7842 2
7843 1
7844 1
7845 2
7846 1
7847 1
7848 2
7849 2
7850 1
7851 2
7852 2
7853 1
7854 1
7855 0
7856 1
7857 2
7858 0
7859 0
7860 0
7861 0
7862 0
7863 0
7864 0
7865 0
7866 0
7867 0
7868 0
7869 0
7870 0
7871 1
7872 2
7873 2
7874 1
7875 2
7876 1
7877 2
7878 0
7879 1
7880 1
7881 1
7882 1
7883 1
7884 1
7885 0
7886 1
7887 1
7888 1
7889 2
7890 0
7891 2
7892 1
7893 2
7894 2
7895 2
7896 2
7897 2
7898 1
7899 0
7900 1
7901 1
7902 2
7903 1
7904 2
7905 1
7906 1
7907 2
7908 0
7909 1
7910 0
7911 1
7912 2
7913 2
7914 3
7915 2
7916 2
7917 1
7918 0
7919 0
7920 1
7921 1
7922 1
7923 2
7924 2
7925 2
7926 0
7927 1
7928 1
7929 1
7930 1
7931 0
7932 2
7933 2
7934 0
7935 1
7936 1
7937 1
7938 2
7939 1
7940 1
7941 1
7942 2
7943 1
7944 4
7945 1
7946 2
7947 1
7948 1
7949 2
7950 1
7951 1
7952 1
7953 2
7954 2
7955 2
7956 0
7957 2
7958 1
7959 2
7960 0
7961 0
7962 0
7963 0
7964 1
7965 0
7966 0
7967 0
7968 0
7969 0
7970 0
7971 0
7972 0
7973 1
7974 0
7975 0
7976 0
7977 0
7978 0
7979 0
7980 1
7981 1
7982 0
7983 0
7984 0
7985 0
7986 1
7987 0
7988 0
7989 1
7990 0
7991 1
7992 0
7993 0
7994 0
7995 0
7996 1
7997 0
7998 1
7999 1
8000 2
8001 1
8002 2
8003 1
8004 1
8005 1
8006 1
8007 2
8008 2
8009 0
8010 0
8011 0
8012 0
8013 0
8014 0
8015 0
8016 0
8017 0
8018 0
8019 0
8020 0
8021 0
8022 0
8023 0
8024 0
8025 1
8026 0
8027 0
8028 0
8029 0
8030 0
8031 0
8032 0
8033 1
8034 1
8035 3
8036 1
8037 1
8038 0
8039 1
8040 2
8041 1
8042 2
8043 1
8044 1
8045 1
8046 1
8047 1
8048 1
8049 2
8050 2
8051 1
8052 1
8053 2
8054 2
8055 1
8056 1
8057 2
8058 1
8059 2
8060 2
8061 2
8062 1
8063 2
8064 1
8065 0
8066 0
8067 0
8068 0
8069 0
8070 0
8071 0
8072 0
8073 1
8074 0
8075 0
8076 0
8077 0
8078 1
8079 1
8080 0
8081 1
8082 0
8083 0
8084 0
8085 1
8086 0
8087 1
8088 0
8089 0
8090 1
8091 1
8092 1
8093 2
8094 0
8095 1
8096 1
8097 1
8098 2
8099 2
8100 2
8101 2
8102 3
8103 2
8104 1
8105 2
8106 2
8107 2
8108 1
8109 1
8110 2
8111 1
8112 2
8113 2
8114 2
8115 1
8116 1
8117 1
8118 2
8119 0
8120 1
8121 1
8122 1
8123 1
8124 0
8125 2
8126 0
8127 2
8128 2
8129 2
8130 0
8131 1
8132 2
8133 2
8134 1
8135 1
8136 2
8137 1
8138 1
8139 3
8140 2
8141 2
8142 1
8143 2
8144 0
8145 1
8146 1
8147 2
8148 2
8149 0
8150 1
8151 2
8152 2
8153 1
8154 1
8155 1
8156 1
8157 1
8158 1
8159 2
8160 1
8161 2
8162 2
8163 2
8164 2
8165 1
8166 1
8167 0
8168 2
8169 1
8170 1
8171 2
8172 1
8173 0
8174 0
8175 2
8176 0
8177 1
8178 2
8179 2
8180 1
8181 2
8182 1
8183 0
8184 1
8185 0
8186 2
8187 0
8188 1
8189 0
8190 0
8191 1
8192 1
8193 2
8194 0
8195 0
8196 1
8197 1
8198 0
8199 0
8200 1
8201 1
8202 2
8203 1
8204 0
8205 1
8206 1
8207 1
8208 1
8209 2
8210 1
8211 2
8212 1
8213 0
8214 1
8215 1
8216 2
8217 2
8218 0
8219 0
8220 3
8221 1
8222 2
8223 2
8224 2
8225 1
8226 2
8227 0
8228 2
8229 2
8230 2
8231 2
8232 1
8233 1
8234 1
8235 1
8236 1
8237 1
8238 1
8239 1
8240 1
8241 2
8242 1
8243 2
8244 0
8245 2
8246 1
8247 1
8248 0
8249 1
8250 0
8251 1
8252 2
8253 2
8254 1
8255 2
8256 2
8257 1
8258 2
8259 1
8260 1
8261 3
8262 3
8263 2
8264 2
8265 1
8266 2
8267 3
8268 2
8269 1
8270 0
8271 3
8272 2
8273 1
8274 1
8275 2
8276 1
8277 0
8278 2
8279 2
8280 2
8281 3
8282 2
8283 1
8284 1
8285 1
8286 2
8287 0
8288 2
8289 1
8290 1
8291 1
8292 1
8293 0
8294 2
8295 1
8296 1
8297 2
8298 2
8299 1
8300 1
8301 0
8302 1
8303 1
8304 2
8305 0
8306 1
8307 2
8308 2
8309 2
8310 0
8311 0
8312 1
8313 0
8314 0
8315 0
8316 0
8317 0
8318 0
8319 0
8320 0
8321 0
8322 1
8323 0
8324 0
8325 0
8326 1
8327 1
8328 1
8329 1
8330 0
8331 1
8332 2
8333 0
8334 1
8335 2
8336 0
8337 1
8338 2
8339 2
8340 1
8341 1
8342 0
8343 2
8344 2
8345 2
8346 0
8347 1
8348 1
8349 1
8350 0
8351 1
8352 0
8353 2
8354 1
8355 2
8356 3
8357 1
8358 2
8359 0
8360 2
8361 3
8362 1
8363 0
8364 1
8365 0
8366 1
8367 2
8368 3
8369 1
8370 0
8371 1
8372 1
8373 3
8374 1
8375 2
8376 2
8377 0
8378 1
8379 1
8380 1
8381 1
8382 2
8383 2
8384 1
8385 0
8386 1
8387 1
8388 0
8389 1
8390 1
8391 1
8392 2
8393 0
8394 0
8395 1
8396 0
8397 1
8398 1
8399 1
8400 2
8401 2
8402 1
8403 1
8404 2
8405 1
8406 2
8407 1
8408 0
8409 2
8410 2
8411 0
8412 2
8413 1
8414 1
8415 2
8416 2
8417 2
8418 0
8419 1
8420 2
8421 3
8422 1
8423 2
8424 2
8425 1
8426 1
8427 0
8428 1
8429 2
8430 1
8431 1
8432 0
8433 1
8434 1
8435 1
8436 1
8437 1
8438 1
8439 1
8440 0
8441 1
8442 1
8443 2
8444 2
8445 0
8446 1
8447 1
8448 2
8449 2
8450 2
8451 1
8452 1
8453 2
8454 2
8455 1
8456 2
8457 1
8458 0
8459 1
8460 0
8461 1
8462 0
8463 1
8464 2
8465 1
8466 1
8467 2
8468 2
8469 1
8470 1
8471 2
8472 2
8473 2
8474 2
8475 1
8476 1
8477 2
8478 1
8479 3
8480 2
8481 1
8482 2
8483 2
8484 3
8485 1
8486 2
8487 3
8488 1
8489 1
8490 0
8491 2
8492 1
8493 1
8494 2
8495 1
8496 1
8497 1
8498 1
8499 1
8500 1
8501 0
8502 2
8503 2
8504 1
8505 1
8506 2
8507 2
8508 1
8509 1
8510 2
8511 2
8512 2
8513 2
8514 2
8515 2
8516 1
8517 2
8518 1
8519 0
8520 2
8521 1
8522 2
8523 1
8524 2
8525 1
8526 1
8527 0
8528 0
8529 2
8530 1
8531 1
8532 2
8533 1
8534 1
8535 1
8536 2
8537 1
8538 1
8539 2
8540 2
8541 2
8542 2
8543 0
8544 0
8545 1
8546 2
8547 0
8548 2
8549 2
8550 1
8551 1
8552 2
8553 1
8554 2
8555 1
8556 1
8557 1
8558 1
8559 0
8560 2
8561 1
8562 2
8563 1
8564 2
8565 1
8566 1
8567 2
8568 2
8569 3
8570 0
8571 2
8572 2
8573 1
8574 1
8575 1
8576 1
8577 1
8578 2
8579 2
8580 1
8581 2
8582 1
8583 2
8584 2
8585 2
8586 1
8587 1
8588 0
8589 2
8590 0
8591 2
8592 1
8593 0
8594 2
8595 0
8596 1
8597 2
8598 0
8599 1
8600 1
8601 2
8602 3
8603 1
8604 0
8605 2
8606 1
8607 0
8608 1
8609 1
8610 2
8611 2
8612 1
8613 0
8614 1
8615 1
8616 1
8617 1
8618 1
8619 2
8620 3
8621 2
8622 0
8623 1
8624 2
8625 1
8626 2
8627 1
8628 2
8629 1
8630 1
8631 1
8632 0
8633 1
8634 1
8635 1
8636 2
8637 0
8638 1
8639 2
8640 2
8641 1
8642 1
8643 0
8644 3
8645 1
8646 3
8647 1
8648 0
8649 1
8650 0
8651 1
8652 1
8653 1
8654 0
8655 0
8656 2
8657 2
8658 1
8659 1
8660 1
8661 1
8662 1
8663 2
8664 0
8665 1
8666 1
8667 1
8668 1
8669 1
8670 1
8671 1
8672 2
8673 1
8674 2
8675 1
8676 1
8677 1
8678 3
8679 2
8680 0
8681 1
8682 2
8683 3
8684 1
8685 1
8686 1
8687 1
8688 1
8689 2
8690 0
8691 2
8692 1
8693 2
8694 1
8695 2
8696 1
8697 1
8698 2
8699 2
8700 2
8701 0
8702 2
8703 2
8704 1
8705 1
8706 1
8707 1
8708 1
8709 2
8710 2
8711 1
8712 1
8713 2
8714 1
8715 2
8716 0
8717 0
8718 2
8719 1
8720 1
8721 2
8722 1
8723 1
8724 2
8725 1
8726 1
8727 1
8728 0
8729 1
8730 1
8731 0
8732 1
8733 1
8734 1
8735 0
8736 2
8737 1
8738 1
8739 2
8740 1
8741 1
8742 2
8743 2
8744 2
8745 1
8746 1
8747 1
8748 2
8749 2
8750 1
8751 2
8752 0
8753 1
8754 1
8755 1
8756 0
8757 1
8758 1
8759 2
8760 1
8761 1
8762 2
8763 0
8764 2
8765 1
8766 2
8767 1
8768 2
8769 2
8770 1
8771 1
8772 1
8773 1
8774 3
8775 1
8776 0
8777 1
8778 1
8779 1
8780 0
8781 2
8782 2
8783 2
8784 1
8785 1
8786 1
8787 1
8788 2
8789 1
8790 1
8791 1
8792 1
8793 2
8794 1
8795 2
8796 2
8797 1
8798 1
8799 2
8800 2
8801 2
8802 2
8803 0
8804 1
8805 2
8806 2
8807 0
8808 2
8809 0
8810 2
8811 0
8812 2
8813 1
8814 1
8815 1
8816 2
8817 2
8818 2
8819 1
8820 2
8821 2
8822 2
8823 1
8824 2
8825 1
8826 1
8827 0
8828 1
8829 1
8830 1
8831 0
8832 2
8833 2
8834 2
8835 0
8836 2
8837 1
8838 1
8839 2
8840 1
8841 1
8842 1
8843 1
8844 2
8845 2
8846 2
8847 1
8848 1
8849 1
8850 1
8851 1
8852 2
8853 2
8854 2
8855 2
8856 1
8857 1
8858 1
8859 2
8860 2
8861 2
8862 2
8863 1
8864 1
8865 2
8866 1
8867 2
8868 2
8869 1
8870 1
8871 2
8872 1
8873 0
8874 3
8875 2
8876 2
8877 1
8878 2
8879 2
8880 1
8881 1
8882 1
8883 0
8884 1
8885 0
8886 1
8887 1
8888 0
8889 1
8890 1
8891 1
8892 0
8893 1
8894 2
8895 1
8896 1
8897 1
8898 1
8899 2
8900 1
8901 0
8902 0
8903 2
8904 2
8905 1
8906 2
8907 0
8908 2
8909 3
8910 0
8911 1
8912 1
8913 2
8914 1
8915 2
8916 0
8917 1
8918 2
8919 1
8920 1
8921 3
8922 3
8923 2
8924 2
8925 1
8926 2
8927 2
8928 2
8929 1
8930 1
8931 0
8932 0
8933 2
8934 1
8935 2
8936 1
8937 1
8938 2
8939 2
8940 2
8941 0
8942 1
8943 2
8944 1
8945 1
8946 1
8947 0
8948 1
8949 2
8950 2
8951 1
8952 1
8953 1
8954 1
8955 2
8956 2
8957 1
8958 1
8959 2
8960 2
8961 2
8962 0
8963 0
8964 1
8965 1
8966 2
8967 3
8968 1
8969 1
8970 0
8971 2
8972 1
8973 1
8974 2
8975 0
8976 2
8977 2
8978 1
8979 1
8980 2
8981 2
8982 1
8983 1
8984 2
8985 2
8986 0
8987 1
8988 1
8989 0
8990 1
8991 1
8992 1
8993 0
8994 0
8995 0
8996 2
8997 2
8998 2
8999 2
9000 2
9001 2
9002 0
9003 2
9004 1
9005 1
9006 1
9007 1
9008 2
9009 2
9010 2
9011 0
9012 2
9013 2
9014 2
9015 2
9016 1
9017 1
9018 1
9019 1
9020 1
9021 0
9022 1
9023 2
9024 1
9025 2
9026 1
9027 2
9028 2
9029 1
9030 0
9031 1
9032 0
9033 1
9034 0
9035 1
9036 1
9037 1
9038 0
9039 1
9040 2
9041 1
9042 1
9043 0
9044 1
9045 2
9046 1
9047 1
9048 2
9049 1
9050 2
9051 1
9052 1
9053 1
9054 2
9055 1
9056 2
9057 1
9058 1
9059 1
9060 1
9061 0
9062 1
9063 0
9064 0
9065 2
9066 2
9067 2
9068 1
9069 1
9070 1
9071 2
9072 1
9073 0
9074 0
9075 0
9076 0
9077 0
9078 0
9079 0
9080 0
9081 0
9082 0
9083 0
9084 1
9085 0
9086 0
9087 1
9088 0
9089 0
9090 0
9091 0
9092 0
9093 0
9094 1
9095 1
9096 0
9097 0
9098 0
9099 0
9100 0
9101 0
9102 1
9103 0
9104 1
9105 2
9106 1
9107 0
9108 0
9109 0
9110 0
9111 0
9112 0
9113 0
9114 0
9115 0
9116 0
9117 0
9118 0
9119 0
9120 1
9121 2
9122 1
9123 1
9124 1
9125 2
9126 2
9127 2
9128 2
9129 1
9130 3
9131 1
9132 1
9133 2
9134 1
9135 0
9136 1
9137 1
9138 2
9139 0
9140 1
9141 1
9142 1
9143 2
9144 1
9145 1
9146 2
9147 1
9148 1
9149 2
9150 1
9151 2
9152 2
9153 3
9154 1
9155 1
9156 3
9157 1
9158 1
9159 1
9160 3
9161 1
9162 2
9163 1
9164 2
9165 2
9166 1
9167 0
9168 1
9169 3
9170 2
9171 1
9172 2
9173 0
9174 2
9175 1
9176 1
9177 1
9178 1
9179 1
9180 1
9181 3
9182 1
9183 0
9184 2
9185 2
9186 3
9187 1
9188 3
9189 1
9190 1
9191 1
9192 0
9193 1
9194 2
9195 2
9196 1
9197 1
9198 2
9199 1
9200 1
9201 1
9202 3
9203 2
9204 2
9205 1
9206 2
9207 1
9208 1
9209 1
9210 1
9211 1
9212 1
9213 0
9214 0
9215 2
9216 1
9217 2
9218 2
9219 0
9220 1
9221 1
9222 1
9223 2
9224 1
9225 1
9226 2
9227 2
9228 2
9229 2
9230 0
9231 0
9232 1
9233 2
9234 2
9235 1
9236 2
9237 1
9238 0
9239 2
9240 1
9241 1
9242 1
9243 1
9244 1
9245 1
9246 2
9247 1
9248 2
9249 1
9250 2
9251 1
9252 2
9253 2
9254 2
9255 1
9256 0
9257 2
9258 1
9259 2
9260 2
9261 2
9262 2
9263 2
9264 2
9265 1
9266 1
9267 1
9268 0
9269 1
9270 3
9271 2
9272 1
9273 1
9274 1
9275 2
9276 2
9277 1
9278 3
9279 1
9280 2
9281 0
9282 0
9283 2
9284 2
9285 2
9286 2
9287 0
9288 0
9289 2
9290 0
9291 1
9292 1
9293 2
9294 2
9295 2
9296 0
9297 1
9298 1
9299 1
9300 2
9301 1
9302 1
9303 2
9304 1
9305 1
9306 2
9307 0
9308 2
9309 2
9310 2
9311 0
9312 1
9313 1
9314 2
9315 2
9316 2
9317 2
9318 1
9319 2
9320 3
9321 1
9322 2
9323 2
9324 0
9325 1
9326 2
9327 2
9328 1
9329 2
9330 0
9331 1
9332 1
9333 1
9334 3
9335 0
9336 1
9337 1
9338 2
9339 2
9340 0
9341 2
9342 1
9343 0
9344 0
9345 1
9346 0
9347 1
9348 0
9349 1
9350 0
9351 0
9352 0
9353 0
9354 0
9355 0
9356 1
9357 0
9358 0
9359 0
9360 0
9361 0
9362 1
9363 1
9364 0
9365 1
9366 0
9367 0
9368 1
9369 0
9370 0
9371 0
9372 0
9373 0
9374 1
9375 0
9376 1
9377 1
9378 1
9379 1
9380 1
9381 0
9382 0
9383 0
9384 0
9385 0
9386 0
9387 1
9388 0
9389 0
9390 0
9391 0
9392 1
9393 1
9394 1
9395 0
9396 0
9397 0
9398 1
9399 1
9400 0
9401 2
9402 1
9403 1
9404 1
9405 1
9406 2
9407 0
9408 1
9409 2
9410 2
9411 3
9412 0
9413 2
9414 2
9415 3
9416 2
9417 1
9418 3
9419 1
9420 0
9421 2
9422 1
9423 1
9424 2
9425 2
9426 1
9427 0
9428 1
9429 0
9430 2
9431 1
9432 1
9433 1
9434 1
9435 1
9436 1
9437 1
9438 0
9439 0
9440 2
9441 1
9442 1
9443 3
9444 2
9445 1
9446 1
9447 1
9448 1
9449 2
9450 1
9451 2
9452 0
9453 1
9454 2
9455 2
9456 2
9457 1
9458 1
9459 2
9460 2
9461 1
9462 1
9463 2
9464 2
9465 2
9466 3
9467 2
9468 0
9469 1
9470 0
9471 1
9472 1
9473 1
9474 1
9475 1
9476 1
9477 0
9478 0
9479 0
9480 1
9481 0
9482 1
9483 0
9484 0
9485 0
9486 0
9487 0
9488 0
9489 0
9490 1
9491 0
9492 0
9493 1
9494 1
9495 0
9496 0
9497 0
9498 1
9499 1
9500 1
9501 1
9502 1
9503 1
9504 0
9505 0
9506 0
9507 0
9508 0
9509 0
9510 0
9511 1
9512 0
9513 0
9514 0
9515 0
9516 0
9517 0
9518 0
9519 0
9520 0
9521 0
9522 0
9523 0
9524 0
9525 0
9526 1
9527 0
9528 0
9529 0
9530 1
9531 1
9532 1
9533 0
9534 0
9535 0
9536 0
9537 2
9538 0
9539 0
9540 0
9541 0
9542 1
9543 1
9544 0
9545 0
9546 0
9547 1
9548 1
9549 1
9550 0
9551 0
9552 1
9553 1
9554 0
9555 0
9556 1
9557 1
9558 0
9559 0
9560 0
9561 1
9562 0
9563 0
9564 0
9565 0
9566 1
9567 0
9568 0
9569 1
9570 0
9571 1
9572 1
9573 0
9574 0
9575 0
9576 0
9577 0
9578 1
9579 0
9580 0
9581 0
9582 0
9583 0
9584 1
9585 0
9586 0
9587 0
9588 0
9589 0
9590 0
9591 0
9592 0
9593 1
9594 0
9595 0
9596 1
9597 0
9598 0
9599 0
9600 1
9601 1
9602 1
9603 0
9604 0
9605 0
9606 0
9607 0
9608 0
9609 0
9610 0
9611 0
9612 1
9613 0
9614 0
9615 0
9616 1
9617 1
9618 1
9619 1
9620 1
9621 0
9622 1
9623 0
9624 0
9625 0
9626 0
9627 0
9628 1
9629 0
9630 0
9631 0
9632 0
9633 0
9634 1
9635 0
9636 2
9637 1
9638 2
9639 1
9640 1
9641 1
9642 1
9643 1
9644 1
9645 2
9646 1
9647 0
9648 0
9649 0
9650 0
9651 0
9652 0
9653 0
9654 1
9655 0
9656 0
9657 1
9658 0
9659 0
9660 0
9661 0
9662 0
9663 0
9664 0
9665 0
9666 0
9667 0
9668 0
9669 0
9670 0
9671 1
9672 0
9673 1
9674 0
9675 0
9676 0
9677 0
9678 0
9679 1
9680 0
9681 0
9682 0
9683 0
9684 1
9685 0
9686 0
9687 0
9688 0
9689 0
9690 0
9691 1
9692 1
9693 1
9694 1
9695 1
9696 0
9697 1
9698 0
9699 0
9700 0
9701 0
9702 0
9703 0
9704 1
9705 0
9706 1
9707 0
9708 0
9709 0
9710 1
9711 2
9712 0
9713 1
9714 0
9715 0
9716 1
9717 0
9718 0
9719 0
9720 0
9721 1
9722 0
9723 0
9724 0
9725 0
9726 0
9727 0
9728 0
9729 0
9730 0
9731 0
9732 0
9733 0
9734 0
9735 0
9736 0
9737 0
9738 0
9739 0
9740 0
9741 1
9742 0
9743 0
9744 0
9745 0
9746 0
9747 1
9748 0
9749 0
9750 1
9751 0
9752 0
9753 0
9754 0
9755 1
9756 0
9757 0
9758 0
9759 1
9760 0
9761 0
9762 0
9763 0
9764 0
9765 0
9766 1
9767 0
9768 0
9769 1
9770 0
9771 0
9772 1
9773 0
9774 0
9775 0
9776 0
9777 1
9778 1
9779 0
9780 0
9781 0
9782 0
9783 0
9784 0
9785 1
9786 1
9787 0
9788 0
9789 2
9790 1
9791 1
9792 1
9793 0
9794 0
9795 0
9796 0
9797 0
9798 0
9799 1
9800 0
9801 0
9802 0
9803 2
9804 0
9805 2
9806 2
9807 1
9808 1
9809 1
9810 2
9811 1
9812 2
9813 2
9814 2
9815 1
9816 1
9817 2
9818 1
9819 1
9820 1
9821 1
9822 0
9823 1
9824 0
9825 0
9826 0
9827 1
9828 2
9829 1
9830 0
9831 0
9832 1
9833 1
9834 0
9835 1
9836 1
9837 0
9838 0
9839 0
9840 1
9841 1
9842 0
9843 1
9844 0
9845 1
9846 1
9847 1
9848 0
9849 0
9850 0
9851 0
9852 1
9853 0
9854 1
9855 0
9856 0
9857 0
9858 0
9859 0
9860 0
9861 0
9862 0
9863 0
9864 0
9865 0
9866 0
9867 0
9868 1
9869 0
9870 0
9871 0
9872 0
9873 1
9874 0
9875 1
9876 0
9877 0
9878 0
9879 0
9880 1
9881 0
9882 0
9883 0
9884 0
9885 1
9886 1
9887 0
9888 0
9889 0
9890 1
9891 0
9892 1
9893 1
9894 0
9895 1
9896 0
9897 0
9898 0
9899 0
9900 1
9901 1
9902 1
9903 1
9904 1
9905 1
9906 1
9907 1
9908 0
9909 0
9910 0
9911 0
9912 0
9913 1
9914 1
9915 1
9916 1
9917 0
9918 1
9919 1
9920 1
9921 1
9922 1
9923 0
9924 1
9925 0
9926 0
9927 0
9928 0
9929 0
9930 0
9931 1
9932 1
9933 0
9934 1
9935 1
9936 0
9937 1
9938 1
9939 0
9940 0
9941 0
9942 0
9943 0
9944 2
9945 0
9946 2
9947 1
9948 2
9949 2
9950 1
9951 0
9952 0
9953 0
9954 0
9955 0
9956 0
9957 0
9958 0
9959 0
9960 0
9961 1
9962 0
9963 1
9964 1
9965 0
9966 1
9967 0
9968 1
9969 0
9970 1
9971 1
9972 0
9973 0
9974 0
9975 0
9976 0
9977 0
9978 1
9979 0
9980 1
9981 1
9982 0
9983 1
9984 2
9985 2
9986 1
9987 0
9988 2
9989 1
9990 2
9991 0
9992 1
9993 0
9994 1
9995 2
9996 2
9997 2
9998 2
9999 2
10000 1
10001 1
