1 1
2 0
3 0
4 1
5 0
6 0
7 0
8 0
9 0
10 0
11 0
12 0
13 1
14 1
15 0
16 0
17 0
18 0
19 0
20 0
21 0
22 0
23 0
24 0
25 0
26 0
27 0
28 1
29 0
30 0
31 0
32 0
33 0
34 0
35 0
36 0
37 0
38 0
39 0
40 0
41 1
42 0
43 1
44 1
45 1
46 0
47 2
48 2
49 0
50 0
51 1
52 1
53 1
54 0
55 0
56 2
57 1
58 1
59 1
60 0
61 1
62 0
63 1
64 1
65 1
66 2
67 2
68 1
69 0
70 1
71 0
72 1
73 1
74 0
75 0
76 1
77 1
78 0
79 0
80 0
81 0
82 1
83 0
84 0
85 1
86 1
87 0
88 1
89 1
90 1
91 0
92 0
93 1
94 1
95 1
96 1
97 1
98 0
99 0
100 1
101 1
102 2
103 3
104 1
105 1
106 1
107 2
108 0
109 0
110 0
111 1
112 1
113 0
114 0
115 1
116 0
117 1
118 1
119 1
120 0
121 1
122 1
123 1
124 0
125 1
126 1
127 1
128 1
129 1
130 2
131 1
132 0
133 1
134 1
135 1
136 2
137 1
138 1
139 1
140 0
141 1
142 0
143 1
144 0
145 1
146 2
147 0
148 1
149 1
150 1
151 0
152 1
153 1
154 1
155 1
156 2
157 1
158 0
159 1
160 1
161 1
162 0
163 0
164 0
165 3
166 2
167 0
168 1
169 1
170 0
171 1
172 1
173 2
174 0
175 0
176 1
177 1
178 2
179 1
180 1
181 1
182 0
183 0
184 1
185 1
186 1
187 0
188 1
189 1
190 0
191 0
192 0
193 0
194 0
195 0
196 0
197 1
198 1
199 1
200 0
201 0
202 0
203 0
204 0
205 0
206 0
207 0
208 0
209 0
210 0
211 0
212 1
213 0
214 0
215 1
216 1
217 1
218 1
219 0
220 0
221 0
222 0
223 2
224 1
225 1
226 1
227 1
228 2
229 2
230 1
231 1
232 0
233 1
234 0
235 0
236 0
237 0
238 0
239 0
240 0
241 0
242 0
243 0
244 1
245 1
246 1
247 1
248 2
249 1
250 2
251 1
252 1
253 0
254 1
255 1
256 0
257 0
258 1
259 1
260 1
261 0
262 1
263 0
264 2
265 1
266 0
267 2
268 0
269 2
270 0
271 0
272 0
273 0
274 0
275 0
276 1
277 0
278 1
279 0
280 2
281 1
282 1
283 1
284 1
285 1
286 1
287 0
288 0
289 1
290 1
291 0
292 0
293 1
294 0
295 1
296 1
297 1
298 2
299 2
300 0
301 1
302 1
303 2
304 1
305 0
306 1
307 1
308 0
309 1
310 1
311 2
312 0
313 0
314 1
315 1
316 1
317 1
318 0
319 2
320 1
321 1
322 1
323 2
324 1
325 1
326 1
327 0
328 1
329 1
330 0
331 0
332 1
333 2
334 1
335 0
336 1
337 1
338 1
339 1
340 1
341 1
342 1
343 0
344 1
345 1
346 1
347 0
348 1
349 0
350 1
351 1
352 1
353 0
354 1
355 1
356 1
357 0
358 1
359 0
360 0
361 1
362 2
363 0
364 0
365 0
366 0
367 0
368 0
369 0
370 0
371 1
372 1
373 1
374 0
375 0
376 1
377 0
378 0
379 1
380 1
381 1
382 0
383 2
384 0
385 0
386 1
387 1
388 1
389 2
390 0
391 1
392 1
393 0
394 1
395 1
396 0
397 1
398 0
399 0
400 0
401 0
402 1
403 0
404 1
405 0
406 0
407 1
408 1
409 1
410 1
411 0
412 0
413 1
414 1
415 1
416 0
417 0
418 1
419 0
420 1
421 1
422 0
423 1
424 0
425 1
426 1
427 1
428 0
429 0
430 0
431 0
432 2
433 1
434 1
435 1
436 0
437 1
438 2
439 1
440 1
441 1
442 0
443 1
444 1
445 0
446 2
447 0
448 1
449 1
450 0
451 1
452 0
453 1
454 1
455 2
456 1
457 1
458 1
459 0
460 0
461 1
462 1
463 1
464 1
465 0
466 1
467 1
468 0
469 1
470 1
471 1
472 0
473 0
474 1
475 2
476 1
477 2
478 1
479 1
480 0
481 0
482 0
483 1
484 1
485 0
486 1
487 0
488 1
489 0
490 2
491 1
492 1
493 1
494 2
495 1
496 0
497 1
498 1
499 2
500 1
501 1
502 1
503 1
504 2
505 1
506 1
507 1
508 1
509 1
510 0
511 1
512 1
513 1
514 1
515 1
516 1
517 0
518 1
519 2
520 1
521 1
522 1
523 0
524 1
525 1
526 1
527 2
528 1
529 1
530 1
531 0
532 1
533 2
534 1
535 1
536 2
537 0
538 1
539 1
540 1
541 0
542 1
543 1
544 1
545 1
546 1
547 0
548 0
549 1
550 0
551 1
552 1
553 1
554 0
555 0
556 0
557 1
558 1
559 1
560 1
561 0
562 0
563 1
564 1
565 2
566 1
567 0
568 1
569 0
570 1
571 1
572 1
573 0
574 0
575 0
576 1
577 1
578 0
579 0
580 1
581 1
582 0
583 0
584 1
585 1
586 0
587 1
588 0
589 1
590 1
591 1
592 0
593 0
594 1
595 0
596 1
597 0
598 0
599 0
600 1
601 0
602 0
603 1
604 2
605 1
606 0
607 0
608 2
609 0
610 0
611 1
612 1
613 0
614 1
615 0
616 2
617 1
618 1
619 2
620 1
621 2
622 1
623 2
624 0
625 1
626 1
627 1
628 1
629 1
630 1
631 0
632 1
633 1
634 0
635 1
636 0
637 1
638 1
639 1
640 1
641 2
642 1
643 0
644 1
645 1
646 2
647 1
648 0
649 1
650 1
651 1
652 0
653 1
654 1
655 0
656 0
657 1
658 2
659 0
660 1
661 1
662 0
663 0
664 2
665 1
666 0
667 1
668 0
669 1
670 1
671 1
672 0
673 0
674 0
675 2
676 0
677 1
678 1
679 1
680 1
681 2
682 1
683 1
684 0
685 1
686 2
687 1
688 1
689 1
690 1
691 1
692 0
693 2
694 0
695 0
696 1
697 1
698 1
699 1
700 1
701 2
702 1
703 1
704 2
705 1
706 2
707 2
708 1
709 1
710 1
711 1
712 2
713 1
714 1
715 2
716 0
717 1
718 1
719 1
720 1
721 1
722 0
723 1
724 1
725 0
726 0
727 0
728 1
729 0
730 1
731 2
732 1
733 1
734 1
735 1
736 0
737 2
738 1
739 0
740 2
741 0
742 1
743 0
744 2
745 1
746 0
747 0
748 0
749 0
750 2
751 0
752 1
753 2
754 1
755 1
756 1
757 1
758 1
759 0
760 2
761 2
762 0
763 0
764 1
765 1
766 0
767 1
768 1
769 0
770 0
771 1
772 1
773 1
774 1
775 1
776 0
777 1
778 0
779 0
780 0
781 1
782 0
783 0
784 1
785 0
786 1
787 0
788 0
789 1
790 1
791 1
792 0
793 1
794 1
795 0
796 0
797 0
798 2
799 1
800 2
801 1
802 0
803 0
804 1
805 1
806 0
807 1
808 1
809 1
810 2
811 1
812 1
813 2
814 1
815 1
816 1
817 1
818 0
819 1
820 2
821 2
822 2
823 1
824 2
825 0
826 1
827 1
828 0
829 1
830 2
831 1
832 0
833 1
834 2
835 2
836 1
837 1
838 1
839 2
840 1
841 0
842 1
843 1
844 1
845 0
846 0
847 1
848 1
849 0
850 1
851 0
852 1
853 1
854 1
855 0
856 1
857 2
858 0
859 0
860 2
861 1
862 1
863 2
864 1
865 2
866 0
867 1
868 1
869 1
870 0
871 1
872 0
873 0
874 0
875 1
876 0
877 0
878 1
879 0
880 0
881 1
882 1
883 0
884 1
885 1
886 0
887 0
888 0
889 1
890 2
891 1
892 1
893 0
894 1
895 2
896 1
897 1
898 1
899 2
900 1
901 1
902 1
903 1
904 1
905 0
906 0
907 0
908 2
909 0
910 1
911 1
912 2
913 1
914 1
915 1
916 1
917 1
918 1
919 1
920 1
921 1
922 0
923 1
924 1
925 0
926 1
927 1
928 1
929 1
930 1
931 2
932 0
933 1
934 1
935 1
936 1
937 1
938 1
939 2
940 0
941 1
942 1
943 0
944 1
945 0
946 1
947 0
948 1
949 1
950 1
951 1
952 2
953 1
954 1
955 1
956 1
957 1
958 1
959 1
960 2
961 0
962 1
963 2
964 0
965 1
966 0
967 1
968 2
969 1
970 1
971 1
972 2
973 1
974 1
975 2
976 2
977 1
978 0
979 0
980 0
981 1
982 1
983 0
984 0
985 1
986 0
987 1
988 2
989 1
990 0
991 1
992 1
993 1
994 0
995 0
996 0
997 0
998 1
999 0
1000 1
1001 1
1002 1
1003 1
1004 0
1005 1
1006 1
1007 1
1008 1
1009 1
1010 1
1011 2
1012 1
1013 1
1014 2
1015 1
1016 1
1017 0
1018 1
1019 0
1020 0
1021 1
1022 1
1023 1
1024 1
1025 1
1026 0
1027 1
1028 2
1029 0
1030 1
1031 1
1032 1
1033 0
1034 1
1035 1
1036 1
1037 1
1038 0
1039 0
1040 1
1041 1
1042 1
1043 0
1044 2
1045 1
1046 0
1047 1
1048 1
1049 2
1050 0
1051 0
1052 2
1053 1
1054 1
1055 2
1056 2
1057 0
1058 1
1059 1
1060 1
1061 2
1062 0
1063 1
1064 0
1065 1
1066 2
1067 1
1068 1
1069 1
1070 1
1071 1
1072 0
1073 1
1074 2
1075 1
1076 1
1077 0
1078 1
1079 1
1080 2
1081 1
1082 0
1083 0
1084 0
1085 1
1086 1
1087 1
1088 0
1089 1
1090 1
1091 1
1092 1
1093 1
1094 1
1095 0
1096 1
1097 0
1098 1
1099 1
1100 1
1101 2
1102 1
1103 1
1104 1
1105 1
1106 0
1107 1
1108 1
1109 1
1110 0
1111 1
1112 1
1113 1
1114 1
1115 0
1116 1
1117 2
1118 0
1119 0
1120 1
1121 0
1122 1
1123 1
1124 0
1125 1
1126 1
1127 1
1128 1
1129 1
1130 2
1131 1
1132 1
1133 0
1134 1
1135 2
1136 2
1137 1
1138 0
1139 0
1140 1
1141 1
1142 2
1143 1
1144 1
1145 1
1146 0
1147 2
1148 2
1149 1
1150 1
1151 1
1152 1
1153 1
1154 0
1155 0
1156 1
1157 1
1158 1
1159 1
1160 1
1161 0
1162 0
1163 1
1164 1
1165 2
1166 0
1167 1
1168 0
1169 0
1170 1
1171 0
1172 2
1173 1
1174 1
1175 1
1176 1
1177 0
1178 0
1179 0
1180 1
1181 1
1182 0
1183 1
1184 1
1185 1
1186 1
1187 1
1188 1
1189 1
1190 1
1191 1
1192 0
1193 1
1194 0
1195 1
1196 1
1197 0
1198 1
1199 1
1200 1
1201 0
1202 0
1203 0
1204 0
1205 0
1206 2
1207 1
1208 1
1209 1
1210 0
1211 0
1212 0
1213 1
1214 1
1215 1
1216 0
1217 1
1218 1
1219 0
1220 1
1221 0
1222 1
1223 1
1224 1
1225 1
1226 0
1227 1
1228 1
1229 1
1230 2
1231 1
1232 0
1233 0
1234 0
1235 1
1236 2
1237 1
1238 1
1239 1
1240 2
1241 1
1242 0
1243 1
1244 0
1245 1
1246 1
1247 1
1248 1
1249 1
1250 1
1251 1
1252 0
1253 1
1254 1
1255 1
1256 0
1257 2
1258 1
1259 1
1260 0
1261 1
1262 0
1263 1
1264 1
1265 1
1266 0
1267 3
1268 1
1269 0
1270 1
1271 2
1272 2
1273 2
1274 1
1275 0
1276 1
1277 1
1278 0
1279 1
1280 1
1281 1
1282 1
1283 2
1284 0
1285 0
1286 1
1287 1
1288 1
1289 1
1290 1
1291 1
1292 1
1293 1
1294 1
1295 1
1296 2
1297 1
1298 1
1299 1
1300 1
1301 1
1302 1
1303 1
1304 1
1305 1
1306 1
1307 1
1308 2
1309 0
1310 1
1311 0
1312 0
1313 1
1314 1
1315 2
1316 0
1317 0
1318 0
1319 0
1320 2
1321 1
1322 1
1323 1
1324 1
1325 2
1326 1
1327 0
1328 1
1329 1
1330 0
1331 1
1332 0
1333 1
1334 1
1335 1
1336 0
1337 0
1338 0
1339 0
1340 0
1341 1
1342 1
1343 1
1344 0
1345 1
1346 0
1347 0
1348 1
1349 0
1350 1
1351 0
1352 0
1353 0
1354 1
1355 0
1356 0
1357 1
1358 2
1359 2
1360 1
1361 1
1362 1
1363 1
1364 0
1365 1
1366 2
1367 0
1368 1
1369 1
1370 1
1371 0
1372 0
1373 0
1374 0
1375 2
1376 1
1377 1
1378 2
1379 1
1380 1
1381 1
1382 2
1383 1
1384 1
1385 1
1386 1
1387 1
1388 1
1389 1
1390 1
1391 1
1392 1
1393 1
1394 1
1395 1
1396 0
1397 0
1398 1
1399 1
1400 1
1401 1
1402 1
1403 1
1404 0
1405 1
1406 0
1407 1
1408 1
1409 1
1410 0
1411 0
1412 1
1413 0
1414 2
1415 1
1416 1
1417 1
1418 1
1419 1
1420 1
1421 1
1422 1
1423 2
1424 1
1425 0
1426 0
1427 1
1428 0
1429 1
1430 1
1431 1
1432 1
1433 2
1434 1
1435 0
1436 0
1437 1
1438 1
1439 0
1440 2
1441 0
1442 0
1443 0
1444 1
1445 2
1446 1
1447 1
1448 1
1449 1
1450 0
1451 1
1452 1
1453 1
1454 1
1455 1
1456 0
1457 2
1458 1
1459 0
1460 1
1461 1
1462 1
1463 1
1464 1
1465 0
1466 0
1467 1
1468 1
1469 0
1470 1
1471 1
1472 1
1473 0
1474 0
1475 1
1476 0
1477 0
1478 2
1479 0
1480 1
1481 0
1482 0
1483 0
1484 0
1485 1
1486 0
1487 0
1488 1
1489 2
1490 1
1491 1
1492 0
1493 1
1494 1
1495 1
1496 1
1497 0
1498 1
1499 1
1500 1
1501 1
1502 1
1503 0
1504 0
1505 1
1506 2
1507 2
1508 0
1509 1
1510 0
1511 1
1512 0
1513 1
1514 1
1515 1
1516 2
1517 1
1518 1
1519 0
1520 1
1521 1
1522 1
1523 0
1524 0
1525 0
1526 3
1527 1
1528 1
1529 0
1530 1
1531 1
1532 1
1533 1
1534 1
1535 1
1536 1
1537 1
1538 1
1539 1
1540 2
1541 0
1542 2
1543 1
1544 1
1545 1
1546 1
1547 1
1548 1
1549 1
1550 0
1551 1
1552 1
1553 1
1554 0
1555 1
1556 1
1557 0
1558 0
1559 0
1560 2
1561 0
1562 0
1563 0
1564 1
1565 1
1566 1
1567 1
1568 1
1569 0
1570 1
1571 1
1572 1
1573 1
1574 0
1575 0
1576 2
1577 0
1578 2
1579 1
1580 0
1581 2
1582 1
1583 1
1584 0
1585 1
1586 2
1587 0
1588 2
1589 1
1590 2
1591 0
1592 1
1593 1
1594 0
1595 0
1596 1
1597 2
1598 1
1599 2
1600 2
1601 2
1602 2
1603 1
1604 1
1605 1
1606 2
1607 1
1608 1
1609 0
1610 2
1611 1
1612 1
1613 1
1614 2
1615 1
1616 0
1617 1
1618 0
1619 1
1620 1
1621 1
1622 0
1623 1
1624 0
1625 2
1626 0
1627 0
1628 2
1629 1
1630 1
1631 1
1632 1
1633 1
1634 1
1635 0
1636 1
1637 1
1638 1
1639 1
1640 1
1641 2
1642 1
1643 2
1644 1
1645 0
1646 2
1647 0
1648 1
1649 0
1650 1
1651 0
1652 1
1653 1
1654 1
1655 0
1656 0
1657 1
1658 1
1659 1
1660 1
1661 1
1662 1
1663 2
1664 1
1665 1
1666 1
1667 0
1668 1
1669 1
1670 0
1671 0
1672 1
1673 0
1674 1
1675 1
1676 0
1677 0
1678 0
1679 1
1680 0
1681 1
1682 1
1683 1
1684 0
1685 0
1686 0
1687 1
1688 1
1689 0
1690 0
1691 1
1692 0
1693 1
1694 1
1695 1
1696 1
1697 1
1698 1
1699 1
1700 1
1701 1
1702 0
1703 0
1704 0
1705 0
1706 1
1707 0
1708 0
1709 1
1710 0
1711 1
1712 1
1713 0
1714 0
1715 0
1716 1
1717 0
1718 0
1719 1
1720 0
1721 0
1722 1
1723 1
1724 1
1725 0
1726 1
1727 1
1728 1
1729 2
1730 1
1731 1
1732 1
1733 0
1734 1
1735 0
1736 0
1737 0
1738 1
1739 1
1740 1
1741 1
1742 0
1743 1
1744 1
1745 1
1746 0
1747 1
1748 1
1749 0
1750 0
1751 0
1752 1
1753 1
1754 1
1755 1
1756 1
1757 1
1758 1
1759 1
1760 0
1761 0
1762 1
1763 1
1764 1
1765 0
1766 0
1767 1
1768 1
1769 0
1770 1
1771 1
1772 0
1773 0
1774 0
1775 1
1776 1
1777 0
1778 0
1779 0
1780 0
1781 0
1782 1
1783 0
1784 0
1785 1
1786 0
1787 0
1788 1
1789 0
1790 0
1791 1
1792 0
1793 0
1794 0
1795 1
1796 0
1797 0
1798 0
1799 0
1800 0
1801 1
1802 1
1803 0
1804 0
1805 1
1806 0
1807 0
1808 0
1809 0
1810 1
1811 0
1812 0
1813 0
1814 1
1815 1
1816 1
1817 1
1818 0
1819 0
1820 0
1821 0
1822 0
1823 0
1824 0
1825 0
1826 0
1827 0
1828 0
1829 0
1830 0
1831 0
1832 0
1833 0
1834 0
1835 1
1836 0
1837 0
1838 0
1839 0
1840 0
1841 0
1842 0
1843 1
1844 1
1845 0
1846 0
1847 0
1848 0
1849 0
1850 0
1851 1
1852 0
1853 0
1854 1
1855 0
1856 1
1857 0
1858 0
1859 1
1860 1
1861 1
1862 0
1863 0
1864 1
1865 0
1866 1
1867 0
1868 0
1869 0
1870 0
1871 1
1872 0
1873 1
1874 1
1875 1
1876 0
1877 0
1878 1
1879 0
1880 0
1881 0
1882 1
1883 1
1884 1
1885 1
1886 1
1887 1
1888 1
1889 1
1890 0
1891 1
1892 0
1893 1
1894 0
1895 0
1896 1
1897 1
1898 0
1899 0
1900 0
1901 0
1902 0
1903 1
1904 1
1905 0
1906 0
1907 0
1908 0
1909 0
1910 0
1911 0
1912 0
1913 0
1914 0
1915 1
1916 0
1917 0
1918 1
1919 1
1920 1
1921 1
1922 0
1923 1
1924 1
1925 0
1926 0
1927 1
1928 0
1929 0
1930 1
1931 1
1932 1
1933 0
1934 1
1935 1
1936 0
1937 0
1938 0
1939 1
1940 0
1941 1
1942 1
1943 1
1944 1
1945 0
1946 0
1947 1
1948 1
1949 1
1950 1
1951 1
1952 1
1953 1
1954 1
1955 0
1956 1
1957 0
1958 0
1959 1
1960 1
1961 1
1962 0
1963 1
1964 1
1965 1
1966 1
1967 1
1968 1
1969 0
1970 1
1971 0
1972 0
1973 1
1974 0
1975 1
1976 0
1977 0
1978 1
1979 0
1980 0
1981 0
1982 0
1983 1
1984 1
1985 0
1986 0
1987 1
1988 1
1989 1
1990 1
1991 1
1992 0
1993 1
1994 1
1995 1
1996 1
1997 1
1998 1
1999 0
2000 1
2001 0
2002 0
2003 0
2004 0
2005 0
2006 0
2007 1
2008 1
2009 0
2010 1
2011 0
2012 1
2013 1
2014 1
2015 0
2016 0
2017 1
2018 0
2019 1
2020 1
2021 0
2022 1
2023 1
2024 1
2025 1
2026 2
2027 1
2028 1
2029 1
2030 1
2031 1
2032 1
2033 1
2034 1
2035 0
2036 0
2037 1
2038 0
2039 1
2040 0
2041 1
2042 0
2043 0
2044 0
2045 1
2046 0
2047 1
2048 1
2049 1
2050 1
2051 2
2052 1
2053 0
2054 1
2055 0
2056 0
2057 1
2058 0
2059 1
2060 1
2061 1
2062 1
2063 1
2064 1
2065 1
2066 1
2067 1
2068 1
2069 0
2070 1
2071 0
2072 1
2073 1
2074 1
2075 0
2076 1
2077 1
2078 0
2079 1
2080 0
2081 0
2082 1
2083 1
2084 0
2085 1
2086 1
2087 1
2088 1
2089 2
2090 2
2091 1
2092 1
2093 1
2094 0
2095 1
2096 1
2097 0
2098 1
2099 1
2100 1
2101 1
2102 1
2103 1
2104 1
2105 1
2106 1
2107 1
2108 0
2109 1
2110 1
2111 0
2112 1
2113 1
2114 1
2115 1
2116 1
2117 0
2118 1
2119 1
2120 1
2121 1
2122 1
2123 0
2124 1
2125 1
2126 1
2127 1
2128 1
2129 1
2130 1
2131 0
2132 1
2133 1
2134 0
2135 1
2136 1
2137 1
2138 0
2139 0
2140 1
2141 1
2142 1
2143 1
2144 1
2145 1
2146 1
2147 0
2148 1
2149 0
2150 1
2151 1
2152 1
2153 1
2154 1
2155 1
2156 1
2157 0
2158 0
2159 0
2160 1
2161 0
2162 1
2163 0
2164 1
2165 2
2166 1
2167 0
2168 0
2169 1
2170 1
2171 1
2172 1
2173 2
2174 1
2175 1
2176 1
2177 0
2178 0
2179 1
2180 1
2181 1
2182 0
2183 1
2184 1
2185 1
2186 1
2187 1
2188 1
2189 1
2190 1
2191 0
2192 0
2193 1
2194 0
2195 1
2196 0
2197 1
2198 1
2199 0
2200 1
2201 1
2202 1
2203 1
2204 1
2205 1
2206 1
2207 0
2208 1
2209 1
2210 0
2211 0
2212 1
2213 0
2214 0
2215 1
2216 0
2217 1
2218 1
2219 1
2220 0
2221 0
2222 1
2223 0
2224 0
2225 1
2226 0
2227 1
2228 0
2229 0
2230 0
2231 0
2232 0
2233 0
2234 0
2235 0
2236 0
2237 1
2238 1
2239 0
2240 0
2241 0
2242 0
2243 0
2244 0
2245 0
2246 0
2247 0
2248 1
2249 0
2250 0
2251 1
2252 1
2253 0
2254 0
2255 1
2256 1
2257 1
2258 0
2259 1
2260 0
2261 0
2262 0
2263 0
2264 0
2265 1
2266 1
2267 1
2268 1
2269 0
2270 0
2271 0
2272 0
2273 0
2274 1
2275 1
2276 0
2277 0
2278 0
2279 0
2280 1
2281 0
2282 1
2283 1
2284 1
2285 0
2286 0
2287 0
2288 0
2289 0
2290 0
2291 1
2292 1
2293 1
2294 0
2295 0
2296 0
2297 1
2298 1
2299 0
2300 1
2301 0
2302 0
2303 1
2304 1
2305 1
2306 0
2307 1
2308 1
2309 1
2310 0
2311 1
2312 0
2313 0
2314 0
2315 1
2316 0
2317 0
2318 1
2319 0
2320 1
2321 0
2322 0
2323 0
2324 1
2325 0
2326 1
2327 0
2328 1
2329 1
2330 1
2331 1
2332 1
2333 0
2334 1
2335 1
2336 0
2337 0
2338 1
2339 1
2340 1
2341 1
2342 1
2343 1
2344 0
2345 0
2346 1
2347 1
2348 1
2349 0
2350 1
2351 0
2352 2
2353 0
2354 0
2355 1
2356 0
2357 0
2358 1
2359 0
2360 1
2361 1
2362 1
2363 1
2364 0
2365 0
2366 1
2367 1
2368 1
2369 0
2370 1
2371 0
2372 0
2373 0
2374 1
2375 1
2376 0
2377 1
2378 0
2379 0
2380 1
2381 1
2382 1
2383 1
2384 1
2385 1
2386 1
2387 0
2388 1
2389 1
2390 1
2391 1
2392 1
2393 0
2394 1
2395 1
2396 1
2397 1
2398 1
2399 1
2400 1
2401 2
2402 0
2403 2
2404 1
2405 1
2406 1
2407 1
2408 1
2409 1
2410 0
2411 1
2412 1
2413 0
2414 0
2415 1
2416 0
2417 0
2418 1
2419 0
2420 0
2421 2
2422 0
2423 1
2424 2
2425 1
2426 1
2427 1
2428 1
2429 1
2430 1
2431 1
2432 0
2433 1
2434 1
2435 0
2436 1
2437 1
2438 2
2439 1
2440 1
2441 1
2442 1
2443 1
2444 0
2445 1
2446 1
2447 1
2448 1
2449 1
2450 1
2451 0
2452 1
2453 1
2454 1
2455 1
2456 0
2457 1
2458 1
2459 1
2460 0
2461 1
2462 0
2463 1
2464 0
2465 0
2466 0
2467 1
2468 1
2469 1
2470 1
2471 1
2472 1
2473 1
2474 1
2475 1
2476 1
2477 0
2478 0
2479 1
2480 0
2481 1
2482 1
2483 1
2484 1
2485 1
2486 1
2487 0
2488 1
2489 2
2490 2
2491 1
2492 1
2493 1
2494 1
2495 1
2496 1
2497 1
2498 1
2499 0
2500 1
2501 0
2502 2
2503 1
2504 1
2505 1
2506 1
2507 1
2508 1
2509 0
2510 1
2511 0
2512 1
2513 1
2514 1
2515 0
2516 1
2517 0
2518 1
2519 1
2520 0
2521 1
2522 1
2523 2
2524 1
2525 1
2526 0
2527 1
2528 1
2529 1
2530 1
2531 0
2532 0
2533 1
2534 1
2535 1
2536 1
2537 1
2538 1
2539 1
2540 0
2541 1
2542 1
2543 1
2544 1
2545 1
2546 2
2547 1
2548 1
2549 1
2550 1
2551 1
2552 1
2553 1
2554 1
2555 2
2556 2
2557 1
2558 1
2559 1
2560 1
2561 1
2562 0
2563 0
2564 1
2565 2
2566 1
2567 1
2568 0
2569 1
2570 1
2571 1
2572 1
2573 0
2574 0
2575 0
2576 1
2577 1
2578 1
2579 1
2580 1
2581 1
2582 1
2583 0
2584 1
2585 0
2586 1
2587 1
2588 1
2589 0
2590 0
2591 0
2592 1
2593 1
2594 0
2595 1
2596 0
2597 0
2598 1
2599 0
2600 0
2601 0
2602 0
2603 0
2604 1
2605 0
2606 1
2607 1
2608 1
2609 1
2610 1
2611 1
2612 1
2613 1
2614 1
2615 1
2616 1
2617 1
2618 1
2619 1
2620 1
2621 0
2622 1
2623 0
2624 1
2625 1
2626 1
2627 0
2628 1
2629 1
2630 1
2631 1
2632 1
2633 1
2634 1
2635 1
2636 1
2637 1
2638 1
2639 1
2640 1
2641 1
2642 1
2643 1
2644 1
2645 1
2646 0
2647 1
2648 1
2649 1
2650 1
2651 1
2652 1
2653 0
2654 0
2655 1
2656 1
2657 1
2658 1
2659 0
2660 1
2661 0
2662 1
2663 0
2664 1
2665 1
2666 0
2667 1
2668 0
2669 0
2670 0
2671 0
2672 1
2673 0
2674 1
2675 0
2676 1
2677 1
2678 0
2679 0
2680 1
2681 0
2682 1
2683 1
2684 1
2685 1
2686 1
2687 1
2688 0
2689 0
2690 1
2691 1
2692 0
2693 1
2694 1
2695 1
2696 1
2697 0
2698 1
2699 1
2700 1
2701 1
2702 1
2703 0
2704 0
2705 1
2706 1
2707 1
2708 1
2709 0
2710 0
2711 1
2712 0
2713 1
2714 0
2715 1
2716 0
2717 1
2718 1
2719 1
2720 0
2721 1
2722 1
2723 1
2724 0
2725 0
2726 0
2727 1
2728 1
2729 1
2730 0
2731 0
2732 1
2733 0
2734 0
2735 0
2736 0
2737 1
2738 0
2739 0
2740 0
2741 0
2742 1
2743 0
2744 0
2745 0
2746 1
2747 1
2748 0
2749 1
2750 0
2751 1
2752 0
2753 0
2754 0
2755 1
2756 1
2757 0
2758 0
2759 0
2760 0
2761 0
2762 1
2763 1
2764 1
2765 0
2766 0
2767 0
2768 0
2769 0
2770 1
2771 1
2772 0
2773 0
2774 0
2775 1
2776 0
2777 1
2778 1
2779 1
2780 1
2781 1
2782 0
2783 0
2784 0
2785 1
2786 0
2787 1
2788 1
2789 0
2790 0
2791 0
2792 0
2793 0
2794 0
2795 0
2796 1
2797 0
2798 1
2799 1
2800 1
2801 0
2802 0
2803 1
2804 0
2805 0
2806 1
2807 1
2808 1
2809 0
2810 1
2811 0
2812 0
2813 0
2814 1
2815 1
2816 1
2817 0
2818 1
2819 0
2820 0
2821 0
2822 0
2823 0
2824 0
2825 0
2826 1
2827 0
2828 0
2829 0
2830 0
2831 0
2832 1
2833 0
2834 1
2835 0
2836 0
2837 0
2838 1
2839 0
2840 0
2841 1
2842 1
2843 1
2844 0
2845 1
2846 0
2847 0
2848 0
2849 0
2850 1
2851 0
2852 0
2853 0
2854 0
2855 0
2856 0
2857 1
2858 0
2859 0
2860 0
2861 0
2862 0
2863 0
2864 0
2865 1
2866 0
2867 0
2868 0
2869 0
2870 0
2871 0
2872 0
2873 0
2874 0
2875 0
2876 0
2877 1
2878 0
2879 0
2880 0
2881 0
2882 0
2883 0
2884 0
2885 0
2886 0
2887 0
2888 1
2889 0
2890 0
2891 0
2892 0
2893 0
2894 0
2895 0
2896 0
2897 0
2898 0
2899 1
2900 1
2901 0
2902 0
2903 0
2904 0
2905 0
2906 1
2907 0
2908 1
2909 0
2910 0
2911 0
2912 1
2913 0
2914 0
2915 0
2916 0
2917 1
2918 1
2919 0
2920 0
2921 0
2922 0
2923 0
2924 0
2925 0
2926 0
2927 0
2928 0
2929 0
2930 0
2931 0
2932 1
2933 0
2934 0
2935 0
2936 0
2937 0
2938 0
2939 1
2940 1
2941 0
2942 1
2943 0
2944 0
2945 0
2946 1
2947 1
2948 0
2949 0
2950 0
2951 0
2952 0
2953 0
2954 1
2955 0
2956 0
2957 0
2958 0
2959 0
2960 1
2961 0
2962 1
2963 0
2964 0
2965 0
2966 0
2967 0
2968 1
2969 1
2970 0
2971 0
2972 0
2973 0
2974 0
2975 0
2976 0
2977 1
2978 0
2979 0
2980 0
2981 0
2982 0
2983 0
2984 0
2985 1
2986 0
2987 0
2988 1
2989 0
2990 0
2991 0
2992 1
2993 0
2994 1
2995 0
2996 0
2997 0
2998 1
2999 0
3000 1
3001 0
3002 0
3003 0
3004 0
3005 0
3006 0
3007 0
3008 0
3009 0
3010 0
3011 0
3012 1
3013 1
3014 0
3015 0
3016 0
3017 0
3018 0
3019 0
3020 0
3021 0
3022 0
3023 1
3024 0
3025 0
3026 0
3027 1
3028 0
3029 0
3030 0
3031 0
3032 0
3033 0
3034 1
3035 1
3036 0
3037 0
3038 0
3039 1
3040 1
3041 0
3042 0
3043 0
3044 0
3045 0
3046 0
3047 0
3048 0
3049 0
3050 0
3051 0
3052 0
3053 0
3054 0
3055 1
3056 1
3057 0
3058 1
3059 0
3060 0
3061 0
3062 0
3063 0
3064 0
3065 1
3066 1
3067 0
3068 0
3069 1
3070 1
3071 0
3072 0
3073 0
3074 0
3075 1
3076 0
3077 0
3078 1
3079 0
3080 0
3081 0
3082 0
3083 0
3084 0
3085 1
3086 1
3087 0
3088 1
3089 1
3090 1
3091 1
3092 0
3093 0
3094 0
3095 1
3096 0
3097 0
3098 0
3099 1
3100 0
3101 0
3102 0
3103 0
3104 1
3105 1
3106 1
3107 0
3108 0
3109 0
3110 0
3111 0
3112 1
3113 0
3114 0
3115 0
3116 0
3117 0
3118 0
3119 0
3120 1
3121 0
3122 1
3123 0
3124 0
3125 0
3126 0
3127 0
3128 0
3129 0
3130 0
3131 0
3132 0
3133 0
3134 1
3135 0
3136 0
3137 0
3138 0
3139 1
3140 1
3141 0
3142 0
3143 0
3144 0
3145 0
3146 0
3147 0
3148 1
3149 0
3150 0
3151 0
3152 0
3153 1
3154 0
3155 0
3156 0
3157 0
3158 1
3159 0
3160 0
3161 0
3162 0
3163 0
3164 0
3165 0
3166 0
3167 0
3168 0
3169 0
3170 0
3171 0
3172 0
3173 0
3174 0
3175 0
3176 0
3177 0
3178 0
3179 0
3180 0
3181 0
3182 0
3183 0
3184 0
3185 0
3186 0
3187 0
3188 0
3189 0
3190 0
3191 0
3192 0
3193 0
3194 0
3195 0
3196 0
3197 0
3198 0
3199 1
3200 0
3201 0
3202 0
3203 1
3204 0
3205 0
3206 0
3207 0
3208 0
3209 0
3210 1
3211 1
3212 0
3213 0
3214 1
3215 1
3216 0
3217 0
3218 0
3219 0
3220 1
3221 0
3222 0
3223 0
3224 0
3225 0
3226 0
3227 0
3228 0
3229 0
3230 0
3231 1
3232 0
3233 0
3234 0
3235 1
3236 1
3237 0
3238 0
3239 0
3240 1
3241 1
3242 0
3243 0
3244 1
3245 0
3246 1
3247 0
3248 0
3249 0
3250 0
3251 0
3252 0
3253 0
3254 0
3255 0
3256 1
3257 0
3258 1
3259 0
3260 0
3261 0
3262 1
3263 0
3264 0
3265 0
3266 0
3267 0
3268 0
3269 0
3270 0
3271 0
3272 1
3273 0
3274 1
3275 0
3276 1
3277 0
3278 0
3279 0
3280 0
3281 0
3282 1
3283 1
3284 0
3285 1
3286 0
3287 0
3288 0
3289 0
3290 0
3291 0
3292 0
3293 0
3294 0
3295 0
3296 0
3297 0
3298 1
3299 0
3300 0
3301 0
3302 0
3303 0
3304 0
3305 1
3306 1
3307 1
3308 1
3309 1
3310 0
3311 0
3312 0
3313 1
3314 0
3315 0
3316 0
3317 1
3318 0
3319 1
3320 1
3321 0
3322 0
3323 1
3324 1
3325 1
3326 0
3327 0
3328 0
3329 1
3330 0
3331 0
3332 1
3333 0
3334 1
3335 1
3336 0
3337 0
3338 0
3339 0
3340 1
3341 0
3342 0
3343 1
3344 0
3345 0
3346 0
3347 0
3348 0
3349 0
3350 0
3351 0
3352 0
3353 0
3354 0
3355 1
3356 0
3357 1
3358 1
3359 0
3360 1
3361 1
3362 1
3363 1
3364 0
3365 1
3366 0
3367 0
3368 0
3369 0
3370 1
3371 0
3372 0
3373 0
3374 0
3375 1
3376 0
3377 1
3378 1
3379 0
3380 1
3381 0
3382 0
3383 0
3384 0
3385 0
3386 0
3387 0
3388 0
3389 0
3390 0
3391 0
3392 0
3393 1
3394 0
3395 0
3396 1
3397 1
3398 1
3399 0
3400 0
3401 1
3402 0
3403 0
3404 0
3405 0
3406 0
3407 0
3408 0
3409 1
3410 0
3411 0
3412 0
3413 1
3414 0
3415 0
3416 1
3417 0
3418 0
3419 0
3420 0
3421 0
3422 0
3423 1
3424 0
3425 1
3426 1
3427 1
3428 0
3429 0
3430 0
3431 0
3432 0
3433 0
3434 0
3435 0
3436 0
3437 0
3438 1
3439 0
3440 0
3441 0
3442 0
3443 0
3444 0
3445 0
3446 0
3447 0
3448 0
3449 1
3450 1
3451 1
3452 0
3453 0
3454 0
3455 1
3456 1
3457 0
3458 0
3459 1
3460 0
3461 1
3462 1
3463 0
3464 1
3465 1
3466 1
3467 1
3468 2
3469 2
3470 0
3471 1
3472 1
3473 1
3474 1
3475 1
3476 1
3477 0
3478 1
3479 1
3480 1
3481 0
3482 0
3483 0
3484 1
3485 1
3486 1
3487 1
3488 2
3489 1
3490 1
3491 1
3492 1
3493 0
3494 1
3495 1
3496 0
3497 0
3498 1
3499 1
3500 0
3501 1
3502 1
3503 1
3504 0
3505 0
3506 0
3507 1
3508 0
3509 0
3510 1
3511 1
3512 1
3513 1
3514 1
3515 0
3516 1
3517 1
3518 1
3519 0
3520 1
3521 1
3522 0
3523 0
3524 1
3525 1
3526 0
3527 0
3528 1
3529 0
3530 0
3531 0
3532 0
3533 0
3534 0
3535 0
3536 0
3537 0
3538 0
3539 1
3540 0
3541 0
3542 1
3543 0
3544 0
3545 0
3546 0
3547 0
3548 1
3549 1
3550 0
3551 0
3552 0
3553 0
3554 0
3555 0
3556 1
3557 0
3558 1
3559 1
3560 1
3561 0
3562 0
3563 0
3564 0
3565 0
3566 0
3567 1
3568 1
3569 0
3570 1
3571 0
3572 1
3573 0
3574 1
3575 0
3576 1
3577 1
3578 0
3579 0
3580 0
3581 0
3582 0
3583 0
3584 0
3585 0
3586 0
3587 0
3588 0
3589 0
3590 0
3591 0
3592 0
3593 0
3594 0
3595 0
3596 0
3597 0
3598 1
3599 0
3600 0
3601 0
3602 0
3603 1
3604 0
3605 0
3606 0
3607 0
3608 0
3609 1
3610 0
3611 0
3612 0
3613 0
3614 0
3615 1
3616 0
3617 1
3618 1
3619 1
3620 0
3621 0
3622 1
3623 1
3624 1
3625 1
3626 1
3627 0
3628 0
3629 0
3630 0
3631 0
3632 0
3633 0
3634 1
3635 0
3636 1
3637 1
3638 0
3639 0
3640 0
3641 1
3642 1
3643 0
3644 0
3645 0
3646 0
3647 1
3648 0
3649 0
3650 1
3651 1
3652 1
3653 1
3654 1
3655 0
3656 0
3657 0
3658 0
3659 0
3660 0
3661 1
3662 0
3663 0
3664 0
3665 0
3666 1
3667 1
3668 0
3669 0
3670 0
3671 0
3672 0
3673 0
3674 1
3675 1
3676 0
3677 1
3678 0
3679 0
3680 1
3681 1
3682 0
3683 0
3684 0
3685 0
3686 0
3687 1
3688 0
3689 0
3690 0
3691 0
3692 1
3693 0
3694 1
3695 1
3696 0
3697 0
3698 0
3699 0
3700 0
3701 0
3702 0
3703 1
3704 0
3705 0
3706 0
3707 0
3708 0
3709 0
3710 0
3711 0
3712 1
3713 0
3714 0
3715 0
3716 1
3717 0
3718 1
3719 1
3720 1
3721 2
3722 1
3723 2
3724 0
3725 1
3726 1
3727 1
3728 1
3729 1
3730 1
3731 1
3732 1
3733 1
3734 1
3735 1
3736 0
3737 1
3738 0
3739 0
3740 0
3741 1
3742 1
3743 1
3744 1
3745 1
3746 0
3747 1
3748 1
3749 1
3750 1
3751 0
3752 0
3753 0
3754 1
3755 1
3756 1
3757 1
3758 1
3759 1
3760 1
3761 1
3762 0
3763 1
3764 1
3765 1
3766 1
3767 1
3768 1
3769 1
3770 0
3771 1
3772 1
3773 1
3774 1
3775 0
3776 0
3777 1
3778 1
3779 0
3780 1
3781 0
3782 0
3783 1
3784 1
3785 1
3786 1
3787 1
3788 1
3789 1
3790 1
3791 1
3792 0
3793 1
3794 0
3795 1
3796 1
3797 1
3798 1
3799 0
3800 0
3801 1
3802 0
3803 0
3804 1
3805 1
3806 0
3807 0
3808 1
3809 1
3810 1
3811 0
3812 0
3813 1
3814 0
3815 1
3816 0
3817 0
3818 1
3819 0
3820 1
3821 0
3822 1
3823 0
3824 1
3825 1
3826 0
3827 0
3828 1
3829 0
3830 1
3831 1
3832 1
3833 1
3834 1
3835 1
3836 1
3837 1
3838 1
3839 1
3840 1
3841 1
3842 1
3843 0
3844 1
3845 1
3846 0
3847 1
3848 1
3849 0
3850 0
3851 1
3852 0
3853 1
3854 1
3855 1
3856 1
3857 1
3858 1
3859 1
3860 0
3861 1
3862 1
3863 1
3864 1
3865 1
3866 1
3867 1
3868 1
3869 1
3870 1
3871 1
3872 1
3873 1
3874 1
3875 1
3876 1
3877 1
3878 1
3879 0
3880 1
3881 0
3882 2
3883 1
3884 0
3885 1
3886 1
3887 0
3888 1
3889 1
3890 0
3891 0
3892 0
3893 0
3894 0
3895 0
3896 1
3897 1
3898 0
3899 1
3900 0
3901 1
3902 0
3903 1
3904 1
3905 0
3906 1
3907 1
3908 0
3909 0
3910 1
3911 1
3912 1
3913 1
3914 0
3915 0
3916 1
3917 1
3918 0
3919 1
3920 1
3921 1
3922 1
3923 0
3924 0
3925 1
3926 1
3927 1
3928 1
3929 1
3930 0
3931 0
3932 1
3933 1
3934 1
3935 1
3936 1
3937 1
3938 0
3939 0
3940 1
3941 0
3942 1
3943 1
3944 0
3945 0
3946 1
3947 0
3948 1
3949 1
3950 0
3951 0
3952 0
3953 0
3954 0
3955 1
3956 1
3957 0
3958 1
3959 1
3960 1
3961 1
3962 1
3963 1
3964 1
3965 1
3966 0
3967 1
3968 1
3969 1
3970 0
3971 0
3972 1
3973 0
3974 0
3975 0
3976 0
3977 0
3978 0
3979 0
3980 0
3981 1
3982 1
3983 1
3984 1
3985 0
3986 0
3987 0
3988 0
3989 0
3990 0
3991 0
3992 0
3993 0
3994 0
3995 0
3996 0
3997 0
3998 0
3999 0
4000 1
4001 1
4002 0
4003 0
4004 1
4005 1
4006 1
4007 1
4008 1
4009 0
4010 1
4011 1
4012 1
4013 0
4014 1
4015 0
4016 0
4017 0
4018 0
4019 0
4020 0
4021 0
4022 0
4023 0
4024 0
4025 0
4026 1
4027 0
4028 1
4029 1
4030 0
4031 1
4032 0
4033 0
4034 0
4035 0
4036 0
4037 0
4038 1
4039 1
4040 0
4041 1
4042 1
4043 0
4044 0
4045 1
4046 0
4047 0
4048 1
4049 0
4050 0
4051 0
4052 1
4053 0
4054 1
4055 1
4056 1
4057 1
4058 0
4059 1
4060 1
4061 1
4062 1
4063 1
4064 0
4065 1
4066 0
4067 0
4068 1
4069 1
4070 1
4071 1
4072 1
4073 1
4074 1
4075 1
4076 1
4077 0
4078 2
4079 0
4080 1
4081 1
4082 2
4083 1
4084 1
4085 2
4086 1
4087 2
4088 0
4089 1
4090 0
4091 2
4092 1
4093 1
4094 2
4095 1
4096 1
4097 1
4098 0
4099 1
4100 1
4101 1
4102 1
4103 1
4104 0
4105 0
4106 0
4107 0
4108 1
4109 0
4110 0
4111 1
4112 0
4113 1
4114 0
4115 1
4116 1
4117 0
4118 1
4119 0
4120 0
4121 0
4122 0
4123 1
4124 1
4125 0
4126 1
4127 0
4128 0
4129 0
4130 1
4131 0
4132 1
4133 0
4134 0
4135 1
4136 0
4137 0
4138 1
4139 1
4140 1
4141 1
4142 0
4143 1
4144 1
4145 0
4146 1
4147 0
4148 1
4149 1
4150 0
4151 0
4152 0
4153 1
4154 1
4155 1
4156 1
4157 1
4158 1
4159 0
4160 0
4161 1
4162 0
4163 0
4164 0
4165 1
4166 1
4167 0
4168 1
4169 0
4170 0
4171 0
4172 0
4173 0
4174 0
4175 0
4176 1
4177 0
4178 1
4179 0
4180 0
4181 1
4182 1
4183 0
4184 0
4185 1
4186 0
4187 0
4188 0
4189 1
4190 1
4191 0
4192 0
4193 1
4194 1
4195 0
4196 1
4197 0
4198 1
4199 1
4200 1
4201 1
4202 0
4203 0
4204 0
4205 0
4206 0
4207 1
4208 0
4209 1
4210 0
4211 0
4212 0
4213 0
4214 0
4215 0
4216 1
4217 1
4218 1
4219 1
4220 0
4221 1
4222 0
4223 1
4224 1
4225 1
4226 0
4227 0
4228 1
4229 0
4230 0
4231 0
4232 0
4233 0
4234 0
4235 0
4236 0
4237 0
4238 0
4239 0
4240 0
4241 1
4242 1
4243 1
4244 0
4245 1
4246 0
4247 0
4248 1
4249 0
4250 0
4251 1
4252 1
4253 0
4254 1
4255 0
4256 2
4257 0
4258 1
4259 1
4260 2
4261 0
4262 0
4263 0
4264 1
4265 0
4266 1
4267 0
4268 0
4269 0
4270 0
4271 0
4272 0
4273 0
4274 0
4275 1
4276 0
4277 1
4278 1
4279 1
4280 0
4281 0
4282 1
4283 0
4284 1
4285 0
4286 1
4287 0
4288 0
4289 0
4290 1
4291 1
4292 1
4293 1
4294 0
4295 0
4296 1
4297 1
4298 0
4299 0
4300 0
4301 0
4302 0
4303 0
4304 1
4305 1
4306 0
4307 1
4308 1
4309 1
4310 0
4311 0
4312 1
4313 1
4314 1
4315 0
4316 1
4317 1
4318 1
4319 1
4320 1
4321 1
4322 1
4323 1
4324 1
4325 1
4326 1
4327 1
4328 0
4329 1
4330 0
4331 1
4332 0
4333 0
4334 1
4335 1
4336 1
4337 0
4338 1
4339 1
4340 1
4341 1
4342 1
4343 1
4344 1
4345 0
4346 1
4347 1
4348 1
4349 1
4350 1
4351 1
4352 1
4353 1
4354 0
4355 1
4356 1
4357 1
4358 1
4359 0
4360 1
4361 1
4362 1
4363 1
4364 1
4365 1
4366 1
4367 1
4368 1
4369 0
4370 1
4371 0
4372 1
4373 1
4374 1
4375 1
4376 1
4377 1
4378 1
4379 1
4380 1
4381 1
4382 1
4383 1
4384 1
4385 1
4386 1
4387 1
4388 1
4389 1
4390 1
4391 1
4392 1
4393 1
4394 1
4395 1
4396 0
4397 0
4398 1
4399 0
4400 1
4401 1
4402 1
4403 1
4404 1
4405 1
4406 1
4407 0
4408 1
4409 1
4410 1
4411 1
4412 1
4413 1
4414 1
4415 1
4416 1
4417 1
4418 1
4419 1
4420 1
4421 1
4422 1
4423 1
4424 0
4425 1
4426 1
4427 1
4428 0
4429 1
4430 1
4431 1
4432 0
4433 0
4434 0
4435 0
4436 0
4437 1
4438 1
4439 0
4440 1
4441 1
4442 1
4443 1
4444 1
4445 1
4446 1
4447 1
4448 1
4449 1
4450 0
4451 0
4452 1
4453 1
4454 0
4455 1
4456 1
4457 1
4458 0
4459 1
4460 1
4461 1
4462 1
4463 2
4464 1
4465 1
4466 1
4467 0
4468 1
4469 1
4470 2
4471 1
4472 1
4473 0
4474 1
4475 1
4476 1
4477 1
4478 0
4479 1
4480 0
4481 2
4482 1
4483 1
4484 1
4485 0
4486 1
4487 0
4488 1
4489 1
4490 1
4491 1
4492 1
4493 0
4494 1
4495 1
4496 1
4497 1
4498 1
4499 1
4500 0
4501 1
4502 1
4503 1
4504 1
4505 1
4506 0
4507 1
4508 0
4509 0
4510 0
4511 1
4512 0
4513 0
4514 0
4515 1
4516 0
4517 1
4518 1
4519 1
4520 1
4521 1
4522 1
4523 2
4524 0
4525 1
4526 0
4527 2
4528 1
4529 2
4530 1
4531 1
4532 1
4533 0
4534 2
4535 2
4536 0
4537 1
4538 2
4539 2
4540 1
4541 1
4542 2
4543 1
4544 1
4545 1
4546 0
4547 1
4548 0
4549 2
4550 1
4551 1
4552 2
4553 0
4554 0
4555 1
4556 0
4557 1
4558 2
4559 2
4560 2
4561 1
4562 0
4563 1
4564 0
4565 1
4566 1
4567 2
4568 1
4569 2
4570 1
4571 0
4572 1
4573 1
4574 0
4575 0
4576 1
4577 1
4578 0
4579 0
4580 0
4581 2
4582 1
4583 1
4584 2
4585 1
4586 0
4587 0
4588 0
4589 1
4590 1
4591 2
4592 1
4593 2
4594 1
4595 1
4596 1
4597 0
4598 0
4599 1
4600 1
4601 0
4602 1
4603 1
4604 2
4605 1
4606 1
4607 1
4608 0
4609 1
4610 1
4611 0
4612 0
4613 1
4614 1
4615 1
4616 1
4617 0
4618 1
4619 1
4620 1
4621 1
4622 2
4623 1
4624 0
4625 1
4626 2
4627 1
4628 1
4629 3
4630 1
4631 1
4632 0
4633 0
4634 0
4635 0
4636 2
4637 0
4638 1
4639 1
4640 1
4641 0
4642 0
4643 1
4644 1
4645 0
4646 1
4647 1
4648 1
4649 1
4650 2
4651 0
4652 1
4653 1
4654 2
4655 1
4656 0
4657 1
4658 1
4659 0
4660 1
4661 1
4662 1
4663 1
4664 0
4665 0
4666 1
4667 1
4668 0
4669 1
4670 1
4671 1
4672 1
4673 1
4674 0
4675 1
4676 0
4677 1
4678 0
4679 1
4680 1
4681 0
4682 1
4683 1
4684 0
4685 1
4686 1
4687 1
4688 1
4689 1
4690 0
4691 1
4692 1
4693 1
4694 1
4695 1
4696 1
4697 1
4698 1
4699 1
4700 1
4701 1
4702 0
4703 1
4704 1
4705 0
4706 1
4707 2
4708 1
4709 1
4710 1
4711 1
4712 0
4713 1
4714 1
4715 1
4716 2
4717 0
4718 0
4719 0
4720 0
4721 1
4722 0
4723 1
4724 2
4725 2
4726 1
4727 1
4728 1
4729 0
4730 0
4731 1
4732 1
4733 1
4734 1
4735 0
4736 1
4737 1
4738 0
4739 2
4740 0
4741 1
4742 1
4743 1
4744 1
4745 2
4746 0
4747 0
4748 1
4749 1
4750 0
4751 0
4752 1
4753 1
4754 1
4755 2
4756 0
4757 1
4758 1
4759 1
4760 1
4761 1
4762 1
4763 1
4764 0
4765 1
4766 1
4767 1
4768 0
4769 2
4770 0
4771 1
4772 0
4773 1
4774 1
4775 1
4776 0
4777 1
4778 0
4779 0
4780 1
4781 1
4782 1
4783 1
4784 1
4785 1
4786 2
4787 0
4788 0
4789 0
4790 0
4791 2
4792 1
4793 1
4794 1
4795 1
4796 1
4797 0
4798 1
4799 1
4800 1
4801 0
4802 0
4803 0
4804 2
4805 1
4806 1
4807 1
4808 1
4809 1
4810 1
4811 1
4812 0
4813 1
4814 1
4815 1
4816 0
4817 0
4818 1
4819 0
4820 2
4821 2
4822 0
4823 1
4824 2
4825 0
4826 0
4827 1
4828 0
4829 1
4830 1
4831 1
4832 2
4833 1
4834 0
4835 1
4836 0
4837 1
4838 1
4839 1
4840 1
4841 0
4842 1
4843 1
4844 0
4845 1
4846 1
4847 0
4848 1
4849 1
4850 0
4851 0
4852 1
4853 1
4854 1
4855 0
4856 1
4857 1
4858 2
4859 1
4860 0
4861 2
4862 0
4863 1
4864 1
4865 1
4866 2
4867 0
4868 1
4869 2
4870 0
4871 2
4872 0
4873 1
4874 0
4875 1
4876 1
4877 2
4878 1
4879 2
4880 1
4881 1
4882 2
4883 2
4884 1
4885 2
4886 1
4887 1
4888 1
4889 1
4890 0
4891 2
4892 0
4893 1
4894 1
4895 0
4896 1
4897 0
4898 1
4899 1
4900 1
4901 1
4902 0
4903 2
4904 0
4905 1
4906 0
4907 2
4908 2
4909 1
4910 1
4911 0
4912 0
4913 1
4914 0
4915 0
4916 2
4917 2
4918 0
4919 0
4920 2
4921 1
4922 1
4923 1
4924 1
4925 1
4926 2
4927 1
4928 1
4929 0
4930 1
4931 1
4932 1
4933 1
4934 1
4935 0
4936 1
4937 1
4938 1
4939 0
4940 0
4941 0
4942 1
4943 0
4944 1
4945 1
4946 1
4947 0
4948 0
4949 1
4950 0
4951 1
4952 0
4953 1
4954 1
4955 2
4956 1
4957 0
4958 1
4959 1
4960 1
4961 1
4962 1
4963 1
4964 0
4965 1
4966 2
4967 1
4968 2
4969 1
4970 1
4971 1
4972 1
4973 2
4974 1
4975 1
4976 2
4977 1
4978 1
4979 1
4980 0
4981 1
4982 1
4983 1
4984 1
4985 2
4986 1
4987 1
4988 1
4989 1
4990 0
4991 1
4992 0
4993 1
4994 2
4995 1
4996 2
4997 1
4998 1
4999 2
5000 0
5001 2
5002 1
5003 1
5004 1
5005 0
5006 0
5007 1
5008 1
5009 0
5010 1
5011 0
5012 1
5013 1
5014 2
5015 1
5016 0
5017 1
5018 1
5019 1
5020 2
5021 1
5022 1
5023 1
5024 1
5025 1
5026 1
5027 0
5028 0
5029 0
5030 0
5031 1
5032 1
5033 0
5034 1
5035 1
5036 2
5037 2
5038 1
5039 0
5040 1
5041 1
5042 1
5043 0
5044 1
5045 1
5046 2
5047 2
5048 0
5049 0
5050 1
5051 1
5052 0
5053 0
5054 0
5055 0
5056 0
5057 1
5058 0
5059 0
5060 0
5061 0
5062 0
5063 0
5064 0
5065 1
5066 0
5067 0
5068 1
5069 0
5070 1
5071 1
5072 1
5073 0
5074 0
5075 1
5076 1
5077 1
5078 0
5079 1
5080 1
5081 1
5082 0
5083 0
5084 1
5085 1
5086 1
5087 1
5088 1
5089 1
5090 2
5091 1
5092 2
5093 1
5094 1
5095 1
5096 1
5097 0
5098 1
5099 1
5100 1
5101 1
5102 0
5103 1
5104 1
5105 1
5106 0
5107 1
5108 1
5109 2
5110 1
5111 1
5112 1
5113 1
5114 1
5115 1
5116 1
5117 1
5118 1
5119 1
5120 1
5121 0
5122 1
5123 1
5124 1
5125 1
5126 1
5127 0
5128 1
5129 1
5130 1
5131 0
5132 1
5133 1
5134 0
5135 1
5136 0
5137 1
5138 1
5139 1
5140 2
5141 1
5142 1
5143 1
5144 1
5145 0
5146 1
5147 0
5148 1
5149 2
5150 2
5151 2
5152 1
5153 2
5154 1
5155 1
5156 1
5157 0
5158 1
5159 1
5160 0
5161 1
5162 1
5163 1
5164 1
5165 1
5166 1
5167 0
5168 1
5169 1
5170 1
5171 1
5172 0
5173 1
5174 1
5175 1
5176 1
5177 1
5178 1
5179 1
5180 1
5181 1
5182 0
5183 1
5184 0
5185 1
5186 0
5187 1
5188 1
5189 1
5190 2
5191 1
5192 1
5193 1
5194 0
5195 1
5196 1
5197 1
5198 1
5199 1
5200 1
5201 2
5202 1
5203 1
5204 1
5205 1
5206 2
5207 1
5208 1
5209 1
5210 1
5211 1
5212 1
5213 2
5214 0
5215 1
5216 1
5217 0
5218 0
5219 0
5220 0
5221 1
5222 1
5223 1
5224 1
5225 1
5226 1
5227 0
5228 1
5229 0
5230 0
5231 1
5232 1
5233 1
5234 1
5235 1
5236 1
5237 0
5238 1
5239 1
5240 0
5241 0
5242 1
5243 1
5244 1
5245 0
5246 1
5247 0
5248 1
5249 1
5250 1
5251 0
5252 1
5253 1
5254 1
5255 1
5256 1
5257 1
5258 0
5259 1
5260 1
5261 0
5262 1
5263 1
5264 1
5265 1
5266 0
5267 0
5268 1
5269 1
5270 1
5271 0
5272 1
5273 1
5274 0
5275 1
5276 2
5277 1
5278 1
5279 0
5280 1
5281 1
5282 1
5283 1
5284 1
5285 1
5286 1
5287 1
5288 1
5289 1
5290 0
5291 1
5292 1
5293 1
5294 0
5295 0
5296 1
5297 1
5298 1
5299 1
5300 1
5301 1
5302 0
5303 0
5304 2
5305 1
5306 2
5307 2
5308 1
5309 1
5310 1
5311 1
5312 0
5313 1
5314 0
5315 1
5316 1
5317 1
5318 2
5319 1
5320 1
5321 0
5322 1
5323 1
5324 2
5325 1
5326 0
5327 1
5328 1
5329 1
5330 1
5331 0
5332 1
5333 1
5334 0
5335 1
5336 1
5337 1
5338 1
5339 0
5340 0
5341 1
5342 1
5343 1
5344 1
5345 1
5346 1
5347 0
5348 1
5349 1
5350 1
5351 1
5352 1
5353 1
5354 0
5355 1
5356 1
5357 1
5358 1
5359 0
5360 1
5361 0
5362 1
5363 0
5364 1
5365 1
5366 1
5367 0
5368 1
5369 0
5370 0
5371 1
5372 0
5373 0
5374 1
5375 0
5376 1
5377 0
5378 0
5379 1
5380 1
5381 1
5382 0
5383 1
5384 1
5385 1
5386 0
5387 1
5388 1
5389 0
5390 1
5391 0
5392 0
5393 1
5394 1
5395 1
5396 0
5397 1
5398 1
5399 0
5400 0
5401 1
5402 0
5403 1
5404 0
5405 0
5406 0
5407 1
5408 1
5409 1
5410 1
5411 0
5412 0
5413 1
5414 0
5415 1
5416 0
5417 1
5418 1
5419 1
5420 0
5421 1
5422 1
5423 1
5424 0
5425 1
5426 1
5427 1
5428 1
5429 1
5430 1
5431 1
5432 1
5433 1
5434 1
5435 1
5436 1
5437 0
5438 1
5439 0
5440 1
5441 1
5442 1
5443 1
5444 0
5445 1
5446 1
5447 0
5448 0
5449 0
5450 1
5451 1
5452 0
5453 1
5454 1
5455 1
5456 1
5457 2
5458 1
5459 1
5460 1
5461 1
5462 1
5463 1
5464 1
5465 0
5466 1
5467 0
5468 1
5469 1
5470 1
5471 1
5472 1
5473 0
5474 1
5475 1
5476 0
5477 1
5478 0
5479 0
5480 0
5481 1
5482 1
5483 1
5484 1
5485 1
5486 1
5487 1
5488 1
5489 1
5490 1
5491 1
5492 0
5493 1
5494 0
5495 1
5496 1
5497 1
5498 0
5499 0
5500 0
5501 0
5502 0
5503 0
5504 1
5505 1
5506 0
5507 1
5508 0
5509 0
5510 0
5511 1
5512 2
5513 1
5514 1
5515 1
5516 0
5517 1
5518 0
5519 1
5520 0
5521 0
5522 2
5523 2
5524 1
5525 1
5526 2
5527 0
5528 2
5529 2
5530 0
5531 0
5532 0
5533 1
5534 1
5535 0
5536 1
5537 0
5538 0
5539 1
5540 0
5541 1
5542 1
5543 1
5544 0
5545 1
5546 0
5547 2
5548 1
5549 1
5550 1
5551 1
5552 1
5553 0
5554 0
5555 1
5556 2
5557 1
5558 1
5559 1
5560 0
5561 0
5562 0
5563 1
5564 1
5565 0
5566 0
5567 0
5568 0
5569 0
5570 1
5571 1
5572 0
5573 1
5574 0
5575 0
5576 0
5577 1
5578 0
5579 0
5580 1
5581 1
5582 0
5583 0
5584 0
5585 0
5586 0
5587 0
5588 0
5589 1
5590 0
5591 0
5592 0
5593 0
5594 1
5595 0
5596 0
5597 1
5598 1
5599 0
5600 0
5601 1
5602 1
5603 1
5604 1
5605 1
5606 0
5607 0
5608 0
5609 1
5610 1
5611 1
5612 0
5613 0
5614 1
5615 1
5616 0
5617 0
5618 1
5619 0
5620 0
5621 0
5622 1
5623 0
5624 1
5625 0
5626 1
5627 1
5628 1
5629 1
5630 1
5631 1
5632 1
5633 0
5634 1
5635 1
5636 0
5637 1
5638 1
5639 1
5640 1
5641 1
5642 0
5643 1
5644 0
5645 1
5646 1
5647 0
5648 1
5649 0
5650 1
5651 1
5652 1
5653 1
5654 1
5655 1
5656 1
5657 1
5658 1
5659 1
5660 0
5661 1
5662 1
5663 1
5664 1
5665 1
5666 1
5667 1
5668 1
5669 1
5670 1
5671 1
5672 1
5673 0
5674 1
5675 0
5676 1
5677 1
5678 1
5679 0
5680 0
5681 1
5682 0
5683 0
5684 1
5685 1
5686 0
5687 1
5688 1
5689 0
5690 1
5691 0
5692 0
5693 1
5694 1
5695 0
5696 1
5697 1
5698 0
5699 1
5700 1
5701 0
5702 1
5703 1
5704 1
5705 0
5706 1
5707 0
5708 0
5709 1
5710 1
5711 1
5712 1
5713 1
5714 1
5715 0
5716 1
5717 0
5718 1
5719 0
5720 0
5721 0
5722 0
5723 1
5724 0
5725 0
5726 1
5727 0
5728 1
5729 0
5730 0
5731 0
5732 0
5733 0
5734 0
5735 1
5736 1
5737 1
5738 0
5739 1
5740 1
5741 0
5742 0
5743 1
5744 1
5745 1
5746 0
5747 0
5748 1
5749 0
5750 0
5751 0
5752 1
5753 1
5754 0
5755 1
5756 1
5757 0
5758 1
5759 1
5760 1
5761 1
5762 1
5763 0
5764 0
5765 0
5766 0
5767 0
5768 0
5769 0
5770 0
5771 1
5772 1
5773 1
5774 1
5775 1
5776 0
5777 1
5778 1
5779 1
5780 1
5781 1
5782 1
5783 1
5784 1
5785 1
5786 0
5787 1
5788 0
5789 1
5790 0
5791 1
5792 0
5793 1
5794 2
5795 1
5796 1
5797 1
5798 1
5799 0
5800 0
5801 0
5802 1
5803 0
5804 1
5805 1
5806 2
5807 0
5808 1
5809 1
5810 0
5811 1
5812 1
5813 1
5814 1
5815 1
5816 2
5817 0
5818 1
5819 1
5820 1
5821 2
5822 1
5823 0
5824 1
5825 1
5826 0
5827 1
5828 1
5829 1
5830 1
5831 1
5832 0
5833 0
5834 1
5835 1
5836 1
5837 1
5838 1
5839 1
5840 1
5841 1
5842 0
5843 1
5844 0
5845 0
5846 0
5847 0
5848 1
5849 1
5850 0
5851 1
5852 1
5853 1
5854 0
5855 1
5856 1
5857 0
5858 1
5859 0
5860 1
5861 1
5862 0
5863 1
5864 0
5865 1
5866 1
5867 0
5868 0
5869 1
5870 1
5871 1
5872 1
5873 1
5874 1
5875 1
5876 0
5877 1
5878 1
5879 0
5880 0
5881 0
5882 1
5883 0
5884 1
5885 0
5886 1
5887 0
5888 1
5889 1
5890 1
5891 0
5892 1
5893 1
5894 2
5895 1
5896 1
5897 1
5898 1
5899 1
5900 1
5901 0
5902 0
5903 0
5904 0
5905 1
5906 1
5907 2
5908 0
5909 1
5910 0
5911 2
5912 0
5913 1
5914 0
5915 1
5916 1
5917 1
5918 0
5919 1
5920 1
5921 1
5922 0
5923 1
5924 1
5925 2
5926 2
5927 1
5928 1
5929 0
5930 1
5931 1
5932 1
5933 1
5934 0
5935 2
5936 1
5937 1
5938 1
5939 1
5940 1
5941 1
5942 0
5943 0
5944 1
5945 1
5946 0
5947 2
5948 1
5949 2
5950 1
5951 2
5952 0
5953 1
5954 2
5955 1
5956 1
5957 1
5958 0
5959 1
5960 1
5961 1
5962 1
5963 1
5964 1
5965 1
5966 1
5967 0
5968 1
5969 1
5970 1
5971 0
5972 1
5973 1
5974 1
5975 0
5976 1
5977 0
5978 0
5979 1
5980 0
5981 0
5982 1
5983 1
5984 1
5985 1
5986 1
5987 1
5988 1
5989 0
5990 1
5991 1
5992 1
5993 1
5994 1
5995 1
5996 1
5997 1
5998 1
5999 2
6000 2
6001 1
6002 1
6003 1
6004 1
6005 0
6006 0
6007 0
6008 1
6009 1
6010 1
6011 1
6012 0
6013 0
6014 1
6015 0
6016 0
6017 0
6018 0
6019 0
6020 0
6021 0
6022 1
6023 0
6024 1
6025 0
6026 0
6027 0
6028 0
6029 0
6030 0
6031 0
6032 1
6033 0
6034 0
6035 1
6036 1
6037 0
6038 0
6039 0
6040 1
6041 0
6042 1
6043 1
6044 0
6045 0
6046 1
6047 0
6048 0
6049 1
6050 0
6051 0
6052 0
6053 0
6054 1
6055 0
6056 0
6057 0
6058 0
6059 0
6060 0
6061 0
6062 1
6063 0
6064 0
6065 0
6066 0
6067 0
6068 1
6069 0
6070 0
6071 0
6072 0
6073 0
6074 0
6075 0
6076 0
6077 0
6078 0
6079 0
6080 0
6081 0
6082 1
6083 0
6084 0
6085 0
6086 0
6087 0
6088 0
6089 0
6090 0
6091 0
6092 0
6093 0
6094 0
6095 0
6096 0
6097 0
6098 0
6099 1
6100 0
6101 0
6102 0
6103 0
6104 1
6105 0
6106 0
6107 0
6108 1
6109 0
6110 1
6111 0
6112 0
6113 0
6114 0
6115 0
6116 0
6117 0
6118 0
6119 0
6120 0
6121 0
6122 0
6123 1
6124 0
6125 0
6126 0
6127 0
6128 0
6129 0
6130 0
6131 1
6132 1
6133 0
6134 0
6135 1
6136 0
6137 0
6138 1
6139 0
6140 0
6141 0
6142 1
6143 0
6144 1
6145 0
6146 0
6147 0
6148 0
6149 0
6150 0
6151 0
6152 1
6153 0
6154 0
6155 1
6156 0
6157 1
6158 0
6159 0
6160 0
6161 1
6162 0
6163 0
6164 0
6165 0
6166 0
6167 1
6168 0
6169 1
6170 0
6171 0
6172 0
6173 0
6174 0
6175 0
6176 0
6177 0
6178 0
6179 0
6180 0
6181 0
6182 0
6183 0
6184 1
6185 0
6186 1
6187 1
6188 0
6189 0
6190 0
6191 0
6192 0
6193 0
6194 0
6195 0
6196 0
6197 0
6198 0
6199 1
6200 0
6201 0
6202 0
6203 0
6204 0
6205 0
6206 0
6207 1
6208 0
6209 0
6210 0
6211 0
6212 0
6213 0
6214 1
6215 0
6216 0
6217 0
6218 0
6219 0
6220 0
6221 1
6222 0
6223 0
6224 0
6225 0
6226 0
6227 0
6228 0
6229 0
6230 0
6231 0
6232 0
6233 0
6234 1
6235 0
6236 0
6237 0
6238 0
6239 1
6240 0
6241 0
6242 0
6243 0
6244 0
6245 0
6246 0
6247 0
6248 1
6249 0
6250 1
6251 1
6252 0
6253 0
6254 0
6255 0
6256 0
6257 0
6258 0
6259 0
6260 0
6261 0
6262 0
6263 1
6264 0
6265 0
6266 0
6267 0
6268 0
6269 0
6270 0
6271 0
6272 0
6273 0
6274 1
6275 0
6276 0
6277 0
6278 0
6279 0
6280 1
6281 0
6282 1
6283 1
6284 0
6285 0
6286 1
6287 0
6288 0
6289 1
6290 0
6291 0
6292 0
6293 0
6294 1
6295 0
6296 0
6297 0
6298 0
6299 0
6300 1
6301 0
6302 1
6303 0
6304 0
6305 0
6306 0
6307 0
6308 0
6309 0
6310 0
6311 0
6312 0
6313 1
6314 0
6315 0
6316 0
6317 1
6318 1
6319 0
6320 1
6321 0
6322 0
6323 1
6324 0
6325 1
6326 0
6327 1
6328 1
6329 0
6330 0
6331 0
6332 0
6333 0
6334 0
6335 0
6336 0
6337 0
6338 0
6339 1
6340 0
6341 1
6342 0
6343 0
6344 0
6345 0
6346 0
6347 1
6348 0
6349 1
6350 0
6351 0
6352 0
6353 0
6354 0
6355 0
6356 0
6357 1
6358 0
6359 1
6360 0
6361 0
6362 0
6363 0
6364 0
6365 0
6366 0
6367 0
6368 0
6369 0
6370 0
6371 0
6372 1
6373 0
6374 0
6375 1
6376 0
6377 0
6378 1
6379 0
6380 0
6381 0
6382 0
6383 1
6384 0
6385 0
6386 1
6387 1
6388 0
6389 0
6390 0
6391 0
6392 1
6393 0
6394 1
6395 0
6396 1
6397 0
6398 0
6399 1
6400 0
6401 0
6402 1
6403 1
6404 0
6405 0
6406 0
6407 0
6408 0
6409 1
6410 0
6411 1
6412 1
6413 1
6414 0
6415 0
6416 0
6417 0
6418 0
6419 0
6420 0
6421 0
6422 0
6423 0
6424 0
6425 0
6426 0
6427 1
6428 0
6429 0
6430 0
6431 0
6432 0
6433 0
6434 0
6435 0
6436 0
6437 0
6438 0
6439 0
6440 1
6441 1
6442 0
6443 0
6444 0
6445 1
6446 1
6447 0
6448 0
6449 0
6450 0
6451 0
6452 0
6453 0
6454 0
6455 1
6456 1
6457 0
6458 0
6459 0
6460 1
6461 0
6462 0
6463 0
6464 0
6465 0
6466 0
6467 0
6468 1
6469 1
6470 1
6471 0
6472 1
6473 0
6474 1
6475 1
6476 0
6477 0
6478 0
6479 0
6480 0
6481 1
6482 0
6483 1
6484 0
6485 0
6486 0
6487 0
6488 0
6489 1
6490 0
6491 0
6492 0
6493 0
6494 1
6495 1
6496 0
6497 0
6498 0
6499 0
6500 0
6501 0
6502 0
6503 0
6504 0
6505 0
6506 0
6507 0
6508 0
6509 0
6510 1
6511 0
6512 0
6513 1
6514 0
6515 0
6516 0
6517 0
6518 0
6519 0
6520 0
6521 0
6522 0
6523 0
6524 0
6525 0
6526 0
6527 0
6528 0
6529 0
6530 0
6531 1
6532 0
6533 0
6534 1
6535 0
6536 1
6537 0
6538 0
6539 0
6540 0
6541 0
6542 0
6543 0
6544 0
6545 0
6546 0
6547 0
6548 0
6549 0
6550 0
6551 0
6552 0
6553 1
6554 0
6555 0
6556 0
6557 0
6558 1
6559 1
6560 0
6561 0
6562 0
6563 0
6564 0
6565 0
6566 0
6567 1
6568 0
6569 0
6570 0
6571 1
6572 0
6573 0
6574 0
6575 0
6576 0
6577 0
6578 0
6579 1
6580 1
6581 0
6582 0
6583 0
6584 0
6585 0
6586 1
6587 0
6588 1
6589 0
6590 1
6591 0
6592 0
6593 0
6594 1
6595 0
6596 1
6597 0
6598 0
6599 0
6600 0
6601 0
6602 0
6603 0
6604 0
6605 0
6606 0
6607 0
6608 0
6609 0
6610 0
6611 0
6612 0
6613 0
6614 0
6615 1
6616 0
6617 0
6618 0
6619 0
6620 0
6621 0
6622 0
6623 1
6624 1
6625 0
6626 1
6627 0
6628 0
6629 0
6630 0
6631 1
6632 0
6633 1
6634 1
6635 0
6636 0
6637 0
6638 0
6639 1
6640 0
6641 1
6642 0
6643 1
6644 0
6645 0
6646 0
6647 0
6648 0
6649 0
6650 0
6651 0
6652 0
6653 0
6654 0
6655 0
6656 0
6657 0
6658 0
6659 0
6660 0
6661 0
6662 0
6663 0
6664 0
6665 0
6666 1
6667 0
6668 1
6669 0
6670 0
6671 0
6672 0
6673 0
6674 0
6675 0
6676 1
6677 0
6678 0
6679 0
6680 1
6681 0
6682 0
6683 0
6684 0
6685 0
6686 1
6687 1
6688 1
6689 1
6690 0
6691 0
6692 1
6693 0
6694 0
6695 1
6696 1
6697 0
6698 1
6699 0
6700 0
6701 0
6702 0
6703 1
6704 0
6705 0
6706 0
6707 0
6708 1
6709 0
6710 0
6711 0
6712 0
6713 0
6714 1
6715 0
6716 0
6717 0
6718 0
6719 0
6720 0
6721 1
6722 0
6723 0
6724 0
6725 0
6726 0
6727 0
6728 0
6729 1
6730 0
6731 0
6732 0
6733 0
6734 1
6735 0
6736 1
6737 0
6738 1
6739 0
6740 0
6741 0
6742 0
6743 0
6744 0
6745 0
6746 1
6747 1
6748 0
6749 0
6750 0
6751 0
6752 0
6753 1
6754 0
6755 0
6756 0
6757 0
6758 0
6759 0
6760 0
6761 1
6762 0
6763 1
6764 0
6765 1
6766 0
6767 0
6768 1
6769 0
6770 0
6771 0
6772 0
6773 0
6774 0
6775 0
6776 0
6777 0
6778 0
6779 0
6780 0
6781 0
6782 0
6783 0
6784 0
6785 1
6786 0
6787 1
6788 1
6789 0
6790 0
6791 0
6792 0
6793 0
6794 1
6795 1
6796 0
6797 1
6798 0
6799 0
6800 0
6801 0
6802 0
6803 1
6804 0
6805 0
6806 0
6807 0
6808 0
6809 0
6810 0
6811 1
6812 0
6813 0
6814 0
6815 1
6816 0
6817 0
6818 0
6819 0
6820 0
6821 1
6822 0
6823 0
6824 0
6825 0
6826 1
6827 1
6828 0
6829 0
6830 0
6831 0
6832 0
6833 0
6834 0
6835 0
6836 0
6837 0
6838 0
6839 0
6840 0
6841 0
6842 0
6843 0
6844 0
6845 0
6846 0
6847 0
6848 0
6849 0
6850 0
6851 0
6852 1
6853 0
6854 0
6855 1
6856 0
6857 0
6858 0
6859 0
6860 0
6861 0
6862 0
6863 0
6864 0
6865 0
6866 0
6867 0
6868 0
6869 0
6870 0
6871 0
6872 0
6873 0
6874 0
6875 0
6876 0
6877 0
6878 1
6879 0
6880 0
6881 0
6882 1
6883 0
6884 0
6885 0
6886 0
6887 0
6888 0
6889 0
6890 0
6891 0
6892 0
6893 0
6894 0
6895 0
6896 0
6897 0
6898 0
6899 0
6900 0
6901 0
6902 0
6903 0
6904 1
6905 0
6906 0
6907 0
6908 1
6909 0
6910 0
6911 0
6912 0
6913 0
6914 0
6915 0
6916 0
6917 1
6918 0
6919 0
6920 0
6921 0
6922 1
6923 1
6924 0
6925 0
6926 1
6927 0
6928 0
6929 0
6930 0
6931 0
6932 0
6933 0
6934 1
6935 0
6936 0
6937 0
6938 1
6939 0
6940 0
6941 0
6942 1
6943 0
6944 0
6945 0
6946 0
6947 0
6948 1
6949 0
6950 0
6951 1
6952 0
6953 0
6954 0
6955 0
6956 0
6957 0
6958 0
6959 0
6960 0
6961 1
6962 0
6963 0
6964 1
6965 1
6966 1
6967 0
6968 1
6969 0
6970 0
6971 0
6972 0
6973 0
6974 0
6975 0
6976 0
6977 0
6978 1
6979 0
6980 0
6981 0
6982 0
6983 0
6984 0
6985 0
6986 0
6987 0
6988 0
6989 1
6990 1
6991 0
6992 0
6993 0
6994 0
6995 0
6996 0
6997 0
6998 1
6999 0
7000 0
7001 0
7002 0
7003 0
7004 0
7005 0
7006 0
7007 1
7008 0
7009 1
7010 0
7011 0
7012 0
7013 0
7014 0
7015 1
7016 0
7017 0
7018 0
7019 0
7020 1
7021 0
7022 1
7023 0
7024 0
7025 1
7026 0
7027 0
7028 0
7029 0
7030 0
7031 0
7032 0
7033 0
7034 0
7035 0
7036 0
7037 0
7038 1
7039 0
7040 0
7041 1
7042 1
7043 1
7044 0
7045 0
7046 0
7047 0
7048 0
7049 0
7050 0
7051 0
7052 0
7053 0
7054 0
7055 0
7056 0
7057 0
7058 0
7059 0
7060 0
7061 0
7062 0
7063 0
7064 0
7065 0
7066 0
7067 0
7068 0
7069 0
7070 1
7071 0
7072 0
7073 0
7074 1
7075 0
7076 0
7077 0
7078 0
7079 0
7080 1
7081 0
7082 0
7083 0
7084 1
7085 0
7086 0
7087 0
7088 0
7089 0
7090 0
7091 0
7092 0
7093 0
7094 0
7095 0
7096 0
7097 0
7098 0
7099 0
7100 0
7101 0
7102 0
7103 1
7104 0
7105 0
7106 0
7107 0
7108 1
7109 0
7110 1
7111 0
7112 0
7113 0
7114 1
7115 1
7116 0
7117 0
7118 1
7119 0
7120 0
7121 0
7122 0
7123 0
7124 0
7125 0
7126 0
7127 1
7128 1
7129 0
7130 0
7131 0
7132 0
7133 0
7134 0
7135 0
7136 0
7137 0
7138 0
7139 0
7140 0
7141 0
7142 0
7143 0
7144 0
7145 0
7146 0
7147 0
7148 1
7149 0
7150 0
7151 0
7152 0
7153 1
7154 0
7155 0
7156 0
7157 0
7158 0
7159 0
7160 0
7161 0
7162 0
7163 0
7164 1
7165 0
7166 0
7167 0
7168 1
7169 0
7170 0
7171 0
7172 0
7173 0
7174 0
7175 0
7176 0
7177 1
7178 0
7179 1
7180 1
7181 1
7182 0
7183 1
7184 0
7185 0
7186 0
7187 0
7188 0
7189 0
7190 0
7191 1
7192 0
7193 0
7194 1
7195 0
7196 1
7197 0
7198 0
7199 1
7200 0
7201 1
7202 0
7203 1
7204 0
7205 0
7206 0
7207 0
7208 0
7209 1
7210 0
7211 1
7212 0
7213 0
7214 0
7215 0
7216 1
7217 0
7218 0
7219 0
7220 0
7221 0
7222 0
7223 0
7224 0
7225 0
7226 0
7227 0
7228 0
7229 0
7230 0
7231 0
7232 1
7233 1
7234 0
7235 0
7236 0
7237 0
7238 0
7239 0
7240 0
7241 0
7242 0
7243 0
7244 0
7245 0
7246 0
7247 0
7248 0
7249 0
7250 0
7251 0
7252 0
7253 0
7254 0
7255 0
7256 0
7257 0
7258 0
7259 0
7260 0
7261 0
7262 0
7263 0
7264 0
7265 0
7266 0
7267 1
7268 0
7269 0
7270 0
7271 0
7272 0
7273 0
7274 0
7275 0
7276 1
7277 0
7278 0
7279 1
7280 0
7281 0
7282 0
7283 0
7284 0
7285 1
7286 0
7287 1
7288 0
7289 0
7290 0
7291 1
7292 1
7293 0
7294 0
7295 0
7296 1
7297 0
7298 0
7299 1
7300 0
7301 0
7302 0
7303 1
7304 0
7305 0
7306 0
7307 0
7308 0
7309 0
7310 0
7311 0
7312 0
7313 0
7314 0
7315 1
7316 1
7317 0
7318 0
7319 0
7320 0
7321 0
7322 0
7323 0
7324 0
7325 0
7326 1
7327 0
7328 1
7329 0
7330 1
7331 0
7332 0
7333 1
7334 0
7335 0
7336 1
7337 0
7338 0
7339 0
7340 1
7341 0
7342 0
7343 1
7344 0
7345 0
7346 1
7347 0
7348 0
7349 0
7350 0
7351 0
7352 0
7353 0
7354 1
7355 0
7356 0
7357 0
7358 0
7359 1
7360 0
7361 0
7362 0
7363 0
7364 0
7365 1
7366 1
7367 0
7368 0
7369 1
7370 1
7371 0
7372 1
7373 0
7374 0
7375 0
7376 0
7377 0
7378 0
7379 0
7380 0
7381 0
7382 0
7383 0
7384 0
7385 0
7386 0
7387 0
7388 0
7389 0
7390 0
7391 0
7392 0
7393 0
7394 1
7395 0
7396 0
7397 0
7398 1
7399 1
7400 0
7401 0
7402 1
7403 0
7404 0
7405 1
7406 0
7407 0
7408 0
7409 0
7410 0
7411 0
7412 0
7413 0
7414 0
7415 0
7416 0
7417 0
7418 0
7419 0
7420 0
7421 0
7422 0
7423 0
7424 0
7425 0
7426 1
7427 1
7428 0
7429 1
7430 1
7431 0
7432 0
7433 0
7434 0
7435 0
7436 0
7437 0
7438 0
7439 1
7440 0
7441 0
7442 0
7443 0
7444 0
7445 0
7446 0
7447 1
7448 1
7449 0
7450 1
7451 1
7452 0
7453 1
7454 1
7455 0
7456 0
7457 0
7458 0
7459 0
7460 0
7461 0
7462 0
7463 0
7464 0
7465 0
7466 0
7467 0
7468 0
7469 1
7470 0
7471 0
7472 0
7473 0
7474 0
7475 0
7476 0
7477 0
7478 0
7479 1
7480 0
7481 0
7482 0
7483 0
7484 1
7485 0
7486 1
7487 0
7488 0
7489 0
7490 0
7491 0
7492 0
7493 1
7494 0
7495 0
7496 0
7497 0
7498 0
7499 0
7500 0
7501 0
7502 0
7503 0
7504 0
7505 1
7506 1
7507 0
7508 0
7509 0
7510 0
7511 0
7512 0
7513 0
7514 0
7515 0
7516 0
7517 1
7518 0
7519 0
7520 0
7521 0
7522 1
7523 0
7524 0
7525 0
7526 0
7527 0
7528 0
7529 0
7530 0
7531 0
7532 0
7533 0
7534 0
7535 1
7536 1
7537 0
7538 0
7539 1
7540 0
7541 0
7542 0
7543 0
7544 0
7545 0
7546 1
7547 0
7548 0
7549 1
7550 0
7551 0
7552 0
7553 0
7554 0
7555 0
7556 0
7557 1
7558 0
7559 0
7560 0
7561 0
7562 0
7563 0
7564 0
7565 0
7566 1
7567 0
7568 1
7569 1
7570 0
7571 0
7572 0
7573 0
7574 0
7575 1
7576 0
7577 0
7578 1
7579 1
7580 1
7581 1
7582 1
7583 0
7584 0
7585 0
7586 1
7587 1
7588 0
7589 0
7590 0
7591 0
7592 0
7593 0
7594 1
7595 0
7596 0
7597 1
7598 1
7599 0
7600 1
7601 1
7602 0
7603 0
7604 1
7605 0
7606 0
7607 0
7608 1
7609 0
7610 0
7611 0
7612 0
7613 0
7614 0
7615 0
7616 0
7617 0
7618 1
7619 1
7620 0
7621 0
7622 0
7623 0
7624 0
7625 0
7626 0
7627 0
7628 1
7629 0
7630 0
7631 0
7632 0
7633 0
7634 0
7635 0
7636 0
7637 0
7638 0
7639 0
7640 1
7641 0
7642 0
7643 0
7644 0
7645 0
7646 1
7647 0
7648 0
7649 0
7650 0
7651 0
7652 0
7653 1
7654 0
7655 0
7656 0
7657 0
7658 0
7659 0
7660 1
7661 0
7662 0
7663 1
7664 1
7665 1
7666 1
7667 0
7668 0
7669 1
7670 1
7671 0
7672 0
7673 0
7674 0
7675 1
7676 1
7677 1
7678 0
7679 0
7680 1
7681 0
7682 0
7683 0
7684 1
7685 0
7686 0
7687 0
7688 0
7689 0
7690 1
7691 0
7692 0
7693 1
7694 1
7695 0
7696 1
7697 0
7698 0
7699 0
7700 0
7701 0
7702 0
7703 1
7704 0
7705 0
7706 0
7707 0
7708 0
7709 0
7710 0
7711 0
7712 0
7713 0
7714 0
7715 0
7716 1
7717 1
7718 1
7719 0
7720 0
7721 0
7722 0
7723 1
7724 0
7725 0
7726 0
7727 0
7728 0
7729 0
7730 0
7731 0
7732 0
7733 0
7734 0
7735 1
7736 0
7737 0
7738 0
7739 0
7740 1
7741 0
7742 0
7743 0
7744 1
7745 0
7746 1
7747 0
7748 1
7749 0
7750 1
7751 1
7752 0
7753 1
7754 0
7755 0
7756 0
7757 0
7758 1
7759 0
7760 0
7761 0
7762 0
7763 0
7764 0
7765 0
7766 0
7767 0
7768 0
7769 0
7770 0
7771 0
7772 0
7773 1
7774 0
7775 0
7776 1
7777 1
7778 0
7779 1
7780 1
7781 1
7782 0
7783 0
7784 0
7785 0
7786 0
7787 0
7788 0
7789 0
7790 0
7791 1
7792 0
7793 1
7794 0
7795 0
7796 0
7797 1
7798 0
7799 0
7800 0
7801 0
7802 0
7803 0
7804 0
7805 0
7806 0
7807 1
7808 0
7809 0
7810 0
7811 0
7812 0
7813 0
7814 0
7815 0
7816 1
7817 0
7818 0
7819 0
7820 0
7821 0
7822 0
7823 0
7824 0
7825 0
7826 0
7827 1
7828 0
7829 0
7830 0
7831 1
7832 0
7833 0
7834 0
7835 0
7836 0
7837 0
7838 0
7839 1
7840 0
7841 0
7842 0
7843 0
7844 1
7845 0
7846 0
7847 0
7848 1
7849 0
7850 0
7851 0
7852 0
7853 1
7854 1
7855 0
7856 0
7857 1
7858 1
7859 1
7860 1
7861 0
7862 0
7863 0
7864 1
7865 1
7866 1
7867 0
7868 0
7869 0
7870 1
7871 0
7872 1
7873 0
7874 0
7875 0
7876 1
7877 0
7878 0
7879 0
7880 0
7881 0
7882 0
7883 0
7884 0
7885 0
7886 0
7887 0
7888 0
7889 0
7890 0
7891 0
7892 0
7893 0
7894 1
7895 0
7896 0
7897 1
7898 0
7899 0
7900 0
7901 0
7902 0
7903 0
7904 0
7905 0
7906 0
7907 0
7908 0
7909 0
7910 1
7911 0
7912 0
7913 0
7914 1
7915 0
7916 0
7917 0
7918 0
7919 0
7920 0
7921 0
7922 0
7923 0
7924 1
7925 0
7926 0
7927 0
7928 0
7929 0
7930 0
7931 1
7932 0
7933 0
7934 0
7935 0
7936 1
7937 0
7938 0
7939 1
7940 1
7941 0
7942 0
7943 0
7944 0
7945 0
7946 0
7947 1
7948 0
7949 0
7950 0
7951 0
7952 0
7953 0
7954 0
7955 1
7956 1
7957 0
7958 0
7959 0
7960 0
7961 0
7962 0
7963 0
7964 1
7965 0
7966 0
7967 0
7968 1
7969 0
7970 0
7971 1
7972 0
7973 0
7974 0
7975 0
7976 0
7977 0
7978 0
7979 0
7980 0
7981 0
7982 0
7983 0
7984 1
7985 0
7986 0
7987 0
7988 0
7989 0
7990 0
7991 0
7992 0
7993 0
7994 1
7995 0
7996 0
7997 0
7998 0
7999 0
8000 0
8001 0
8002 0
8003 0
8004 0
8005 0
8006 0
8007 1
8008 0
8009 0
8010 0
8011 0
8012 0
8013 1
8014 1
8015 0
8016 0
8017 0
8018 0
8019 0
8020 0
8021 1
8022 1
8023 0
8024 0
8025 0
8026 0
8027 0
8028 1
8029 0
8030 0
8031 1
8032 0
8033 0
8034 0
8035 0
8036 0
8037 0
8038 0
8039 0
8040 1
8041 0
8042 0
8043 0
8044 0
8045 0
8046 0
8047 0
8048 0
8049 1
8050 0
8051 1
8052 1
8053 0
8054 0
8055 0
8056 0
8057 0
8058 0
8059 0
8060 0
8061 0
8062 0
8063 0
8064 1
8065 0
8066 0
8067 0
8068 1
8069 0
8070 0
8071 0
8072 0
8073 1
8074 0
8075 0
8076 0
8077 0
8078 0
8079 0
8080 0
8081 0
8082 0
8083 0
8084 0
8085 1
8086 0
8087 1
8088 1
8089 0
8090 0
8091 0
8092 0
8093 0
8094 0
8095 0
8096 1
8097 0
8098 0
8099 0
8100 1
8101 0
8102 0
8103 0
8104 0
8105 0
8106 0
8107 1
8108 1
8109 0
8110 0
8111 0
8112 1
8113 0
8114 0
8115 0
8116 0
8117 0
8118 1
8119 0
8120 0
8121 0
8122 0
8123 0
8124 0
8125 0
8126 0
8127 0
8128 0
8129 0
8130 0
8131 1
8132 0
8133 0
8134 0
8135 0
8136 0
8137 0
8138 1
8139 0
8140 0
8141 0
8142 0
8143 1
8144 0
8145 0
8146 0
8147 0
8148 1
8149 0
8150 0
8151 0
8152 1
8153 0
8154 0
8155 0
8156 0
8157 0
8158 0
8159 1
8160 0
8161 0
8162 0
8163 0
8164 0
8165 0
8166 0
8167 0
8168 0
8169 0
8170 0
8171 0
8172 0
8173 1
8174 0
8175 0
8176 1
8177 0
8178 0
8179 1
8180 0
8181 0
8182 0
8183 0
8184 1
8185 0
8186 0
8187 0
8188 0
8189 1
8190 0
8191 0
8192 0
8193 0
8194 0
8195 0
8196 0
8197 0
8198 0
8199 0
8200 0
8201 0
8202 0
8203 0
8204 0
8205 0
8206 0
8207 0
8208 0
8209 0
8210 0
8211 1
8212 0
8213 0
8214 0
8215 1
8216 0
8217 0
8218 0
8219 1
8220 0
8221 0
8222 0
8223 0
8224 1
8225 0
8226 0
8227 0
8228 0
8229 0
8230 0
8231 1
8232 0
8233 1
8234 0
8235 0
8236 0
8237 0
8238 0
8239 0
8240 0
8241 0
8242 0
8243 0
8244 0
8245 0
8246 0
8247 1
8248 1
8249 1
8250 1
8251 0
8252 0
8253 0
8254 0
8255 0
8256 0
8257 0
8258 0
8259 0
8260 0
8261 0
8262 0
8263 0
8264 0
8265 0
8266 0
8267 0
8268 0
8269 0
8270 0
8271 0
8272 0
8273 0
8274 0
8275 0
8276 1
8277 1
8278 0
8279 0
8280 0
8281 0
8282 0
8283 1
8284 0
8285 0
8286 0
8287 1
8288 0
8289 1
8290 1
8291 0
8292 0
8293 0
8294 0
8295 0
8296 0
8297 0
8298 0
8299 0
8300 0
8301 0
8302 0
8303 1
8304 0
8305 0
8306 0
8307 1
8308 0
8309 0
8310 0
8311 0
8312 1
8313 0
8314 0
8315 0
8316 0
8317 0
8318 1
8319 0
8320 1
8321 0
8322 0
8323 0
8324 0
8325 0
8326 1
8327 0
8328 0
8329 0
8330 0
8331 1
8332 0
8333 0
8334 0
8335 0
8336 0
8337 0
8338 0
8339 0
8340 0
8341 0
8342 0
8343 0
8344 0
8345 1
8346 0
8347 1
8348 0
8349 0
8350 0
8351 0
8352 0
8353 1
8354 1
8355 0
8356 0
8357 0
8358 0
8359 0
8360 1
8361 0
8362 0
8363 0
8364 0
8365 0
8366 0
8367 0
8368 1
8369 0
8370 0
8371 0
8372 0
8373 0
8374 0
8375 0
8376 0
8377 0
8378 0
8379 0
8380 0
8381 0
8382 0
8383 1
8384 0
8385 0
8386 0
8387 0
8388 0
8389 0
8390 0
8391 0
8392 0
8393 1
8394 0
8395 0
8396 0
8397 0
8398 0
8399 0
8400 0
8401 0
8402 0
8403 1
8404 0
8405 0
8406 0
8407 0
8408 0
8409 0
8410 1
8411 0
8412 0
8413 0
8414 0
8415 0
8416 0
8417 0
8418 0
8419 0
8420 0
8421 0
8422 0
8423 0
8424 0
8425 0
8426 0
8427 1
8428 1
8429 0
8430 1
8431 0
8432 0
8433 0
8434 1
8435 0
8436 0
8437 0
8438 0
8439 0
8440 0
8441 0
8442 0
8443 1
8444 0
8445 0
8446 0
8447 1
8448 0
8449 0
8450 0
8451 0
8452 1
8453 0
8454 0
8455 0
8456 0
8457 0
8458 0
8459 0
8460 0
8461 0
8462 0
8463 0
8464 1
8465 0
8466 1
8467 0
8468 0
8469 0
8470 0
8471 1
8472 0
8473 0
8474 0
8475 0
8476 0
8477 0
8478 0
8479 0
8480 1
8481 0
8482 1
8483 1
8484 0
8485 1
8486 0
8487 0
8488 0
8489 0
8490 0
8491 0
8492 0
8493 0
8494 0
8495 0
8496 0
8497 0
8498 1
8499 0
8500 0
8501 0
8502 0
8503 1
8504 0
8505 0
8506 0
8507 0
8508 0
8509 0
8510 1
8511 0
8512 0
8513 0
8514 0
8515 0
8516 0
8517 0
8518 0
8519 0
8520 1
8521 0
8522 1
8523 0
8524 0
8525 0
8526 0
8527 0
8528 0
8529 0
8530 0
8531 0
8532 0
8533 0
8534 0
8535 1
8536 0
8537 0
8538 0
8539 0
8540 0
8541 0
8542 0
8543 0
8544 0
8545 0
8546 1
8547 0
8548 1
8549 0
8550 0
8551 1
8552 0
8553 0
8554 1
8555 0
8556 0
8557 0
8558 0
8559 0
8560 0
8561 0
8562 0
8563 0
8564 0
8565 0
8566 1
8567 0
8568 0
8569 0
8570 0
8571 0
8572 0
8573 0
8574 0
8575 0
8576 0
8577 1
8578 0
8579 0
8580 0
8581 0
8582 0
8583 1
8584 0
8585 0
8586 1
8587 0
8588 0
8589 1
8590 0
8591 1
8592 0
8593 1
8594 0
8595 0
8596 0
8597 1
8598 0
8599 0
8600 0
8601 0
8602 0
8603 1
8604 0
8605 1
8606 0
8607 0
8608 1
8609 0
8610 0
8611 1
8612 0
8613 1
8614 0
8615 0
8616 1
8617 1
8618 1
8619 0
8620 0
8621 0
8622 1
8623 0
8624 0
8625 0
8626 0
8627 0
8628 0
8629 0
8630 1
8631 0
8632 1
8633 1
8634 0
8635 0
8636 0
8637 0
8638 0
8639 1
8640 0
8641 1
8642 0
8643 1
8644 0
8645 0
8646 0
8647 1
8648 0
8649 0
8650 0
8651 0
8652 0
8653 1
8654 1
8655 1
8656 0
8657 0
8658 0
8659 0
8660 0
8661 0
8662 0
8663 0
8664 1
8665 1
8666 1
8667 1
8668 0
8669 0
8670 0
8671 0
8672 1
8673 0
8674 0
8675 0
8676 0
8677 0
8678 0
8679 1
8680 0
8681 0
8682 0
8683 0
8684 0
8685 0
8686 0
8687 0
8688 0
8689 0
8690 0
8691 0
8692 0
8693 0
8694 0
8695 1
8696 0
8697 0
8698 0
8699 0
8700 0
8701 0
8702 0
8703 0
8704 0
8705 0
8706 0
8707 0
8708 0
8709 0
8710 0
8711 1
8712 0
8713 0
8714 0
8715 1
8716 0
8717 0
8718 0
8719 0
8720 1
8721 0
8722 0
8723 0
8724 0
8725 0
8726 0
8727 0
8728 0
8729 0
8730 0
8731 0
8732 0
8733 1
8734 0
8735 0
8736 0
8737 0
8738 0
8739 0
8740 0
8741 0
8742 0
8743 0
8744 0
8745 0
8746 1
8747 0
8748 0
8749 0
8750 0
8751 1
8752 0
8753 0
8754 0
8755 0
8756 0
8757 0
8758 0
8759 0
8760 0
8761 0
8762 0
8763 1
8764 0
8765 0
8766 1
8767 0
8768 0
8769 0
8770 0
8771 0
8772 0
8773 0
8774 0
8775 0
8776 1
8777 0
8778 0
8779 1
8780 0
8781 0
8782 0
8783 0
8784 0
8785 0
8786 0
8787 0
8788 0
8789 0
8790 0
8791 0
8792 0
8793 1
8794 0
8795 0
8796 0
8797 0
8798 0
8799 0
8800 0
8801 0
8802 0
8803 0
8804 0
8805 1
8806 0
8807 0
8808 0
8809 0
8810 1
8811 1
8812 1
8813 1
8814 0
8815 0
8816 1
8817 1
8818 0
8819 0
8820 0
8821 0
8822 0
8823 0
8824 0
8825 0
8826 0
8827 1
8828 0
8829 0
8830 0
8831 0
8832 1
8833 1
8834 1
8835 1
8836 1
8837 0
8838 0
8839 0
8840 0
8841 0
8842 1
8843 0
8844 0
8845 0
8846 0
8847 0
8848 0
8849 0
8850 0
8851 0
8852 1
8853 0
8854 0
8855 0
8856 0
8857 0
8858 0
8859 0
8860 0
8861 1
8862 1
8863 1
8864 1
8865 1
8866 0
8867 0
8868 1
8869 0
8870 0
8871 0
8872 1
8873 1
8874 0
8875 0
8876 0
8877 0
8878 0
8879 0
8880 1
8881 0
8882 0
8883 0
8884 0
8885 0
8886 0
8887 0
8888 0
8889 0
8890 1
8891 1
8892 0
8893 0
8894 0
8895 0
8896 1
8897 0
8898 0
8899 0
8900 0
8901 0
8902 0
8903 0
8904 0
8905 0
8906 0
8907 1
8908 1
8909 0
8910 0
8911 0
8912 0
8913 0
8914 0
8915 0
8916 1
8917 0
8918 0
8919 0
8920 0
8921 0
8922 0
8923 0
8924 0
8925 0
8926 0
8927 0
8928 0
8929 0
8930 0
8931 0
8932 0
8933 0
8934 0
8935 0
8936 1
8937 1
8938 0
8939 0
8940 0
8941 0
8942 1
8943 0
8944 0
8945 0
8946 0
8947 0
8948 0
8949 1
8950 0
8951 0
8952 0
8953 0
8954 1
8955 0
8956 0
8957 1
8958 0
8959 0
8960 1
8961 0
8962 0
8963 0
8964 0
8965 0
8966 0
8967 0
8968 1
8969 0
8970 0
8971 0
8972 0
8973 0
8974 0
8975 0
8976 0
8977 0
8978 0
8979 0
8980 1
8981 0
8982 1
8983 1
8984 0
8985 0
8986 0
8987 0
8988 1
8989 1
8990 0
8991 0
8992 0
8993 0
8994 0
8995 1
8996 1
8997 0
8998 1
8999 1
9000 0
9001 0
9002 0
9003 0
9004 0
9005 0
9006 0
9007 0
9008 0
9009 0
9010 0
9011 0
9012 0
9013 0
9014 0
9015 0
9016 0
9017 0
9018 0
9019 1
9020 0
9021 0
9022 0
9023 1
9024 0
9025 0
9026 0
9027 0
9028 1
9029 0
9030 0
9031 0
9032 0
9033 0
9034 0
9035 1
9036 0
9037 0
9038 0
9039 0
9040 0
9041 1
9042 0
9043 1
9044 0
9045 0
9046 0
9047 0
9048 0
9049 0
9050 0
9051 0
9052 0
9053 0
9054 0
9055 0
9056 0
9057 0
9058 0
9059 0
9060 0
9061 0
9062 0
9063 0
9064 1
9065 0
9066 0
9067 0
9068 0
9069 1
9070 1
9071 0
9072 1
9073 0
9074 0
9075 0
9076 1
9077 0
9078 0
9079 0
9080 1
9081 0
9082 0
9083 0
9084 0
9085 0
9086 0
9087 0
9088 0
9089 0
9090 0
9091 1
9092 0
9093 0
9094 1
9095 0
9096 0
9097 0
9098 0
9099 1
9100 0
9101 1
9102 0
9103 0
9104 0
9105 1
9106 0
9107 1
9108 0
9109 0
9110 1
9111 0
9112 0
9113 0
9114 1
9115 0
9116 0
9117 0
9118 0
9119 1
9120 1
9121 0
9122 0
9123 0
9124 0
9125 1
9126 0
9127 0
9128 0
9129 1
9130 1
9131 0
9132 1
9133 0
9134 1
9135 0
9136 0
9137 0
9138 0
9139 0
9140 0
9141 0
9142 0
9143 0
9144 1
9145 0
9146 1
9147 0
9148 0
9149 0
9150 0
9151 0
9152 0
9153 0
9154 0
9155 0
9156 0
9157 0
9158 0
9159 0
9160 0
9161 0
9162 0
9163 0
9164 0
9165 0
9166 1
9167 0
9168 0
9169 1
9170 0
9171 0
9172 0
9173 0
9174 0
9175 0
9176 0
9177 0
9178 0
9179 1
9180 0
9181 0
9182 0
9183 0
9184 0
9185 0
9186 1
9187 1
9188 0
9189 0
9190 0
9191 0
9192 0
9193 1
9194 0
9195 0
9196 0
9197 0
9198 0
9199 1
9200 0
9201 0
9202 0
9203 0
9204 0
9205 0
9206 0
9207 1
9208 0
9209 0
9210 0
9211 0
9212 0
9213 1
9214 0
9215 1
9216 0
9217 0
9218 0
9219 0
9220 0
9221 0
9222 0
9223 0
9224 0
9225 0
9226 0
9227 1
9228 0
9229 0
9230 1
9231 0
9232 0
9233 0
9234 0
9235 1
9236 0
9237 1
9238 0
9239 0
9240 1
9241 0
9242 0
9243 0
9244 0
9245 0
9246 0
9247 0
9248 1
9249 0
9250 0
9251 0
9252 0
9253 0
9254 0
9255 0
9256 1
9257 1
9258 0
9259 0
9260 0
9261 0
9262 0
9263 0
9264 0
9265 0
9266 0
9267 0
9268 1
9269 0
9270 1
9271 0
9272 0
9273 0
9274 0
9275 0
9276 1
9277 0
9278 0
9279 0
9280 0
9281 0
9282 0
9283 1
9284 1
9285 0
9286 0
9287 0
9288 1
9289 0
9290 1
9291 0
9292 1
9293 0
9294 0
9295 0
9296 0
9297 0
9298 1
9299 0
9300 0
9301 0
9302 1
9303 0
9304 0
9305 0
9306 0
9307 0
9308 0
9309 0
9310 0
9311 1
9312 0
9313 0
9314 0
9315 0
9316 0
9317 0
9318 0
9319 0
9320 0
9321 0
9322 1
9323 0
9324 0
9325 0
9326 0
9327 1
9328 1
9329 0
9330 0
9331 0
9332 1
9333 1
9334 0
9335 1
9336 1
9337 1
9338 0
9339 1
9340 0
9341 1
9342 0
9343 1
9344 1
9345 0
9346 0
9347 0
9348 1
9349 0
9350 0
9351 0
9352 0
9353 0
9354 1
9355 0
9356 1
9357 0
9358 0
9359 1
9360 0
9361 0
9362 0
9363 2
9364 1
9365 0
9366 0
9367 0
9368 0
9369 0
9370 0
9371 0
9372 1
9373 0
9374 0
9375 0
9376 1
9377 1
9378 1
9379 0
9380 0
9381 0
9382 1
9383 0
9384 0
9385 0
9386 0
9387 1
9388 1
9389 1
9390 1
9391 1
9392 0
9393 0
9394 0
9395 1
9396 0
9397 0
9398 0
9399 1
9400 0
9401 0
9402 0
9403 0
9404 0
9405 0
9406 0
9407 1
9408 0
9409 0
9410 0
9411 0
9412 0
9413 0
9414 0
9415 0
9416 0
9417 0
9418 1
9419 0
9420 0
9421 0
9422 0
9423 0
9424 0
9425 0
9426 0
9427 0
9428 0
9429 0
9430 0
9431 0
9432 1
9433 1
9434 1
9435 0
9436 0
9437 1
9438 1
9439 0
9440 0
9441 0
9442 0
9443 1
9444 0
9445 0
9446 1
9447 0
9448 0
9449 0
9450 0
9451 1
9452 1
9453 0
9454 0
9455 0
9456 0
9457 0
9458 0
9459 0
9460 1
9461 1
9462 1
9463 0
9464 1
9465 0
9466 0
9467 1
9468 1
9469 0
9470 0
9471 0
9472 0
9473 0
9474 0
9475 0
9476 0
9477 0
9478 0
9479 0
9480 0
9481 0
9482 0
9483 0
9484 0
9485 1
9486 0
9487 0
9488 0
9489 0
9490 1
9491 0
9492 0
9493 0
9494 0
9495 0
9496 0
9497 1
9498 0
9499 0
9500 0
9501 0
9502 0
9503 0
9504 0
9505 0
9506 1
9507 0
9508 0
9509 0
9510 0
9511 0
9512 0
9513 0
9514 0
9515 0
9516 0
9517 1
9518 0
9519 0
9520 1
9521 1
9522 0
9523 0
9524 0
9525 0
9526 0
9527 0
9528 0
9529 0
9530 0
9531 0
9532 1
9533 1
9534 0
9535 1
9536 0
9537 1
9538 0
9539 0
9540 0
9541 0
9542 0
9543 0
9544 0
9545 0
9546 0
9547 0
9548 0
9549 0
9550 0
9551 0
9552 1
9553 0
9554 0
9555 1
9556 0
9557 0
9558 0
9559 0
9560 0
9561 0
9562 0
9563 1
9564 0
9565 0
9566 0
9567 0
9568 0
9569 1
9570 0
9571 0
9572 0
9573 0
9574 0
9575 0
9576 0
9577 0
9578 0
9579 1
9580 0
9581 0
9582 0
9583 0
9584 1
9585 0
9586 1
9587 0
9588 0
9589 0
9590 0
9591 0
9592 0
9593 0
9594 0
9595 0
9596 0
9597 0
9598 1
9599 0
9600 0
9601 0
9602 0
9603 1
9604 0
9605 0
9606 1
9607 0
9608 0
9609 0
9610 0
9611 1
9612 0
9613 0
9614 0
9615 0
9616 0
9617 0
9618 1
9619 0
9620 1
9621 0
9622 0
9623 0
9624 0
9625 0
9626 1
9627 0
9628 0
9629 1
9630 0
9631 0
9632 0
9633 0
9634 0
9635 0
9636 0
9637 0
9638 0
9639 0
9640 0
9641 0
9642 0
9643 0
9644 0
9645 0
9646 0
9647 0
9648 0
9649 0
9650 0
9651 0
9652 0
9653 1
9654 0
9655 0
9656 0
9657 0
9658 0
9659 0
9660 0
9661 0
9662 1
9663 0
9664 1
9665 0
9666 0
9667 0
9668 0
9669 1
9670 0
9671 1
9672 0
9673 0
9674 0
9675 0
9676 0
9677 0
9678 0
9679 0
9680 1
9681 0
9682 0
9683 0
9684 1
9685 0
9686 1
9687 0
9688 0
9689 0
9690 0
9691 1
9692 0
9693 0
9694 1
9695 0
9696 0
9697 0
9698 1
9699 0
9700 0
9701 0
9702 0
9703 0
9704 0
9705 0
9706 1
9707 1
9708 0
9709 1
9710 0
9711 0
9712 0
9713 0
9714 0
9715 0
9716 0
9717 0
9718 1
9719 0
9720 0
9721 0
9722 0
9723 0
9724 0
9725 0
9726 0
9727 0
9728 0
9729 0
9730 0
9731 0
9732 0
9733 1
9734 1
9735 0
9736 1
9737 0
9738 1
9739 0
9740 0
9741 0
9742 0
9743 1
9744 1
9745 0
9746 1
9747 0
9748 1
9749 1
9750 0
9751 0
9752 0
9753 1
9754 0
9755 0
9756 0
9757 0
9758 0
9759 0
9760 1
9761 1
9762 0
9763 0
9764 0
9765 1
9766 1
9767 0
9768 1
9769 0
9770 0
9771 1
9772 0
9773 1
9774 0
9775 0
9776 0
9777 0
9778 0
9779 0
9780 0
9781 1
9782 0
9783 0
9784 0
9785 1
9786 0
9787 1
9788 0
9789 0
9790 0
9791 1
9792 0
9793 1
9794 0
9795 0
9796 1
9797 0
9798 0
9799 0
9800 0
9801 0
9802 1
9803 0
9804 0
9805 1
9806 1
9807 0
9808 0
9809 1
9810 0
9811 0
9812 0
9813 0
9814 0
9815 1
9816 0
9817 1
9818 0
9819 0
9820 0
9821 0
9822 1
9823 0
9824 0
9825 0
9826 0
9827 0
9828 0
9829 1
9830 0
9831 0
9832 0
9833 1
9834 0
9835 0
9836 0
9837 0
9838 0
9839 0
9840 0
9841 0
9842 1
9843 0
9844 0
9845 0
9846 0
9847 0
9848 0
9849 0
9850 0
9851 0
9852 0
9853 0
9854 0
9855 0
9856 0
9857 0
9858 1
9859 0
9860 0
9861 1
9862 0
9863 0
9864 1
9865 0
9866 0
9867 1
9868 0
9869 0
9870 0
9871 0
9872 1
9873 0
9874 0
9875 1
9876 1
9877 0
9878 0
9879 1
9880 0
9881 0
9882 0
9883 1
9884 1
9885 0
9886 0
9887 0
9888 0
9889 1
9890 0
9891 0
9892 0
9893 0
9894 0
9895 1
9896 0
9897 0
9898 0
9899 0
9900 0
9901 0
9902 1
9903 0
9904 0
9905 0
9906 0
9907 0
9908 0
9909 1
9910 1
9911 0
9912 0
9913 0
9914 0
9915 0
9916 0
9917 0
9918 1
9919 1
9920 1
9921 0
9922 0
9923 0
9924 0
9925 1
9926 1
9927 1
9928 0
9929 0
9930 0
9931 1
9932 0
9933 0
9934 0
9935 1
9936 0
9937 0
9938 0
9939 1
9940 1
9941 1
9942 1
9943 1
9944 1
9945 0
9946 0
9947 0
9948 0
9949 1
9950 0
9951 0
9952 0
9953 1
9954 1
9955 0
9956 0
9957 0
9958 0
9959 1
9960 1
9961 0
9962 0
9963 0
9964 0
9965 0
9966 0
9967 1
9968 1
9969 0
9970 0
9971 0
9972 1
9973 1
9974 1
9975 0
9976 1
9977 1
9978 0
9979 0
9980 0
9981 0
9982 0
9983 0
9984 0
9985 1
9986 0
9987 0
9988 0
9989 0
9990 0
9991 0
9992 0
9993 0
9994 0
9995 0
9996 0
9997 0
9998 0
9999 0
10000 0
10001 0
