1 1
2 1
3 1
4 1
5 1
6 1
7 1
8 1
9 0
10 0
11 1
12 0
13 1
14 1
15 1
16 1
17 1
18 1
19 1
20 1
21 0
22 0
23 0
24 0
25 0
26 0
27 0
28 0
29 0
30 0
31 2
32 1
33 0
34 0
35 0
36 1
37 0
38 1
39 2
40 1
41 1
42 1
43 1
44 1
45 1
46 1
47 0
48 0
49 0
50 1
51 0
52 0
53 0
54 0
55 1
56 1
57 0
58 1
59 1
60 1
61 1
62 1
63 1
64 0
65 1
66 1
67 1
68 0
69 0
70 0
71 0
72 1
73 1
74 1
75 0
76 1
77 0
78 0
79 0
80 1
81 1
82 0
83 0
84 0
85 0
86 1
87 0
88 0
89 0
90 0
91 0
92 0
93 1
94 1
95 1
96 0
97 1
98 0
99 1
100 1
101 0
102 0
103 0
104 0
105 0
106 0
107 1
108 0
109 1
110 1
111 1
112 0
113 0
114 1
115 1
116 1
117 1
118 1
119 0
120 1
121 1
122 1
123 1
124 1
125 0
126 1
127 0
128 1
129 1
130 1
131 0
132 0
133 1
134 1
135 2
136 0
137 1
138 0
139 0
140 1
141 1
142 0
143 1
144 1
145 1
146 0
147 1
148 0
149 1
150 0
151 1
152 1
153 1
154 1
155 0
156 0
157 0
158 1
159 0
160 2
161 1
162 1
163 1
164 0
165 1
166 1
167 1
168 1
169 1
170 1
171 1
172 1
173 1
174 1
175 1
176 0
177 1
178 1
179 0
180 0
181 0
182 0
183 0
184 0
185 1
186 1
187 1
188 1
189 1
190 1
191 1
192 1
193 0
194 0
195 1
196 1
197 1
198 1
199 1
200 0
201 1
202 0
203 1
204 0
205 0
206 0
207 0
208 0
209 1
210 0
211 0
212 1
213 1
214 1
215 1
216 0
217 0
218 0
219 0
220 0
221 2
222 1
223 0
224 1
225 0
226 1
227 0
228 0
229 0
230 1
231 0
232 0
233 0
234 1
235 0
236 0
237 0
238 0
239 0
240 1
241 1
242 1
243 0
244 1
245 0
246 0
247 1
248 0
249 0
250 1
251 0
252 0
253 0
254 1
255 1
256 1
257 0
258 1
259 1
260 1
261 0
262 1
263 0
264 1
265 1
266 1
267 1
268 1
269 0
270 0
271 0
272 1
273 0
274 0
275 0
276 0
277 1
278 0
279 0
280 1
281 1
282 0
283 1
284 1
285 1
286 1
287 1
288 1
289 0
290 1
291 1
292 1
293 0
294 0
295 1
296 1
297 1
298 0
299 1
300 1
301 1
302 1
303 1
304 1
305 1
306 1
307 0
308 1
309 1
310 0
311 1
312 1
313 1
314 1
315 1
316 1
317 1
318 1
319 0
320 1
321 0
322 0
323 0
324 0
325 1
326 1
327 1
328 0
329 0
330 1
331 1
332 1
333 0
334 1
335 1
336 0
337 1
338 0
339 0
340 1
341 0
342 1
343 1
344 1
345 0
346 0
347 0
348 1
349 0
350 0
351 1
352 1
353 0
354 1
355 1
356 1
357 0
358 0
359 1
360 0
361 0
362 1
363 1
364 1
365 1
366 1
367 1
368 1
369 1
370 1
371 0
372 0
373 2
374 0
375 0
376 0
377 1
378 0
379 0
380 1
381 1
382 1
383 1
384 0
385 1
386 1
387 0
388 1
389 0
390 0
391 0
392 1
393 1
394 1
395 0
396 1
397 0
398 0
399 0
400 1
401 1
402 1
403 1
404 0
405 1
406 0
407 1
408 0
409 1
410 1
411 1
412 0
413 1
414 0
415 0
416 1
417 1
418 1
419 2
420 0
421 0
422 1
423 1
424 1
425 0
426 0
427 1
428 0
429 1
430 0
431 1
432 0
433 1
434 0
435 1
436 0
437 1
438 0
439 0
440 2
441 0
442 1
443 1
444 0
445 0
446 0
447 0
448 0
449 0
450 1
451 1
452 0
453 0
454 0
455 0
456 1
457 1
458 1
459 1
460 0
461 0
462 0
463 0
464 0
465 1
466 0
467 0
468 1
469 1
470 1
471 1
472 1
473 1
474 1
475 1
476 0
477 0
478 1
479 1
480 0
481 0
482 0
483 1
484 0
485 0
486 0
487 0
488 1
489 1
490 1
491 1
492 2
493 1
494 0
495 0
496 0
497 0
498 0
499 1
500 1
501 0
502 1
503 0
504 0
505 0
506 0
507 0
508 1
509 0
510 0
511 0
512 1
513 1
514 0
515 0
516 0
517 1
518 1
519 0
520 0
521 0
522 0
523 0
524 1
525 1
526 0
527 0
528 0
529 0
530 1
531 0
532 0
533 0
534 1
535 1
536 0
537 1
538 1
539 1
540 0
541 1
542 0
543 1
544 0
545 0
546 1
547 1
548 1
549 0
550 0
551 0
552 0
553 1
554 1
555 0
556 0
557 2
558 0
559 1
560 0
561 1
562 0
563 0
564 1
565 1
566 1
567 0
568 0
569 0
570 0
571 0
572 1
573 0
574 0
575 1
576 0
577 0
578 1
579 0
580 0
581 0
582 1
583 1
584 1
585 1
586 0
587 1
588 0
589 0
590 0
591 0
592 1
593 1
594 1
595 1
596 1
597 0
598 1
599 0
600 0
601 1
602 1
603 0
604 1
605 2
606 1
607 0
608 1
609 0
610 0
611 1
612 0
613 1
614 1
615 0
616 1
617 0
618 1
619 1
620 0
621 1
622 0
623 1
624 1
625 1
626 1
627 1
628 1
629 1
630 1
631 0
632 2
633 1
634 0
635 0
636 2
637 0
638 0
639 1
640 1
641 1
642 0
643 1
644 0
645 2
646 0
647 1
648 0
649 1
650 0
651 1
652 1
653 1
654 1
655 0
656 1
657 1
658 0
659 1
660 1
661 1
662 1
663 1
664 1
665 0
666 1
667 0
668 1
669 1
670 1
671 2
672 0
673 1
674 1
675 0
676 0
677 0
678 0
679 0
680 1
681 1
682 0
683 0
684 1
685 0
686 1
687 1
688 0
689 1
690 0
691 0
692 1
693 1
694 1
695 1
696 0
697 0
698 1
699 1
700 0
701 1
702 1
703 1
704 1
705 1
706 1
707 0
708 1
709 1
710 1
711 1
712 1
713 0
714 1
715 0
716 1
717 0
718 0
719 0
720 0
721 1
722 0
723 0
724 1
725 1
726 1
727 1
728 1
729 0
730 1
731 1
732 1
733 1
734 0
735 0
736 0
737 0
738 0
739 0
740 0
741 0
742 0
743 0
744 0
745 0
746 0
747 1
748 0
749 0
750 1
751 0
752 0
753 1
754 1
755 0
756 0
757 0
758 1
759 1
760 1
761 1
762 0
763 1
764 1
765 0
766 1
767 0
768 0
769 1
770 1
771 0
772 1
773 1
774 0
775 1
776 0
777 0
778 1
779 1
780 1
781 1
782 1
783 0
784 1
785 1
786 0
787 1
788 0
789 1
790 0
791 1
792 1
793 1
794 0
795 1
796 1
797 1
798 1
799 0
800 0
801 0
802 1
803 1
804 1
805 0
806 0
807 0
808 0
809 0
810 1
811 0
812 0
813 1
814 2
815 1
816 1
817 0
818 1
819 1
820 1
821 1
822 1
823 1
824 0
825 0
826 0
827 1
828 2
829 1
830 0
831 0
832 1
833 0
834 2
835 1
836 0
837 1
838 1
839 1
840 1
841 0
842 0
843 0
844 0
845 0
846 0
847 1
848 0
849 0
850 1
851 0
852 0
853 0
854 1
855 0
856 1
857 1
858 0
859 1
860 1
861 0
862 1
863 0
864 0
865 1
866 0
867 0
868 0
869 0
870 1
871 0
872 0
873 0
874 0
875 0
876 1
877 0
878 1
879 1
880 0
881 0
882 0
883 0
884 0
885 1
886 1
887 1
888 1
889 1
890 1
891 0
892 1
893 0
894 1
895 1
896 1
897 1
898 1
899 1
900 1
901 1
902 2
903 0
904 1
905 1
906 0
907 2
908 1
909 0
910 1
911 0
912 1
913 1
914 1
915 1
916 0
917 1
918 0
919 0
920 1
921 1
922 1
923 0
924 1
925 1
926 0
927 1
928 1
929 0
930 1
931 0
932 0
933 0
934 1
935 2
936 1
937 0
938 1
939 0
940 0
941 0
942 1
943 0
944 0
945 1
946 0
947 1
948 0
949 0
950 0
951 0
952 0
953 0
954 0
955 1
956 1
957 1
958 1
959 0
960 0
961 1
962 0
963 0
964 0
965 0
966 0
967 1
968 1
969 0
970 0
971 1
972 0
973 2
974 0
975 0
976 1
977 1
978 1
979 1
980 0
981 0
982 0
983 1
984 0
985 0
986 1
987 0
988 1
989 1
990 0
991 1
992 0
993 0
994 0
995 0
996 0
997 0
998 1
999 0
1000 0
1001 1
1002 0
1003 0
1004 0
1005 0
1006 1
1007 1
1008 1
1009 1
1010 1
1011 0
1012 1
1013 1
1014 0
1015 0
1016 1
1017 1
1018 1
1019 0
1020 0
1021 1
1022 1
1023 1
1024 0
1025 1
1026 0
1027 0
1028 0
1029 0
1030 1
1031 0
1032 0
1033 1
1034 0
1035 1
1036 1
1037 1
1038 0
1039 1
1040 1
1041 0
1042 1
1043 0
1044 0
1045 0
1046 1
1047 0
1048 0
1049 0
1050 0
1051 1
1052 0
1053 1
1054 0
1055 0
1056 0
1057 0
1058 0
1059 1
1060 1
1061 1
1062 0
1063 0
1064 1
1065 0
1066 1
1067 0
1068 0
1069 1
1070 0
1071 1
1072 1
1073 0
1074 1
1075 0
1076 1
1077 0
1078 0
1079 1
1080 0
1081 0
1082 1
1083 0
1084 0
1085 1
1086 1
1087 0
1088 0
1089 0
1090 0
1091 0
1092 1
1093 1
1094 0
1095 1
1096 0
1097 0
1098 1
1099 0
1100 1
1101 1
1102 1
1103 1
1104 0
1105 0
1106 1
1107 1
1108 1
1109 1
1110 1
1111 1
1112 1
1113 1
1114 0
1115 0
1116 0
1117 1
1118 1
1119 1
1120 0
1121 1
1122 2
1123 1
1124 1
1125 1
1126 1
1127 0
1128 1
1129 0
1130 0
1131 1
1132 1
1133 1
1134 0
1135 0
1136 0
1137 1
1138 0
1139 0
1140 1
1141 0
1142 1
1143 1
1144 1
1145 1
1146 2
1147 0
1148 0
1149 0
1150 0
1151 0
1152 1
1153 0
1154 0
1155 1
1156 1
1157 1
1158 1
1159 1
1160 0
1161 0
1162 1
1163 1
1164 1
1165 1
1166 1
1167 0
1168 1
1169 1
1170 1
1171 0
1172 1
1173 0
1174 0
1175 0
1176 0
1177 1
1178 0
1179 1
1180 1
1181 1
1182 0
1183 0
1184 1
1185 1
1186 1
1187 0
1188 0
1189 1
1190 0
1191 0
1192 0
1193 1
1194 0
1195 0
1196 1
1197 0
1198 0
1199 1
1200 1
1201 1
1202 1
1203 1
1204 0
1205 1
1206 0
1207 1
1208 0
1209 0
1210 1
1211 0
1212 0
1213 1
1214 0
1215 1
1216 0
1217 0
1218 0
1219 1
1220 1
1221 1
1222 1
1223 1
1224 1
1225 0
1226 0
1227 0
1228 0
1229 0
1230 0
1231 1
1232 1
1233 1
1234 1
1235 0
1236 2
1237 1
1238 1
1239 1
1240 0
1241 0
1242 0
1243 0
1244 0
1245 1
1246 1
1247 1
1248 1
1249 0
1250 0
1251 1
1252 0
1253 0
1254 0
1255 1
1256 0
1257 1
1258 1
1259 1
1260 1
1261 1
1262 1
1263 1
1264 1
1265 1
1266 0
1267 1
1268 1
1269 1
1270 0
1271 0
1272 1
1273 1
1274 1
1275 1
1276 1
1277 1
1278 1
1279 0
1280 1
1281 0
1282 1
1283 1
1284 0
1285 0
1286 1
1287 0
1288 1
1289 1
1290 1
1291 0
1292 0
1293 1
1294 1
1295 1
1296 1
1297 1
1298 1
1299 0
1300 2
1301 0
1302 1
1303 1
1304 1
1305 0
1306 1
1307 1
1308 0
1309 0
1310 1
1311 1
1312 1
1313 1
1314 1
1315 0
1316 1
1317 1
1318 0
1319 1
1320 1
1321 1
1322 1
1323 0
1324 0
1325 1
1326 1
1327 0
1328 0
1329 1
1330 1
1331 0
1332 1
1333 1
1334 0
1335 0
1336 1
1337 0
1338 0
1339 1
1340 0
1341 0
1342 0
1343 1
1344 1
1345 0
1346 1
1347 1
1348 0
1349 1
1350 0
1351 1
1352 0
1353 1
1354 0
1355 0
1356 1
1357 0
1358 1
1359 2
1360 1
1361 1
1362 0
1363 0
1364 1
1365 0
1366 1
1367 1
1368 1
1369 0
1370 0
1371 1
1372 0
1373 0
1374 1
1375 1
1376 1
1377 1
1378 0
1379 1
1380 0
1381 0
1382 0
1383 1
1384 0
1385 1
1386 0
1387 1
1388 0
1389 0
1390 0
1391 1
1392 1
1393 0
1394 1
1395 1
1396 1
1397 0
1398 1
1399 1
1400 0
1401 0
1402 1
1403 1
1404 1
1405 0
1406 1
1407 0
1408 2
1409 0
1410 0
1411 1
1412 0
1413 0
1414 0
1415 1
1416 0
1417 0
1418 1
1419 1
1420 1
1421 1
1422 1
1423 1
1424 0
1425 0
1426 1
1427 1
1428 0
1429 0
1430 1
1431 1
1432 1
1433 1
1434 1
1435 0
1436 0
1437 1
1438 0
1439 1
1440 1
1441 1
1442 0
1443 1
1444 0
1445 0
1446 1
1447 0
1448 1
1449 1
1450 0
1451 0
1452 1
1453 1
1454 1
1455 0
1456 1
1457 0
1458 0
1459 0
1460 1
1461 0
1462 1
1463 1
1464 0
1465 0
1466 1
1467 1
1468 1
1469 0
1470 0
1471 0
1472 0
1473 1
1474 1
1475 0
1476 0
1477 1
1478 1
1479 0
1480 1
1481 0
1482 0
1483 0
1484 0
1485 1
1486 0
1487 1
1488 1
1489 1
1490 1
1491 2
1492 0
1493 0
1494 1
1495 2
1496 0
1497 1
1498 0
1499 0
1500 0
1501 0
1502 1
1503 0
1504 0
1505 0
1506 0
1507 0
1508 0
1509 0
1510 0
1511 0
1512 0
1513 0
1514 0
1515 0
1516 0
1517 1
1518 1
1519 1
1520 1
1521 0
1522 1
1523 1
1524 1
1525 0
1526 1
1527 0
1528 1
1529 2
1530 0
1531 0
1532 0
1533 1
1534 1
1535 0
1536 0
1537 0
1538 1
1539 1
1540 1
1541 1
1542 1
1543 1
1544 0
1545 2
1546 1
1547 1
1548 1
1549 0
1550 1
1551 0
1552 1
1553 1
1554 1
1555 1
1556 0
1557 1
1558 0
1559 2
1560 1
1561 2
1562 1
1563 0
1564 1
1565 0
1566 1
1567 0
1568 0
1569 0
1570 1
1571 1
1572 2
1573 1
1574 0
1575 1
1576 1
1577 0
1578 0
1579 0
1580 1
1581 1
1582 0
1583 1
1584 0
1585 0
1586 0
1587 0
1588 1
1589 1
1590 1
1591 1
1592 0
1593 1
1594 1
1595 0
1596 1
1597 1
1598 1
1599 1
1600 1
1601 0
1602 0
1603 0
1604 1
1605 1
1606 0
1607 1
1608 0
1609 0
1610 0
1611 0
1612 0
1613 0
1614 0
1615 0
1616 0
1617 0
1618 0
1619 0
1620 0
1621 0
1622 1
1623 0
1624 0
1625 1
1626 0
1627 0
1628 0
1629 0
1630 0
1631 0
1632 0
1633 0
1634 1
1635 0
1636 0
1637 0
1638 0
1639 0
1640 0
1641 1
1642 0
1643 0
1644 0
1645 0
1646 0
1647 1
1648 1
1649 0
1650 1
1651 1
1652 1
1653 0
1654 0
1655 0
1656 0
1657 0
1658 0
1659 0
1660 0
1661 0
1662 0
1663 0
1664 0
1665 0
1666 0
1667 0
1668 0
1669 0
1670 0
1671 0
1672 0
1673 0
1674 2
1675 1
1676 0
1677 0
1678 1
1679 0
1680 1
1681 1
1682 0
1683 0
1684 0
1685 1
1686 1
1687 1
1688 0
1689 2
1690 0
1691 1
1692 0
1693 1
1694 0
1695 0
1696 1
1697 0
1698 0
1699 0
1700 1
1701 1
1702 1
1703 1
1704 0
1705 0
1706 1
1707 0
1708 1
1709 1
1710 2
1711 1
1712 0
1713 1
1714 0
1715 0
1716 1
1717 0
1718 1
1719 2
1720 0
1721 1
1722 0
1723 1
1724 1
1725 1
1726 0
1727 1
1728 0
1729 1
1730 1
1731 0
1732 1
1733 0
1734 1
1735 1
1736 0
1737 0
1738 0
1739 0
1740 1
1741 1
1742 1
1743 1
1744 1
1745 0
1746 1
1747 0
1748 0
1749 0
1750 1
1751 0
1752 0
1753 0
1754 0
1755 0
1756 0
1757 1
1758 1
1759 0
1760 0
1761 0
1762 0
1763 0
1764 0
1765 0
1766 0
1767 0
1768 0
1769 0
1770 0
1771 0
1772 0
1773 0
1774 0
1775 0
1776 0
1777 0
1778 0
1779 0
1780 0
1781 0
1782 0
1783 0
1784 0
1785 0
1786 0
1787 0
1788 0
1789 1
1790 0
1791 1
1792 1
1793 0
1794 1
1795 1
1796 0
1797 1
1798 1
1799 0
1800 1
1801 1
1802 1
1803 2
1804 0
1805 1
1806 0
1807 0
1808 0
1809 0
1810 1
1811 0
1812 1
1813 1
1814 1
1815 0
1816 0
1817 0
1818 0
1819 0
1820 0
1821 1
1822 1
1823 0
1824 0
1825 1
1826 1
1827 0
1828 1
1829 1
1830 1
1831 0
1832 1
1833 0
1834 0
1835 0
1836 0
1837 0
1838 1
1839 0
1840 1
1841 1
1842 0
1843 1
1844 0
1845 0
1846 1
1847 1
1848 1
1849 0
1850 0
1851 0
1852 0
1853 1
1854 1
1855 0
1856 1
1857 1
1858 1
1859 0
1860 0
1861 1
1862 1
1863 1
1864 1
1865 1
1866 0
1867 2
1868 0
1869 1
1870 1
1871 1
1872 0
1873 0
1874 1
1875 0
1876 1
1877 1
1878 1
1879 1
1880 0
1881 0
1882 0
1883 1
1884 1
1885 1
1886 0
1887 1
1888 1
1889 0
1890 0
1891 1
1892 0
1893 1
1894 0
1895 0
1896 0
1897 1
1898 0
1899 1
1900 1
1901 1
1902 1
1903 0
1904 0
1905 0
1906 1
1907 0
1908 0
1909 1
1910 1
1911 1
1912 1
1913 0
1914 1
1915 0
1916 0
1917 0
1918 1
1919 0
1920 0
1921 0
1922 1
1923 0
1924 0
1925 1
1926 0
1927 0
1928 0
1929 0
1930 0
1931 0
1932 0
1933 0
1934 0
1935 1
1936 1
1937 0
1938 0
1939 0
1940 1
1941 0
1942 1
1943 0
1944 0
1945 0
1946 0
1947 1
1948 0
1949 0
1950 1
1951 1
1952 1
1953 0
1954 1
1955 0
1956 0
1957 1
1958 1
1959 1
1960 1
1961 0
1962 0
1963 2
1964 0
1965 0
1966 1
1967 1
1968 0
1969 0
1970 0
1971 0
1972 0
1973 0
1974 1
1975 1
1976 0
1977 0
1978 1
1979 2
1980 0
1981 0
1982 0
1983 0
1984 1
1985 1
1986 0
1987 1
1988 0
1989 1
1990 1
1991 2
1992 1
1993 0
1994 1
1995 1
1996 0
1997 1
1998 1
1999 0
2000 0
2001 1
2002 0
2003 1
2004 1
2005 1
2006 0
2007 1
2008 1
2009 1
2010 0
2011 1
2012 0
2013 0
2014 0
2015 1
2016 0
2017 0
2018 0
2019 0
2020 0
2021 0
2022 0
2023 0
2024 0
2025 1
2026 0
2027 0
2028 0
2029 1
2030 1
2031 1
2032 1
2033 1
2034 0
2035 0
2036 0
2037 0
2038 1
2039 1
2040 0
2041 1
2042 0
2043 2
2044 0
2045 1
2046 1
2047 0
2048 1
2049 1
2050 1
2051 1
2052 1
2053 1
2054 0
2055 1
2056 1
2057 1
2058 1
2059 0
2060 1
2061 1
2062 0
2063 0
2064 1
2065 1
2066 1
2067 0
2068 0
2069 0
2070 1
2071 1
2072 1
2073 0
2074 0
2075 0
2076 0
2077 0
2078 0
2079 0
2080 0
2081 0
2082 0
2083 0
2084 0
2085 0
2086 0
2087 0
2088 0
2089 0
2090 0
2091 0
2092 0
2093 0
2094 0
2095 0
2096 0
2097 0
2098 0
2099 0
2100 0
2101 0
2102 0
2103 0
2104 0
2105 0
2106 0
2107 0
2108 0
2109 0
2110 0
2111 0
2112 0
2113 0
2114 0
2115 0
2116 0
2117 0
2118 0
2119 0
2120 0
2121 0
2122 0
2123 0
2124 0
2125 0
2126 0
2127 1
2128 0
2129 0
2130 0
2131 0
2132 0
2133 0
2134 0
2135 0
2136 0
2137 0
2138 0
2139 0
2140 0
2141 0
2142 0
2143 1
2144 0
2145 0
2146 0
2147 0
2148 0
2149 0
2150 0
2151 0
2152 0
2153 0
2154 0
2155 0
2156 0
2157 0
2158 0
2159 0
2160 0
2161 0
2162 0
2163 0
2164 0
2165 0
2166 0
2167 0
2168 0
2169 0
2170 0
2171 0
2172 0
2173 0
2174 0
2175 0
2176 0
2177 0
2178 0
2179 0
2180 0
2181 0
2182 0
2183 0
2184 0
2185 0
2186 0
2187 0
2188 0
2189 1
2190 1
2191 0
2192 0
2193 0
2194 0
2195 0
2196 1
2197 1
2198 1
2199 1
2200 1
2201 0
2202 0
2203 0
2204 0
2205 0
2206 0
2207 1
2208 0
2209 0
2210 0
2211 1
2212 0
2213 0
2214 1
2215 0
2216 0
2217 0
2218 0
2219 0
2220 0
2221 0
2222 0
2223 1
2224 0
2225 0
2226 0
2227 0
2228 0
2229 0
2230 0
2231 0
2232 0
2233 0
2234 0
2235 0
2236 0
2237 0
2238 0
2239 0
2240 0
2241 0
2242 0
2243 0
2244 0
2245 0
2246 0
2247 0
2248 0
2249 0
2250 0
2251 1
2252 0
2253 0
2254 0
2255 0
2256 0
2257 0
2258 0
2259 0
2260 0
2261 1
2262 1
2263 1
2264 0
2265 1
2266 0
2267 0
2268 1
2269 0
2270 1
2271 0
2272 1
2273 1
2274 0
2275 0
2276 0
2277 1
2278 1
2279 1
2280 1
2281 0
2282 2
2283 0
2284 0
2285 1
2286 1
2287 1
2288 0
2289 0
2290 0
2291 0
2292 0
2293 0
2294 1
2295 1
2296 0
2297 1
2298 1
2299 0
2300 0
2301 1
2302 0
2303 1
2304 0
2305 1
2306 0
2307 0
2308 1
2309 0
2310 1
2311 1
2312 1
2313 0
2314 0
2315 1
2316 1
2317 0
2318 1
2319 1
2320 2
2321 0
2322 1
2323 1
2324 0
2325 0
2326 1
2327 1
2328 1
2329 1
2330 1
2331 0
2332 0
2333 0
2334 1
2335 0
2336 0
2337 0
2338 1
2339 1
2340 1
2341 1
2342 1
2343 1
2344 1
2345 1
2346 1
2347 1
2348 1
2349 0
2350 1
2351 1
2352 0
2353 1
2354 1
2355 1
2356 0
2357 1
2358 1
2359 1
2360 0
2361 1
2362 1
2363 0
2364 1
2365 1
2366 0
2367 0
2368 0
2369 0
2370 0
2371 1
2372 0
2373 1
2374 1
2375 0
2376 1
2377 1
2378 0
2379 0
2380 1
2381 1
2382 0
2383 1
2384 1
2385 0
2386 0
2387 0
2388 0
2389 1
2390 0
2391 1
2392 0
2393 1
2394 0
2395 0
2396 1
2397 1
2398 0
2399 1
2400 0
2401 1
2402 1
2403 0
2404 2
2405 1
2406 1
2407 1
2408 0
2409 0
2410 1
2411 0
2412 0
2413 0
2414 0
2415 0
2416 2
2417 1
2418 0
2419 0
2420 0
2421 1
2422 1
2423 1
2424 1
2425 0
2426 0
2427 1
2428 1
2429 0
2430 1
2431 1
2432 1
2433 1
2434 0
2435 0
2436 1
2437 1
2438 1
2439 1
2440 0
2441 1
2442 1
2443 1
2444 1
2445 1
2446 1
2447 1
2448 1
2449 0
2450 1
2451 1
2452 1
2453 0
2454 1
2455 1
2456 0
2457 0
2458 1
2459 1
2460 1
2461 1
2462 1
2463 0
2464 1
2465 1
2466 1
2467 1
2468 1
2469 0
2470 1
2471 0
2472 0
2473 1
2474 0
2475 0
2476 1
2477 0
2478 0
2479 0
2480 0
2481 0
2482 0
2483 1
2484 0
2485 1
2486 0
2487 1
2488 2
2489 0
2490 0
2491 0
2492 0
2493 0
2494 0
2495 0
2496 0
2497 0
2498 0
2499 0
2500 0
2501 0
2502 0
2503 0
2504 1
2505 1
2506 2
2507 1
2508 1
2509 0
2510 0
2511 0
2512 0
2513 0
2514 0
2515 0
2516 0
2517 0
2518 0
2519 0
2520 0
2521 0
2522 0
2523 0
2524 0
2525 0
2526 0
2527 0
2528 0
2529 0
2530 0
2531 0
2532 0
2533 0
2534 0
2535 1
2536 0
2537 1
2538 0
2539 1
2540 1
2541 0
2542 1
2543 1
2544 0
2545 1
2546 1
2547 1
2548 1
2549 1
2550 1
2551 1
2552 1
2553 0
2554 1
2555 1
2556 1
2557 1
2558 0
2559 1
2560 1
2561 1
2562 0
2563 0
2564 0
2565 0
2566 0
2567 0
2568 0
2569 0
2570 1
2571 1
2572 0
2573 1
2574 1
2575 0
2576 1
2577 0
2578 0
2579 0
2580 0
2581 0
2582 1
2583 1
2584 1
2585 1
2586 1
2587 0
2588 1
2589 0
2590 1
2591 0
2592 0
2593 1
2594 0
2595 1
2596 1
2597 1
2598 1
2599 0
2600 0
2601 0
2602 0
2603 0
2604 0
2605 0
2606 0
2607 0
2608 0
2609 0
2610 0
2611 0
2612 0
2613 0
2614 0
2615 0
2616 0
2617 1
2618 1
2619 1
2620 1
2621 1
2622 1
2623 1
2624 1
2625 1
2626 0
2627 1
2628 1
2629 0
2630 1
2631 1
2632 1
2633 1
2634 1
2635 1
2636 1
2637 1
2638 1
2639 0
2640 0
2641 0
2642 0
2643 0
2644 0
2645 0
2646 0
2647 0
2648 1
2649 0
2650 0
2651 1
2652 1
2653 1
2654 1
2655 0
2656 0
2657 1
2658 1
2659 0
2660 1
2661 0
2662 1
2663 1
2664 1
2665 0
2666 1
2667 0
2668 1
2669 1
2670 1
2671 0
2672 1
2673 1
2674 1
2675 1
2676 1
2677 0
2678 0
2679 1
2680 0
2681 1
2682 1
2683 0
2684 1
2685 0
2686 1
2687 1
2688 1
2689 1
2690 1
2691 0
2692 1
2693 0
2694 0
2695 0
2696 0
2697 0
2698 0
2699 0
2700 0
2701 0
2702 0
2703 0
2704 1
2705 0
2706 1
2707 1
2708 1
2709 1
2710 2
2711 0
2712 1
2713 1
2714 1
2715 1
2716 1
2717 1
2718 1
2719 1
2720 1
2721 2
2722 1
2723 1
2724 0
2725 1
2726 1
2727 1
2728 1
2729 0
2730 1
2731 1
2732 1
2733 0
2734 1
2735 0
2736 1
2737 0
2738 0
2739 1
2740 1
2741 1
2742 1
2743 1
2744 1
2745 1
2746 1
2747 1
2748 0
2749 1
2750 1
2751 0
2752 1
2753 0
2754 0
2755 1
2756 0
2757 1
2758 1
2759 0
2760 0
2761 0
2762 0
2763 1
2764 1
2765 0
2766 0
2767 1
2768 0
2769 0
2770 0
2771 0
2772 0
2773 0
2774 0
2775 1
2776 1
2777 0
2778 1
2779 1
2780 1
2781 1
2782 0
2783 1
2784 1
2785 0
2786 0
2787 1
2788 1
2789 1
2790 0
2791 0
2792 1
2793 1
2794 0
2795 1
2796 1
2797 1
2798 1
2799 1
2800 2
2801 0
2802 1
2803 0
2804 1
2805 0
2806 0
2807 0
2808 1
2809 1
2810 1
2811 1
2812 1
2813 1
2814 1
2815 1
2816 1
2817 1
2818 0
2819 1
2820 0
2821 0
2822 0
2823 0
2824 0
2825 0
2826 0
2827 0
2828 0
2829 0
2830 0
2831 1
2832 0
2833 1
2834 1
2835 0
2836 0
2837 1
2838 1
2839 1
2840 1
2841 1
2842 1
2843 1
2844 1
2845 0
2846 1
2847 1
2848 0
2849 0
2850 1
2851 1
2852 1
2853 1
2854 1
2855 0
2856 1
2857 0
2858 1
2859 0
2860 0
2861 0
2862 1
2863 0
2864 1
2865 0
2866 0
2867 0
2868 1
2869 0
2870 1
2871 1
2872 1
2873 0
2874 1
2875 0
2876 1
2877 1
2878 1
2879 0
2880 1
2881 1
2882 0
2883 1
2884 1
2885 1
2886 0
2887 0
2888 0
2889 1
2890 1
2891 0
2892 1
2893 1
2894 0
2895 1
2896 0
2897 1
2898 0
2899 0
2900 0
2901 1
2902 0
2903 1
2904 0
2905 1
2906 1
2907 1
2908 0
2909 1
2910 1
2911 1
2912 0
2913 1
2914 0
2915 1
2916 1
2917 0
2918 1
2919 0
2920 0
2921 0
2922 1
2923 1
2924 0
2925 1
2926 1
2927 1
2928 1
2929 1
2930 1
2931 1
2932 0
2933 1
2934 1
2935 0
2936 1
2937 0
2938 1
2939 1
2940 2
2941 0
2942 1
2943 1
2944 1
2945 1
2946 0
2947 1
2948 1
2949 0
2950 0
2951 1
2952 1
2953 1
2954 1
2955 1
2956 1
2957 0
2958 0
2959 1
2960 2
2961 0
2962 0
2963 0
2964 0
2965 0
2966 0
2967 1
2968 1
2969 1
2970 0
2971 1
2972 0
2973 0
2974 0
2975 1
2976 1
2977 0
2978 0
2979 1
2980 0
2981 0
2982 0
2983 1
2984 2
2985 1
2986 0
2987 1
2988 0
2989 1
2990 1
2991 0
2992 0
2993 0
2994 1
2995 0
2996 1
2997 1
2998 1
2999 0
3000 1
3001 1
3002 0
3003 0
3004 1
3005 0
3006 0
3007 1
3008 1
3009 0
3010 1
3011 1
3012 1
3013 1
3014 0
3015 1
3016 1
3017 1
3018 0
3019 1
3020 0
3021 0
3022 1
3023 0
3024 0
3025 0
3026 1
3027 1
3028 1
3029 1
3030 1
3031 1
3032 1
3033 1
3034 0
3035 1
3036 1
3037 0
3038 1
3039 1
3040 0
3041 1
3042 1
3043 1
3044 1
3045 1
3046 1
3047 1
3048 1
3049 1
3050 1
3051 1
3052 0
3053 1
3054 0
3055 0
3056 0
3057 0
3058 1
3059 1
3060 0
3061 1
3062 1
3063 1
3064 0
3065 1
3066 1
3067 1
3068 0
3069 0
3070 0
3071 0
3072 0
3073 1
3074 0
3075 1
3076 1
3077 1
3078 0
3079 2
3080 2
3081 0
3082 1
3083 0
3084 0
3085 0
3086 0
3087 2
3088 0
3089 0
3090 0
3091 0
3092 0
3093 0
3094 0
3095 0
3096 0
3097 0
3098 0
3099 0
3100 0
3101 1
3102 0
3103 0
3104 0
3105 0
3106 0
3107 0
3108 0
3109 0
3110 0
3111 0
3112 0
3113 1
3114 0
3115 1
3116 1
3117 0
3118 1
3119 1
3120 1
3121 0
3122 0
3123 0
3124 0
3125 0
3126 0
3127 1
3128 1
3129 1
3130 0
3131 1
3132 0
3133 0
3134 0
3135 0
3136 0
3137 0
3138 0
3139 0
3140 0
3141 0
3142 0
3143 0
3144 0
3145 0
3146 0
3147 0
3148 0
3149 0
3150 0
3151 0
3152 0
3153 0
3154 0
3155 0
3156 0
3157 0
3158 0
3159 0
3160 0
3161 0
3162 0
3163 1
3164 0
3165 0
3166 0
3167 0
3168 0
3169 0
3170 0
3171 0
3172 1
3173 1
3174 1
3175 1
3176 1
3177 1
3178 0
3179 1
3180 0
3181 1
3182 0
3183 1
3184 0
3185 1
3186 1
3187 0
3188 1
3189 0
3190 1
3191 1
3192 0
3193 0
3194 0
3195 0
3196 1
3197 1
3198 1
3199 1
3200 0
3201 1
3202 0
3203 1
3204 0
3205 0
3206 1
3207 1
3208 0
3209 1
3210 1
3211 2
3212 0
3213 0
3214 0
3215 0
3216 1
3217 0
3218 0
3219 1
3220 0
3221 1
3222 0
3223 1
3224 1
3225 1
3226 0
3227 0
3228 0
3229 1
3230 0
3231 0
3232 1
3233 1
3234 0
3235 0
3236 1
3237 1
3238 1
3239 0
3240 1
3241 0
3242 0
3243 0
3244 0
3245 1
3246 0
3247 1
3248 0
3249 1
3250 0
3251 0
3252 1
3253 0
3254 1
3255 1
3256 0
3257 1
3258 0
3259 0
3260 1
3261 0
3262 1
3263 1
3264 0
3265 1
3266 1
3267 0
3268 1
3269 0
3270 1
3271 1
3272 1
3273 0
3274 0
3275 0
3276 1
3277 1
3278 0
3279 1
3280 1
3281 1
3282 0
3283 0
3284 1
3285 0
3286 1
3287 1
3288 1
3289 0
3290 0
3291 0
3292 0
3293 1
3294 1
3295 0
3296 0
3297 1
3298 1
3299 0
3300 0
3301 1
3302 1
3303 1
3304 1
3305 2
3306 1
3307 0
3308 1
3309 0
3310 1
3311 1
3312 1
3313 1
3314 1
3315 1
3316 1
3317 1
3318 0
3319 1
3320 1
3321 1
3322 1
3323 0
3324 0
3325 0
3326 0
3327 0
3328 1
3329 1
3330 1
3331 1
3332 1
3333 1
3334 0
3335 1
3336 2
3337 1
3338 1
3339 0
3340 1
3341 0
3342 1
3343 1
3344 0
3345 0
3346 0
3347 1
3348 0
3349 0
3350 1
3351 0
3352 1
3353 0
3354 1
3355 1
3356 1
3357 0
3358 0
3359 0
3360 0
3361 0
3362 0
3363 1
3364 0
3365 0
3366 0
3367 0
3368 1
3369 0
3370 2
3371 1
3372 1
3373 0
3374 0
3375 0
3376 0
3377 2
3378 0
3379 1
3380 0
3381 0
3382 1
3383 1
3384 0
3385 0
3386 0
3387 0
3388 1
3389 0
3390 1
3391 0
3392 0
3393 0
3394 0
3395 0
3396 0
3397 0
3398 1
3399 1
3400 1
3401 0
3402 0
3403 0
3404 2
3405 0
3406 0
3407 1
3408 1
3409 1
3410 0
3411 1
3412 0
3413 1
3414 0
3415 1
3416 1
3417 1
3418 0
3419 0
3420 1
3421 1
3422 1
3423 0
3424 0
3425 0
3426 0
3427 0
3428 2
3429 0
3430 2
3431 0
3432 0
3433 1
3434 0
3435 1
3436 1
3437 0
3438 1
3439 1
3440 0
3441 1
3442 1
3443 0
3444 0
3445 0
3446 0
3447 0
3448 0
3449 0
3450 1
3451 0
3452 1
3453 0
3454 1
3455 1
3456 1
3457 1
3458 0
3459 0
3460 0
3461 0
3462 0
3463 0
3464 0
3465 0
3466 1
3467 0
3468 1
3469 0
3470 0
3471 0
3472 0
3473 1
3474 0
3475 1
3476 1
3477 0
3478 0
3479 1
3480 0
3481 1
3482 1
3483 1
3484 1
3485 1
3486 0
3487 0
3488 0
3489 1
3490 1
3491 0
3492 0
3493 1
3494 1
3495 0
3496 1
3497 1
3498 0
3499 1
3500 0
3501 0
3502 1
3503 0
3504 1
3505 0
3506 1
3507 1
3508 0
3509 1
3510 1
3511 1
3512 1
3513 2
3514 0
3515 0
3516 1
3517 1
3518 1
3519 1
3520 1
3521 1
3522 0
3523 0
3524 0
3525 1
3526 1
3527 2
3528 1
3529 0
3530 0
3531 0
3532 0
3533 0
3534 1
3535 0
3536 0
3537 0
3538 1
3539 0
3540 1
3541 1
3542 1
3543 1
3544 0
3545 1
3546 0
3547 0
3548 1
3549 1
3550 1
3551 0
3552 1
3553 1
3554 0
3555 1
3556 2
3557 1
3558 1
3559 0
3560 0
3561 0
3562 1
3563 0
3564 0
3565 1
3566 1
3567 0
3568 1
3569 1
3570 1
3571 1
3572 1
3573 0
3574 0
3575 1
3576 1
3577 0
3578 1
3579 1
3580 1
3581 0
3582 1
3583 0
3584 1
3585 0
3586 0
3587 1
3588 0
3589 1
3590 1
3591 1
3592 1
3593 0
3594 0
3595 1
3596 1
3597 0
3598 0
3599 1
3600 0
3601 1
3602 0
3603 0
3604 1
3605 1
3606 1
3607 1
3608 0
3609 0
3610 1
3611 0
3612 0
3613 1
3614 1
3615 0
3616 1
3617 0
3618 0
3619 1
3620 1
3621 0
3622 1
3623 1
3624 1
3625 0
3626 1
3627 1
3628 0
3629 1
3630 0
3631 0
3632 0
3633 1
3634 1
3635 1
3636 0
3637 0
3638 0
3639 0
3640 0
3641 0
3642 1
3643 0
3644 0
3645 0
3646 0
3647 1
3648 1
3649 1
3650 0
3651 1
3652 1
3653 1
3654 0
3655 0
3656 1
3657 1
3658 0
3659 0
3660 1
3661 0
3662 0
3663 0
3664 0
3665 0
3666 0
3667 0
3668 0
3669 0
3670 1
3671 0
3672 0
3673 1
3674 1
3675 2
3676 1
3677 1
3678 1
3679 0
3680 1
3681 1
3682 1
3683 0
3684 1
3685 0
3686 1
3687 0
3688 1
3689 0
3690 0
3691 0
3692 1
3693 1
3694 0
3695 0
3696 0
3697 1
3698 1
3699 1
3700 1
3701 0
3702 0
3703 1
3704 1
3705 0
3706 1
3707 0
3708 1
3709 1
3710 1
3711 2
3712 1
3713 1
3714 0
3715 1
3716 1
3717 1
3718 1
3719 1
3720 1
3721 1
3722 1
3723 0
3724 0
3725 1
3726 0
3727 1
3728 1
3729 1
3730 1
3731 0
3732 1
3733 1
3734 0
3735 1
3736 0
3737 0
3738 0
3739 1
3740 0
3741 1
3742 0
3743 1
3744 1
3745 2
3746 1
3747 0
3748 1
3749 1
3750 0
3751 1
3752 1
3753 1
3754 1
3755 0
3756 1
3757 1
3758 1
3759 0
3760 1
3761 0
3762 0
3763 2
3764 1
3765 1
3766 0
3767 0
3768 1
3769 2
3770 1
3771 1
3772 1
3773 0
3774 0
3775 0
3776 1
3777 1
3778 1
3779 0
3780 1
3781 1
3782 0
3783 0
3784 1
3785 1
3786 1
3787 1
3788 0
3789 0
3790 1
3791 0
3792 0
3793 1
3794 1
3795 1
3796 1
3797 1
3798 0
3799 2
3800 1
3801 0
3802 1
3803 0
3804 0
3805 1
3806 0
3807 1
3808 1
3809 1
3810 1
3811 1
3812 1
3813 1
3814 0
3815 1
3816 1
3817 0
3818 1
3819 1
3820 0
3821 1
3822 1
3823 1
3824 1
3825 0
3826 1
3827 1
3828 0
3829 1
3830 0
3831 1
3832 1
3833 1
3834 1
3835 1
3836 1
3837 1
3838 0
3839 0
3840 1
3841 0
3842 0
3843 0
3844 0
3845 1
3846 0
3847 0
3848 0
3849 1
3850 1
3851 0
3852 1
3853 0
3854 0
3855 1
3856 1
3857 0
3858 0
3859 0
3860 0
3861 0
3862 0
3863 0
3864 0
3865 0
3866 0
3867 0
3868 0
3869 0
3870 0
3871 0
3872 0
3873 0
3874 0
3875 0
3876 0
3877 0
3878 0
3879 0
3880 0
3881 0
3882 0
3883 0
3884 0
3885 0
3886 0
3887 1
3888 1
3889 1
3890 1
3891 0
3892 0
3893 0
3894 0
3895 0
3896 0
3897 0
3898 0
3899 0
3900 0
3901 0
3902 0
3903 0
3904 0
3905 0
3906 0
3907 0
3908 0
3909 0
3910 0
3911 0
3912 0
3913 0
3914 0
3915 0
3916 0
3917 0
3918 0
3919 0
3920 0
3921 0
3922 0
3923 0
3924 0
3925 1
3926 0
3927 1
3928 1
3929 1
3930 0
3931 1
3932 0
3933 0
3934 0
3935 0
3936 1
3937 1
3938 0
3939 1
3940 0
3941 1
3942 0
3943 1
3944 1
3945 1
3946 1
3947 1
3948 1
3949 1
3950 1
3951 0
3952 1
3953 0
3954 0
3955 1
3956 0
3957 1
3958 1
3959 1
3960 0
3961 1
3962 0
3963 0
3964 1
3965 2
3966 0
3967 0
3968 0
3969 0
3970 1
3971 1
3972 1
3973 1
3974 1
3975 0
3976 0
3977 1
3978 0
3979 1
3980 0
3981 1
3982 1
3983 1
3984 1
3985 0
3986 0
3987 0
3988 1
3989 1
3990 0
3991 1
3992 1
3993 1
3994 1
3995 1
3996 1
3997 1
3998 1
3999 1
4000 0
4001 1
4002 2
4003 0
4004 0
4005 1
4006 1
4007 1
4008 1
4009 1
4010 1
4011 0
4012 0
4013 1
4014 0
4015 0
4016 1
4017 1
4018 1
4019 2
4020 1
4021 0
4022 1
4023 0
4024 1
4025 1
4026 0
4027 1
4028 0
4029 1
4030 0
4031 0
4032 0
4033 0
4034 1
4035 0
4036 0
4037 0
4038 1
4039 0
4040 1
4041 1
4042 1
4043 1
4044 0
4045 0
4046 0
4047 2
4048 0
4049 1
4050 1
4051 0
4052 0
4053 0
4054 1
4055 1
4056 0
4057 0
4058 0
4059 1
4060 0
4061 0
4062 1
4063 1
4064 1
4065 1
4066 0
4067 1
4068 0
4069 0
4070 1
4071 0
4072 1
4073 0
4074 1
4075 1
4076 0
4077 0
4078 0
4079 0
4080 1
4081 1
4082 1
4083 0
4084 1
4085 0
4086 0
4087 0
4088 1
4089 1
4090 1
4091 1
4092 2
4093 0
4094 0
4095 1
4096 2
4097 1
4098 0
4099 0
4100 1
4101 0
4102 1
4103 1
4104 0
4105 0
4106 1
4107 2
4108 0
4109 1
4110 0
4111 1
4112 1
4113 0
4114 0
4115 0
4116 1
4117 1
4118 1
4119 0
4120 1
4121 0
4122 0
4123 0
4124 0
4125 0
4126 1
4127 1
4128 1
4129 1
4130 1
4131 0
4132 1
4133 1
4134 2
4135 1
4136 0
4137 1
4138 0
4139 1
4140 0
4141 0
4142 1
4143 0
4144 0
4145 0
4146 1
4147 1
4148 1
4149 0
4150 1
4151 0
4152 1
4153 1
4154 0
4155 0
4156 0
4157 0
4158 0
4159 0
4160 0
4161 0
4162 1
4163 1
4164 1
4165 1
4166 0
4167 0
4168 1
4169 1
4170 0
4171 0
4172 1
4173 1
4174 0
4175 0
4176 0
4177 0
4178 0
4179 0
4180 1
4181 1
4182 1
4183 1
4184 1
4185 0
4186 1
4187 1
4188 1
4189 0
4190 1
4191 1
4192 1
4193 1
4194 0
4195 1
4196 0
4197 1
4198 0
4199 0
4200 0
4201 1
4202 1
4203 0
4204 1
4205 1
4206 0
4207 1
4208 1
4209 0
4210 0
4211 1
4212 0
4213 1
4214 1
4215 0
4216 1
4217 0
4218 0
4219 1
4220 0
4221 1
4222 1
4223 0
4224 0
4225 1
4226 0
4227 1
4228 0
4229 1
4230 1
4231 1
4232 0
4233 1
4234 1
4235 0
4236 0
4237 1
4238 1
4239 0
4240 1
4241 1
4242 1
4243 1
4244 1
4245 0
4246 0
4247 1
4248 0
4249 1
4250 0
4251 1
4252 1
4253 1
4254 1
4255 0
4256 1
4257 1
4258 1
4259 1
4260 0
4261 1
4262 0
4263 2
4264 1
4265 0
4266 1
4267 1
4268 1
4269 1
4270 1
4271 0
4272 0
4273 1
4274 2
4275 1
4276 1
4277 0
4278 1
4279 1
4280 1
4281 1
4282 1
4283 1
4284 1
4285 1
4286 0
4287 0
4288 1
4289 0
4290 0
4291 1
4292 1
4293 0
4294 1
4295 0
4296 0
4297 0
4298 0
4299 1
4300 0
4301 1
4302 1
4303 2
4304 1
4305 1
4306 0
4307 0
4308 1
4309 2
4310 2
4311 1
4312 1
4313 1
4314 1
4315 1
4316 1
4317 1
4318 1
4319 0
4320 1
4321 1
4322 1
4323 1
4324 1
4325 1
4326 1
4327 1
4328 1
4329 0
4330 0
4331 0
4332 0
4333 0
4334 0
4335 0
4336 0
4337 1
4338 0
4339 1
4340 0
4341 0
4342 0
4343 1
4344 1
4345 1
4346 1
4347 1
4348 0
4349 1
4350 0
4351 2
4352 1
4353 1
4354 1
4355 1
4356 0
4357 1
4358 0
4359 1
4360 1
4361 1
4362 1
4363 0
4364 0
4365 1
4366 0
4367 0
4368 1
4369 0
4370 1
4371 1
4372 1
4373 1
4374 0
4375 0
4376 1
4377 0
4378 1
4379 1
4380 1
4381 1
4382 0
4383 1
4384 0
4385 1
4386 2
4387 0
4388 0
4389 1
4390 0
4391 1
4392 2
4393 1
4394 1
4395 0
4396 0
4397 0
4398 1
4399 1
4400 1
4401 1
4402 1
4403 0
4404 1
4405 1
4406 1
4407 1
4408 0
4409 2
4410 0
4411 2
4412 1
4413 1
4414 0
4415 0
4416 0
4417 0
4418 0
4419 1
4420 0
4421 0
4422 0
4423 1
4424 1
4425 0
4426 0
4427 1
4428 1
4429 0
4430 0
4431 0
4432 0
4433 0
4434 0
4435 1
4436 1
4437 1
4438 0
4439 0
4440 1
4441 0
4442 1
4443 1
4444 1
4445 1
4446 0
4447 1
4448 0
4449 1
4450 1
4451 1
4452 0
4453 0
4454 1
4455 0
4456 1
4457 1
4458 1
4459 0
4460 1
4461 0
4462 0
4463 1
4464 1
4465 0
4466 0
4467 1
4468 1
4469 0
4470 1
4471 1
4472 1
4473 1
4474 2
4475 0
4476 0
4477 1
4478 0
4479 1
4480 1
4481 1
4482 0
4483 1
4484 1
4485 1
4486 1
4487 0
4488 0
4489 0
4490 0
4491 0
4492 0
4493 0
4494 0
4495 2
4496 1
4497 0
4498 0
4499 1
4500 1
4501 1
4502 1
4503 0
4504 0
4505 0
4506 0
4507 1
4508 0
4509 1
4510 1
4511 1
4512 1
4513 0
4514 0
4515 0
4516 1
4517 1
4518 1
4519 0
4520 0
4521 0
4522 1
4523 1
4524 0
4525 1
4526 0
4527 1
4528 0
4529 0
4530 0
4531 1
4532 0
4533 1
4534 0
4535 0
4536 0
4537 0
4538 0
4539 0
4540 1
4541 2
4542 0
4543 1
4544 0
4545 0
4546 0
4547 1
4548 1
4549 0
4550 1
4551 1
4552 1
4553 1
4554 0
4555 1
4556 0
4557 0
4558 1
4559 0
4560 1
4561 1
4562 0
4563 0
4564 1
4565 0
4566 0
4567 1
4568 0
4569 0
4570 1
4571 1
4572 0
4573 0
4574 0
4575 1
4576 0
4577 0
4578 1
4579 0
4580 1
4581 0
4582 1
4583 1
4584 0
4585 0
4586 0
4587 1
4588 0
4589 1
4590 1
4591 0
4592 1
4593 0
4594 0
4595 1
4596 1
4597 1
4598 0
4599 1
4600 1
4601 1
4602 1
4603 0
4604 1
4605 0
4606 1
4607 0
4608 1
4609 0
4610 1
4611 1
4612 1
4613 1
4614 1
4615 0
4616 1
4617 1
4618 0
4619 1
4620 0
4621 1
4622 1
4623 1
4624 1
4625 1
4626 1
4627 1
4628 1
4629 0
4630 1
4631 1
4632 0
4633 2
4634 0
4635 0
4636 1
4637 0
4638 0
4639 1
4640 0
4641 0
4642 1
4643 1
4644 1
4645 0
4646 0
4647 0
4648 0
4649 1
4650 0
4651 1
4652 1
4653 0
4654 0
4655 0
4656 1
4657 1
4658 0
4659 1
4660 0
4661 0
4662 1
4663 0
4664 1
4665 1
4666 0
4667 2
4668 1
4669 1
4670 0
4671 1
4672 1
4673 1
4674 1
4675 1
4676 0
4677 1
4678 0
4679 1
4680 1
4681 1
4682 1
4683 1
4684 1
4685 0
4686 0
4687 1
4688 1
4689 1
4690 0
4691 1
4692 1
4693 0
4694 1
4695 0
4696 0
4697 1
4698 1
4699 1
4700 0
4701 0
4702 1
4703 1
4704 1
4705 0
4706 0
4707 0
4708 1
4709 0
4710 1
4711 1
4712 0
4713 0
4714 0
4715 0
4716 1
4717 1
4718 1
4719 0
4720 0
4721 0
4722 0
4723 0
4724 0
4725 0
4726 0
4727 0
4728 1
4729 1
4730 0
4731 0
4732 0
4733 1
4734 0
4735 1
4736 0
4737 1
4738 1
4739 0
4740 0
4741 0
4742 1
4743 1
4744 0
4745 0
4746 0
4747 0
4748 1
4749 1
4750 0
4751 0
4752 0
4753 0
4754 0
4755 0
4756 0
4757 0
4758 0
4759 0
4760 0
4761 0
4762 1
4763 0
4764 0
4765 1
4766 0
4767 0
4768 1
4769 1
4770 1
4771 1
4772 1
4773 0
4774 1
4775 0
4776 0
4777 1
4778 1
4779 0
4780 1
4781 1
4782 0
4783 1
4784 0
4785 1
4786 0
4787 0
4788 1
4789 0
4790 0
4791 1
4792 0
4793 0
4794 0
4795 1
4796 1
4797 1
4798 1
4799 2
4800 0
4801 0
4802 1
4803 1
4804 0
4805 1
4806 0
4807 1
4808 1
4809 0
4810 0
4811 0
4812 0
4813 0
4814 1
4815 1
4816 1
4817 0
4818 1
4819 0
4820 0
4821 1
4822 1
4823 1
4824 1
4825 0
4826 0
4827 0
4828 0
4829 1
4830 1
4831 0
4832 0
4833 1
4834 1
4835 0
4836 1
4837 1
4838 1
4839 1
4840 1
4841 0
4842 0
4843 2
4844 0
4845 1
4846 1
4847 0
4848 1
4849 1
4850 1
4851 1
4852 0
4853 1
4854 0
4855 0
4856 1
4857 0
4858 1
4859 0
4860 1
4861 1
4862 0
4863 0
4864 0
4865 0
4866 0
4867 1
4868 1
4869 2
4870 1
4871 0
4872 0
4873 1
4874 1
4875 1
4876 0
4877 0
4878 0
4879 0
4880 0
4881 0
4882 0
4883 0
4884 0
4885 0
4886 0
4887 0
4888 0
4889 1
4890 1
4891 0
4892 0
4893 0
4894 1
4895 0
4896 0
4897 1
4898 0
4899 0
4900 0
4901 1
4902 1
4903 1
4904 1
4905 1
4906 0
4907 1
4908 0
4909 0
4910 0
4911 0
4912 1
4913 1
4914 1
4915 1
4916 1
4917 2
4918 1
4919 1
4920 1
4921 1
4922 0
4923 1
4924 0
4925 0
4926 0
4927 0
4928 0
4929 0
4930 0
4931 0
4932 0
4933 0
4934 0
4935 0
4936 0
4937 0
4938 0
4939 0
4940 0
4941 0
4942 0
4943 0
4944 0
4945 0
4946 1
4947 0
4948 0
4949 0
4950 0
4951 0
4952 0
4953 0
4954 0
4955 0
4956 0
4957 0
4958 0
4959 0
4960 0
4961 0
4962 0
4963 1
4964 1
4965 1
4966 1
4967 0
4968 1
4969 0
4970 1
4971 1
4972 0
4973 0
4974 1
4975 1
4976 0
4977 0
4978 0
4979 0
4980 0
4981 0
4982 1
4983 0
4984 1
4985 1
4986 1
4987 0
4988 1
4989 0
4990 0
4991 1
4992 1
4993 1
4994 1
4995 1
4996 0
4997 0
4998 1
4999 0
5000 1
5001 1
5002 1
5003 1
5004 0
5005 1
5006 1
5007 1
5008 1
5009 1
5010 0
5011 0
5012 0
5013 0
5014 0
5015 0
5016 0
5017 0
5018 0
5019 0
5020 0
5021 0
5022 0
5023 0
5024 0
5025 0
5026 0
5027 0
5028 0
5029 0
5030 0
5031 0
5032 0
5033 0
5034 0
5035 0
5036 0
5037 0
5038 0
5039 0
5040 0
5041 0
5042 0
5043 0
5044 0
5045 0
5046 0
5047 0
5048 0
5049 1
5050 1
5051 0
5052 1
5053 0
5054 0
5055 1
5056 0
5057 0
5058 0
5059 1
5060 0
5061 0
5062 1
5063 1
5064 0
5065 0
5066 0
5067 0
5068 0
5069 0
5070 0
5071 0
5072 0
5073 0
5074 1
5075 0
5076 0
5077 0
5078 0
5079 0
5080 0
5081 0
5082 0
5083 0
5084 0
5085 0
5086 0
5087 0
5088 0
5089 0
5090 0
5091 0
5092 0
5093 0
5094 0
5095 0
5096 0
5097 0
5098 0
5099 0
5100 0
5101 0
5102 0
5103 0
5104 0
5105 0
5106 0
5107 0
5108 0
5109 1
5110 1
5111 1
5112 0
5113 1
5114 0
5115 1
5116 1
5117 1
5118 0
5119 1
5120 1
5121 0
5122 1
5123 0
5124 0
5125 0
5126 0
5127 0
5128 1
5129 1
5130 1
5131 0
5132 1
5133 1
5134 0
5135 1
5136 0
5137 1
5138 0
5139 0
5140 1
5141 1
5142 1
5143 1
5144 1
5145 0
5146 0
5147 1
5148 0
5149 1
5150 0
5151 1
5152 0
5153 1
5154 1
5155 0
5156 0
5157 0
5158 0
5159 1
5160 1
5161 1
5162 1
5163 1
5164 0
5165 1
5166 1
5167 1
5168 1
5169 0
5170 1
5171 1
5172 0
5173 0
5174 1
5175 0
5176 0
5177 1
5178 0
5179 1
5180 1
5181 0
5182 1
5183 1
5184 1
5185 1
5186 1
5187 0
5188 2
5189 1
5190 2
5191 1
5192 0
5193 1
5194 1
5195 1
5196 0
5197 1
5198 1
5199 0
5200 0
5201 0
5202 0
5203 0
5204 1
5205 0
5206 0
5207 0
5208 0
5209 1
5210 0
5211 0
5212 1
5213 0
5214 1
5215 0
5216 0
5217 1
5218 0
5219 0
5220 1
5221 0
5222 0
5223 1
5224 2
5225 0
5226 1
5227 0
5228 1
5229 0
5230 0
5231 0
5232 1
5233 0
5234 1
5235 0
5236 1
5237 0
5238 1
5239 1
5240 1
5241 1
5242 1
5243 0
5244 1
5245 0
5246 0
5247 1
5248 0
5249 0
5250 1
5251 1
5252 1
5253 0
5254 1
5255 0
5256 1
5257 0
5258 1
5259 1
5260 1
5261 0
5262 1
5263 0
5264 1
5265 0
5266 0
5267 0
5268 2
5269 0
5270 1
5271 0
5272 1
5273 1
5274 0
5275 0
5276 1
5277 0
5278 0
5279 0
5280 0
5281 0
5282 0
5283 1
5284 0
5285 1
5286 1
5287 0
5288 0
5289 0
5290 1
5291 0
5292 1
5293 1
5294 1
5295 1
5296 0
5297 0
5298 1
5299 0
5300 2
5301 2
5302 0
5303 1
5304 1
5305 2
5306 0
5307 1
5308 1
5309 1
5310 0
5311 2
5312 1
5313 1
5314 1
5315 0
5316 0
5317 0
5318 0
5319 1
5320 0
5321 0
5322 0
5323 0
5324 1
5325 0
5326 0
5327 1
5328 0
5329 1
5330 1
5331 1
5332 0
5333 0
5334 0
5335 1
5336 0
5337 1
5338 0
5339 1
5340 0
5341 0
5342 0
5343 0
5344 1
5345 0
5346 1
5347 1
5348 0
5349 1
5350 0
5351 0
5352 0
5353 0
5354 1
5355 1
5356 0
5357 1
5358 0
5359 1
5360 0
5361 1
5362 0
5363 1
5364 1
5365 1
5366 0
5367 0
5368 1
5369 0
5370 0
5371 2
5372 0
5373 1
5374 1
5375 0
5376 1
5377 0
5378 1
5379 1
5380 1
5381 1
5382 1
5383 0
5384 0
5385 0
5386 0
5387 1
5388 1
5389 1
5390 1
5391 1
5392 0
5393 2
5394 1
5395 0
5396 1
5397 1
5398 0
5399 0
5400 1
5401 1
5402 0
5403 1
5404 1
5405 0
5406 1
5407 0
5408 0
5409 0
5410 0
5411 0
5412 1
5413 0
5414 0
5415 0
5416 0
5417 0
5418 1
5419 1
5420 1
5421 1
5422 1
5423 1
5424 0
5425 0
5426 1
5427 1
5428 0
5429 0
5430 1
5431 0
5432 0
5433 1
5434 0
5435 0
5436 0
5437 1
5438 0
5439 0
5440 1
5441 0
5442 0
5443 1
5444 1
5445 1
5446 0
5447 1
5448 0
5449 1
5450 1
5451 0
5452 1
5453 1
5454 0
5455 1
5456 0
5457 2
5458 1
5459 0
5460 0
5461 2
5462 1
5463 1
5464 1
5465 1
5466 1
5467 1
5468 1
5469 1
5470 1
5471 1
5472 1
5473 0
5474 1
5475 1
5476 0
5477 1
5478 1
5479 0
5480 0
5481 1
5482 0
5483 1
5484 1
5485 0
5486 1
5487 1
5488 0
5489 0
5490 0
5491 1
5492 0
5493 1
5494 1
5495 0
5496 0
5497 0
5498 0
5499 0
5500 0
5501 0
5502 0
5503 0
5504 0
5505 0
5506 0
5507 0
5508 0
5509 0
5510 0
5511 0
5512 0
5513 0
5514 0
5515 0
5516 0
5517 0
5518 0
5519 0
5520 0
5521 0
5522 0
5523 0
5524 0
5525 0
5526 0
5527 0
5528 0
5529 0
5530 1
5531 1
5532 0
5533 0
5534 1
5535 1
5536 2
5537 1
5538 0
5539 0
5540 1
5541 1
5542 0
5543 1
5544 0
5545 0
5546 0
5547 1
5548 1
5549 1
5550 0
5551 1
5552 1
5553 0
5554 1
5555 0
5556 0
5557 1
5558 0
5559 0
5560 0
5561 0
5562 1
5563 0
5564 0
5565 0
5566 0
5567 1
5568 1
5569 0
5570 1
5571 2
5572 0
5573 1
5574 1
5575 1
5576 1
5577 0
5578 0
5579 1
5580 0
5581 0
5582 0
5583 1
5584 1
5585 1
5586 0
5587 1
5588 0
5589 0
5590 0
5591 0
5592 1
5593 1
5594 0
5595 1
5596 0
5597 1
5598 1
5599 1
5600 0
5601 1
5602 0
5603 0
5604 1
5605 1
5606 0
5607 1
5608 0
5609 0
5610 0
5611 0
5612 1
5613 0
5614 1
5615 1
5616 1
5617 1
5618 1
5619 0
5620 0
5621 0
5622 0
5623 1
5624 1
5625 2
5626 1
5627 0
5628 1
5629 0
5630 1
5631 1
5632 1
5633 0
5634 1
5635 0
5636 1
5637 1
5638 0
5639 0
5640 1
5641 0
5642 1
5643 1
5644 1
5645 1
5646 0
5647 0
5648 1
5649 1
5650 0
5651 1
5652 0
5653 1
5654 0
5655 1
5656 0
5657 1
5658 1
5659 2
5660 1
5661 1
5662 0
5663 1
5664 1
5665 1
5666 0
5667 0
5668 1
5669 0
5670 1
5671 1
5672 0
5673 1
5674 0
5675 1
5676 1
5677 0
5678 1
5679 0
5680 1
5681 0
5682 0
5683 1
5684 1
5685 2
5686 1
5687 1
5688 0
5689 0
5690 1
5691 1
5692 1
5693 0
5694 1
5695 0
5696 1
5697 0
5698 1
5699 0
5700 1
5701 0
5702 0
5703 1
5704 1
5705 0
5706 0
5707 1
5708 1
5709 0
5710 0
5711 0
5712 0
5713 0
5714 0
5715 0
5716 0
5717 1
5718 0
5719 1
5720 1
5721 1
5722 0
5723 1
5724 0
5725 0
5726 0
5727 0
5728 1
5729 1
5730 1
5731 1
5732 0
5733 1
5734 1
5735 0
5736 0
5737 0
5738 0
5739 1
5740 0
5741 0
5742 0
5743 0
5744 0
5745 1
5746 1
5747 0
5748 1
5749 1
5750 1
5751 0
5752 1
5753 1
5754 1
5755 0
5756 1
5757 1
5758 0
5759 1
5760 1
5761 1
5762 0
5763 1
5764 1
5765 1
5766 1
5767 0
5768 1
5769 1
5770 1
5771 0
5772 0
5773 0
5774 1
5775 1
5776 0
5777 0
5778 1
5779 1
5780 0
5781 0
5782 0
5783 1
5784 0
5785 1
5786 0
5787 1
5788 0
5789 1
5790 1
5791 0
5792 1
5793 0
5794 1
5795 1
5796 0
5797 0
5798 0
5799 1
5800 1
5801 1
5802 0
5803 1
5804 1
5805 1
5806 1
5807 1
5808 0
5809 0
5810 0
5811 0
5812 0
5813 0
5814 0
5815 0
5816 0
5817 0
5818 0
5819 0
5820 0
5821 0
5822 0
5823 0
5824 0
5825 0
5826 0
5827 0
5828 0
5829 0
5830 0
5831 0
5832 0
5833 0
5834 0
5835 0
5836 0
5837 0
5838 0
5839 0
5840 0
5841 1
5842 0
5843 0
5844 0
5845 0
5846 0
5847 0
5848 0
5849 0
5850 0
5851 0
5852 0
5853 0
5854 0
5855 1
5856 0
5857 0
5858 0
5859 0
5860 0
5861 0
5862 0
5863 0
5864 1
5865 1
5866 0
5867 0
5868 0
5869 0
5870 0
5871 0
5872 0
5873 0
5874 0
5875 0
5876 0
5877 0
5878 0
5879 0
5880 0
5881 0
5882 1
5883 1
5884 1
5885 1
5886 1
5887 0
5888 1
5889 1
5890 1
5891 0
5892 0
5893 0
5894 1
5895 0
5896 0
5897 0
5898 0
5899 1
5900 1
5901 0
5902 1
5903 2
5904 0
5905 1
5906 0
5907 2
5908 1
5909 1
5910 0
5911 0
5912 1
5913 0
5914 0
5915 1
5916 1
5917 1
5918 0
5919 2
5920 1
5921 0
5922 0
5923 1
5924 1
5925 1
5926 1
5927 0
5928 0
5929 0
5930 1
5931 1
5932 0
5933 0
5934 1
5935 0
5936 0
5937 0
5938 1
5939 1
5940 1
5941 1
5942 1
5943 1
5944 0
5945 0
5946 1
5947 1
5948 1
5949 1
5950 1
5951 1
5952 1
5953 0
5954 1
5955 0
5956 1
5957 1
5958 1
5959 1
5960 1
5961 1
5962 0
5963 1
5964 1
5965 1
5966 1
5967 0
5968 1
5969 1
5970 0
5971 0
5972 1
5973 1
5974 1
5975 0
5976 0
5977 0
5978 0
5979 0
5980 0
5981 1
5982 1
5983 1
5984 1
5985 1
5986 2
5987 1
5988 0
5989 1
5990 0
5991 1
5992 0
5993 1
5994 1
5995 1
5996 1
5997 0
5998 1
5999 0
6000 1
6001 2
6002 0
6003 1
6004 0
6005 0
6006 1
6007 0
6008 0
6009 1
6010 0
6011 0
6012 1
6013 0
6014 1
6015 1
6016 1
6017 1
6018 0
6019 0
6020 0
6021 1
6022 1
6023 1
6024 1
6025 0
6026 1
6027 0
6028 1
6029 0
6030 1
6031 0
6032 1
6033 1
6034 0
6035 0
6036 0
6037 0
6038 0
6039 1
6040 0
6041 0
6042 1
6043 0
6044 1
6045 0
6046 1
6047 0
6048 1
6049 0
6050 1
6051 1
6052 0
6053 1
6054 0
6055 1
6056 0
6057 1
6058 1
6059 0
6060 1
6061 1
6062 1
6063 0
6064 0
6065 0
6066 0
6067 0
6068 0
6069 0
6070 0
6071 0
6072 0
6073 0
6074 0
6075 0
6076 0
6077 0
6078 0
6079 0
6080 0
6081 0
6082 0
6083 0
6084 0
6085 0
6086 0
6087 0
6088 0
6089 0
6090 0
6091 0
6092 0
6093 0
6094 1
6095 0
6096 1
6097 1
6098 1
6099 0
6100 0
6101 1
6102 1
6103 1
6104 1
6105 0
6106 1
6107 0
6108 0
6109 0
6110 0
6111 0
6112 0
6113 1
6114 0
6115 1
6116 0
6117 0
6118 0
6119 0
6120 0
6121 0
6122 0
6123 0
6124 0
6125 1
6126 1
6127 1
6128 0
6129 0
6130 1
6131 0
6132 1
6133 0
6134 1
6135 1
6136 0
6137 0
6138 1
6139 1
6140 0
6141 1
6142 1
6143 1
6144 1
6145 0
6146 0
6147 0
6148 1
6149 0
6150 1
6151 0
6152 0
6153 1
6154 0
6155 1
6156 0
6157 1
6158 0
6159 0
6160 0
6161 0
6162 0
6163 0
6164 0
6165 1
6166 1
6167 1
6168 1
6169 1
6170 0
6171 1
6172 0
6173 1
6174 1
6175 0
6176 0
6177 0
6178 1
6179 0
6180 0
6181 0
6182 0
6183 1
6184 1
6185 0
6186 1
6187 0
6188 1
6189 0
6190 0
6191 0
6192 1
6193 2
6194 0
6195 1
6196 1
6197 1
6198 1
6199 1
6200 1
6201 1
6202 1
6203 0
6204 1
6205 0
6206 1
6207 1
6208 1
6209 0
6210 1
6211 1
6212 1
6213 1
6214 1
6215 0
6216 1
6217 1
6218 0
6219 0
6220 1
6221 0
6222 1
6223 1
6224 0
6225 0
6226 0
6227 0
6228 0
6229 0
6230 0
6231 0
6232 1
6233 1
6234 1
6235 0
6236 1
6237 0
6238 1
6239 1
6240 1
6241 1
6242 1
6243 0
6244 1
6245 0
6246 1
6247 1
6248 1
6249 1
6250 0
6251 0
6252 0
6253 1
6254 0
6255 1
6256 1
6257 0
6258 1
6259 0
6260 1
6261 1
6262 0
6263 0
6264 0
6265 0
6266 0
6267 1
6268 0
6269 1
6270 1
6271 0
6272 0
6273 0
6274 0
6275 0
6276 0
6277 1
6278 1
6279 2
6280 1
6281 0
6282 1
6283 1
6284 1
6285 0
6286 0
6287 1
6288 0
6289 0
6290 1
6291 1
6292 0
6293 0
6294 0
6295 0
6296 1
6297 0
6298 1
6299 1
6300 1
6301 0
6302 0
6303 1
6304 0
6305 1
6306 0
6307 1
6308 0
6309 1
6310 0
6311 0
6312 0
6313 1
6314 0
6315 2
6316 1
6317 1
6318 0
6319 0
6320 1
6321 1
6322 0
6323 0
6324 1
6325 1
6326 1
6327 1
6328 1
6329 1
6330 1
6331 0
6332 0
6333 1
6334 0
6335 1
6336 1
6337 0
6338 0
6339 1
6340 1
6341 1
6342 1
6343 1
6344 0
6345 0
6346 1
6347 0
6348 0
6349 1
6350 0
6351 1
6352 1
6353 1
6354 1
6355 0
6356 1
6357 1
6358 1
6359 0
6360 0
6361 1
6362 1
6363 0
6364 1
6365 1
6366 1
6367 1
6368 0
6369 1
6370 0
6371 0
6372 1
6373 1
6374 1
6375 0
6376 0
6377 0
6378 1
6379 1
6380 0
6381 1
6382 0
6383 0
6384 1
6385 1
6386 0
6387 0
6388 1
6389 1
6390 0
6391 0
6392 1
6393 0
6394 0
6395 0
6396 0
6397 1
6398 0
6399 0
6400 0
6401 1
6402 1
6403 0
6404 1
6405 1
6406 1
6407 0
6408 0
6409 1
6410 1
6411 1
6412 0
6413 1
6414 0
6415 1
6416 1
6417 1
6418 0
6419 0
6420 1
6421 2
6422 0
6423 0
6424 1
6425 0
6426 2
6427 1
6428 1
6429 0
6430 0
6431 0
6432 1
6433 0
6434 0
6435 1
6436 1
6437 1
6438 1
6439 0
6440 0
6441 1
6442 1
6443 0
6444 1
6445 1
6446 0
6447 1
6448 0
6449 0
6450 0
6451 1
6452 1
6453 1
6454 2
6455 1
6456 0
6457 1
6458 1
6459 1
6460 0
6461 0
6462 0
6463 1
6464 1
6465 1
6466 1
6467 0
6468 0
6469 0
6470 1
6471 1
6472 1
6473 0
6474 0
6475 1
6476 0
6477 1
6478 1
6479 0
6480 0
6481 1
6482 0
6483 1
6484 1
6485 0
6486 1
6487 0
6488 0
6489 0
6490 1
6491 1
6492 1
6493 1
6494 1
6495 0
6496 0
6497 0
6498 0
6499 0
6500 0
6501 1
6502 0
6503 1
6504 0
6505 0
6506 0
6507 0
6508 1
6509 1
6510 0
6511 1
6512 1
6513 1
6514 0
6515 1
6516 0
6517 2
6518 1
6519 1
6520 0
6521 0
6522 0
6523 0
6524 2
6525 1
6526 1
6527 1
6528 0
6529 1
6530 1
6531 0
6532 1
6533 0
6534 0
6535 1
6536 1
6537 1
6538 0
6539 1
6540 0
6541 1
6542 1
6543 1
6544 1
6545 1
6546 1
6547 0
6548 0
6549 1
6550 1
6551 1
6552 1
6553 0
6554 0
6555 0
6556 0
6557 0
6558 0
6559 0
6560 0
6561 1
6562 1
6563 0
6564 1
6565 1
6566 0
6567 1
6568 1
6569 1
6570 1
6571 0
6572 1
6573 0
6574 1
6575 1
6576 0
6577 1
6578 1
6579 1
6580 0
6581 1
6582 0
6583 1
6584 0
6585 0
6586 1
6587 1
6588 0
6589 1
6590 2
6591 0
6592 0
6593 0
6594 1
6595 0
6596 1
6597 0
6598 1
6599 1
6600 1
6601 1
6602 1
6603 2
6604 1
6605 0
6606 0
6607 1
6608 1
6609 1
6610 0
6611 0
6612 0
6613 0
6614 1
6615 1
6616 0
6617 0
6618 1
6619 1
6620 2
6621 0
6622 0
6623 1
6624 0
6625 1
6626 0
6627 0
6628 1
6629 0
6630 1
6631 0
6632 1
6633 1
6634 1
6635 0
6636 1
6637 0
6638 1
6639 0
6640 0
6641 1
6642 0
6643 1
6644 1
6645 2
6646 0
6647 1
6648 0
6649 0
6650 1
6651 0
6652 0
6653 0
6654 0
6655 1
6656 0
6657 0
6658 0
6659 1
6660 1
6661 0
6662 0
6663 1
6664 1
6665 0
6666 1
6667 0
6668 1
6669 0
6670 1
6671 2
6672 1
6673 1
6674 1
6675 1
6676 1
6677 1
6678 1
6679 1
6680 1
6681 0
6682 2
6683 1
6684 1
6685 1
6686 0
6687 0
6688 1
6689 1
6690 0
6691 1
6692 2
6693 0
6694 1
6695 0
6696 0
6697 1
6698 0
6699 1
6700 1
6701 1
6702 1
6703 1
6704 0
6705 0
6706 1
6707 1
6708 1
6709 1
6710 1
6711 1
6712 0
6713 1
6714 0
6715 1
6716 0
6717 0
6718 0
6719 0
6720 0
6721 1
6722 1
6723 1
6724 1
6725 0
6726 0
6727 0
6728 0
6729 0
6730 0
6731 1
6732 1
6733 1
6734 1
6735 1
6736 1
6737 1
6738 1
6739 0
6740 1
6741 0
6742 1
6743 0
6744 0
6745 1
6746 0
6747 0
6748 0
6749 0
6750 0
6751 1
6752 0
6753 1
6754 1
6755 0
6756 1
6757 1
6758 1
6759 1
6760 0
6761 0
6762 0
6763 1
6764 1
6765 0
6766 0
6767 0
6768 0
6769 0
6770 1
6771 1
6772 0
6773 1
6774 1
6775 1
6776 0
6777 1
6778 1
6779 1
6780 1
6781 0
6782 0
6783 1
6784 1
6785 1
6786 1
6787 0
6788 1
6789 1
6790 1
6791 0
6792 1
6793 1
6794 1
6795 1
6796 1
6797 0
6798 0
6799 1
6800 1
6801 1
6802 1
6803 1
6804 0
6805 0
6806 2
6807 0
6808 1
6809 1
6810 1
6811 0
6812 0
6813 0
6814 0
6815 1
6816 2
6817 0
6818 1
6819 0
6820 0
6821 1
6822 1
6823 1
6824 0
6825 0
6826 1
6827 0
6828 0
6829 1
6830 1
6831 1
6832 1
6833 1
6834 0
6835 1
6836 1
6837 1
6838 1
6839 1
6840 1
6841 1
6842 1
6843 1
6844 1
6845 0
6846 1
6847 1
6848 0
6849 1
6850 1
6851 0
6852 0
6853 0
6854 0
6855 1
6856 1
6857 1
6858 1
6859 1
6860 1
6861 1
6862 1
6863 0
6864 1
6865 1
6866 0
6867 0
6868 0
6869 1
6870 1
6871 1
6872 1
6873 1
6874 0
6875 1
6876 0
6877 1
6878 1
6879 0
6880 1
6881 0
6882 1
6883 1
6884 0
6885 1
6886 1
6887 1
6888 1
6889 0
6890 1
6891 1
6892 0
6893 0
6894 0
6895 0
6896 0
6897 0
6898 0
6899 0
6900 0
6901 0
6902 0
6903 1
6904 1
6905 1
6906 0
6907 1
6908 0
6909 0
6910 0
6911 0
6912 1
6913 1
6914 0
6915 1
6916 1
6917 1
6918 1
6919 1
6920 1
6921 1
6922 1
6923 1
6924 1
6925 0
6926 1
6927 1
6928 0
6929 1
6930 1
6931 0
6932 0
6933 0
6934 0
6935 0
6936 0
6937 0
6938 0
6939 0
6940 0
6941 0
6942 0
6943 0
6944 0
6945 0
6946 0
6947 0
6948 0
6949 0
6950 0
6951 0
6952 0
6953 0
6954 0
6955 0
6956 0
6957 0
6958 0
6959 0
6960 0
6961 0
6962 0
6963 0
6964 0
6965 0
6966 1
6967 1
6968 0
6969 0
6970 1
6971 1
6972 1
6973 1
6974 1
6975 1
6976 0
6977 0
6978 0
6979 0
6980 0
6981 0
6982 0
6983 0
6984 0
6985 0
6986 1
6987 1
6988 1
6989 0
6990 0
6991 1
6992 1
6993 0
6994 0
6995 0
6996 0
6997 0
6998 0
6999 1
7000 1
7001 1
7002 0
7003 0
7004 0
7005 0
7006 0
7007 0
7008 0
7009 0
7010 1
7011 0
7012 1
7013 1
7014 1
7015 1
7016 1
7017 1
7018 1
7019 1
7020 1
7021 0
7022 0
7023 0
7024 0
7025 1
7026 0
7027 1
7028 1
7029 0
7030 0
7031 1
7032 1
7033 0
7034 1
7035 1
7036 0
7037 1
7038 1
7039 1
7040 1
7041 1
7042 0
7043 0
7044 1
7045 0
7046 1
7047 1
7048 1
7049 1
7050 1
7051 1
7052 1
7053 1
7054 0
7055 0
7056 1
7057 0
7058 0
7059 0
7060 1
7061 0
7062 0
7063 0
7064 1
7065 0
7066 0
7067 0
7068 0
7069 0
7070 0
7071 1
7072 0
7073 0
7074 1
7075 0
7076 1
7077 0
7078 1
7079 0
7080 1
7081 1
7082 0
7083 0
7084 0
7085 1
7086 0
7087 0
7088 0
7089 0
7090 0
7091 1
7092 1
7093 1
7094 1
7095 0
7096 1
7097 0
7098 1
7099 0
7100 0
7101 0
7102 1
7103 1
7104 0
7105 1
7106 0
7107 0
7108 0
7109 0
7110 1
7111 0
7112 1
7113 0
7114 0
7115 0
7116 0
7117 0
7118 0
7119 0
7120 0
7121 0
7122 0
7123 0
7124 0
7125 0
7126 0
7127 0
7128 0
7129 0
7130 0
7131 0
7132 0
7133 0
7134 0
7135 0
7136 0
7137 0
7138 0
7139 0
7140 0
7141 0
7142 0
7143 0
7144 0
7145 0
7146 0
7147 0
7148 0
7149 0
7150 0
7151 0
7152 0
7153 0
7154 0
7155 0
7156 0
7157 0
7158 0
7159 0
7160 0
7161 0
7162 0
7163 0
7164 0
7165 1
7166 0
7167 0
7168 1
7169 1
7170 0
7171 0
7172 1
7173 0
7174 1
7175 0
7176 0
7177 0
7178 2
7179 0
7180 0
7181 0
7182 0
7183 0
7184 0
7185 0
7186 0
7187 0
7188 0
7189 0
7190 0
7191 0
7192 0
7193 0
7194 0
7195 0
7196 0
7197 0
7198 0
7199 0
7200 1
7201 0
7202 1
7203 1
7204 1
7205 1
7206 0
7207 1
7208 0
7209 1
7210 0
7211 0
7212 0
7213 0
7214 1
7215 1
7216 0
7217 0
7218 1
7219 0
7220 0
7221 0
7222 2
7223 0
7224 1
7225 0
7226 0
7227 0
7228 2
7229 1
7230 0
7231 1
7232 0
7233 0
7234 1
7235 1
7236 0
7237 1
7238 1
7239 0
7240 0
7241 1
7242 0
7243 0
7244 0
7245 0
7246 0
7247 0
7248 0
7249 1
7250 0
7251 0
7252 0
7253 1
7254 1
7255 0
7256 1
7257 0
7258 1
7259 0
7260 2
7261 1
7262 1
7263 1
7264 0
7265 1
7266 0
7267 1
7268 0
7269 1
7270 1
7271 0
7272 1
7273 1
7274 0
7275 1
7276 1
7277 1
7278 0
7279 1
7280 0
7281 0
7282 0
7283 1
7284 0
7285 1
7286 0
7287 0
7288 0
7289 1
7290 1
7291 1
7292 1
7293 1
7294 1
7295 0
7296 0
7297 2
7298 1
7299 1
7300 1
7301 1
7302 0
7303 1
7304 0
7305 1
7306 0
7307 1
7308 0
7309 1
7310 1
7311 1
7312 1
7313 0
7314 0
7315 1
7316 1
7317 2
7318 1
7319 1
7320 0
7321 1
7322 2
7323 1
7324 1
7325 1
7326 1
7327 0
7328 0
7329 0
7330 0
7331 0
7332 0
7333 0
7334 0
7335 0
7336 0
7337 0
7338 0
7339 0
7340 0
7341 1
7342 1
7343 0
7344 2
7345 0
7346 1
7347 0
7348 1
7349 1
7350 1
7351 1
7352 0
7353 0
7354 0
7355 1
7356 1
7357 0
7358 1
7359 0
7360 1
7361 0
7362 0
7363 1
7364 0
7365 1
7366 1
7367 1
7368 0
7369 1
7370 0
7371 1
7372 2
7373 0
7374 0
7375 1
7376 0
7377 0
7378 1
7379 1
7380 1
7381 1
7382 0
7383 0
7384 0
7385 0
7386 1
7387 0
7388 0
7389 0
7390 0
7391 0
7392 0
7393 0
7394 0
7395 1
7396 0
7397 1
7398 0
7399 0
7400 0
7401 0
7402 0
7403 0
7404 0
7405 0
7406 0
7407 0
7408 0
7409 0
7410 0
7411 0
7412 0
7413 0
7414 0
7415 0
7416 0
7417 0
7418 0
7419 0
7420 0
7421 0
7422 0
7423 0
7424 0
7425 0
7426 0
7427 0
7428 0
7429 0
7430 1
7431 1
7432 0
7433 1
7434 0
7435 0
7436 0
7437 0
7438 0
7439 0
7440 0
7441 0
7442 0
7443 0
7444 0
7445 0
7446 0
7447 0
7448 0
7449 0
7450 0
7451 0
7452 0
7453 0
7454 0
7455 0
7456 0
7457 0
7458 0
7459 0
7460 0
7461 0
7462 1
7463 1
7464 0
7465 0
7466 1
7467 0
7468 1
7469 1
7470 1
7471 1
7472 0
7473 1
7474 0
7475 0
7476 0
7477 1
7478 1
7479 2
7480 0
7481 1
7482 1
7483 1
7484 0
7485 0
7486 0
7487 0
7488 1
7489 0
7490 0
7491 1
7492 1
7493 1
7494 1
7495 0
7496 0
7497 0
7498 0
7499 0
7500 1
7501 0
7502 1
7503 0
7504 1
7505 0
7506 1
7507 2
7508 1
7509 1
7510 1
7511 0
7512 1
7513 0
7514 1
7515 0
7516 1
7517 2
7518 1
7519 1
7520 0
7521 0
7522 0
7523 0
7524 0
7525 0
7526 0
7527 0
7528 0
7529 0
7530 0
7531 0
7532 0
7533 0
7534 0
7535 0
7536 0
7537 0
7538 2
7539 2
7540 0
7541 1
7542 0
7543 0
7544 1
7545 0
7546 1
7547 1
7548 0
7549 0
7550 1
7551 0
7552 0
7553 0
7554 1
7555 1
7556 0
7557 1
7558 0
7559 0
7560 0
7561 0
7562 0
7563 0
7564 0
7565 0
7566 1
7567 1
7568 1
7569 1
7570 0
7571 0
7572 1
7573 1
7574 0
7575 0
7576 0
7577 1
7578 1
7579 0
7580 1
7581 1
7582 0
7583 0
7584 0
7585 0
7586 0
7587 0
7588 0
7589 0
7590 1
7591 0
7592 0
7593 1
7594 1
7595 1
7596 0
7597 1
7598 1
7599 0
7600 0
7601 1
7602 0
7603 0
7604 1
7605 0
7606 0
7607 1
7608 1
7609 0
7610 0
7611 0
7612 0
7613 0
7614 0
7615 1
7616 0
7617 0
7618 1
7619 1
7620 1
7621 1
7622 1
7623 0
7624 1
7625 0
7626 0
7627 1
7628 0
7629 0
7630 1
7631 1
7632 0
7633 0
7634 1
7635 1
7636 0
7637 1
7638 1
7639 1
7640 0
7641 1
7642 1
7643 0
7644 0
7645 1
7646 1
7647 0
7648 1
7649 2
7650 1
7651 2
7652 0
7653 0
7654 1
7655 1
7656 1
7657 1
7658 0
7659 0
7660 1
7661 1
7662 0
7663 0
7664 0
7665 1
7666 0
7667 1
7668 1
7669 1
7670 1
7671 1
7672 1
7673 0
7674 1
7675 1
7676 0
7677 1
7678 0
7679 0
7680 1
7681 1
7682 0
7683 1
7684 1
7685 0
7686 2
7687 0
7688 0
7689 1
7690 1
7691 1
7692 0
7693 1
7694 1
7695 1
7696 0
7697 1
7698 0
7699 0
7700 1
7701 1
7702 2
7703 2
7704 1
7705 1
7706 0
7707 0
7708 1
7709 0
7710 0
7711 0
7712 1
7713 0
7714 1
7715 0
7716 1
7717 1
7718 1
7719 0
7720 1
7721 2
7722 1
7723 1
7724 2
7725 1
7726 1
7727 1
7728 1
7729 0
7730 1
7731 0
7732 1
7733 1
7734 0
7735 0
7736 0
7737 1
7738 1
7739 1
7740 1
7741 1
7742 1
7743 1
7744 1
7745 1
7746 1
7747 1
7748 1
7749 1
7750 1
7751 0
7752 0
7753 0
7754 1
7755 0
7756 0
7757 0
7758 1
7759 0
7760 0
7761 0
7762 0
7763 0
7764 0
7765 0
7766 0
7767 0
7768 0
7769 0
7770 0
7771 0
7772 0
7773 0
7774 1
7775 1
7776 1
7777 0
7778 0
7779 0
7780 1
7781 0
7782 0
7783 0
7784 0
7785 0
7786 0
7787 1
7788 0
7789 0
7790 0
7791 0
7792 0
7793 0
7794 0
7795 0
7796 0
7797 0
7798 1
7799 1
7800 1
7801 1
7802 1
7803 1
7804 0
7805 2
7806 0
7807 1
7808 0
7809 0
7810 0
7811 1
7812 0
7813 0
7814 0
7815 0
7816 1
7817 0
7818 0
7819 1
7820 1
7821 0
7822 1
7823 0
7824 1
7825 1
7826 1
7827 0
7828 1
7829 1
7830 1
7831 0
7832 2
7833 1
7834 1
7835 1
7836 1
7837 1
7838 0
7839 1
7840 1
7841 1
7842 0
7843 1
7844 1
7845 1
7846 0
7847 1
7848 2
7849 0
7850 1
7851 0
7852 1
7853 0
7854 0
7855 1
7856 0
7857 1
7858 1
7859 0
7860 1
7861 1
7862 0
7863 1
7864 1
7865 1
7866 0
7867 1
7868 1
7869 1
7870 0
7871 0
7872 0
7873 1
7874 1
7875 1
7876 1
7877 0
7878 2
7879 0
7880 0
7881 0
7882 1
7883 0
7884 0
7885 0
7886 1
7887 1
7888 1
7889 0
7890 1
7891 0
7892 0
7893 1
7894 0
7895 1
7896 0
7897 0
7898 1
7899 0
7900 1
7901 0
7902 1
7903 1
7904 0
7905 1
7906 1
7907 1
7908 1
7909 0
7910 1
7911 1
7912 1
7913 0
7914 0
7915 0
7916 1
7917 2
7918 0
7919 1
7920 0
7921 1
7922 1
7923 0
7924 1
7925 1
7926 1
7927 0
7928 0
7929 1
7930 1
7931 0
7932 1
7933 1
7934 0
7935 0
7936 0
7937 0
7938 1
7939 0
7940 0
7941 1
7942 1
7943 0
7944 0
7945 0
7946 2
7947 1
7948 1
7949 0
7950 0
7951 0
7952 0
7953 1
7954 0
7955 0
7956 1
7957 0
7958 0
7959 1
7960 1
7961 1
7962 1
7963 0
7964 1
7965 0
7966 0
7967 1
7968 1
7969 0
7970 0
7971 0
7972 0
7973 1
7974 0
7975 1
7976 0
7977 1
7978 1
7979 1
7980 1
7981 1
7982 1
7983 0
7984 1
7985 1
7986 0
7987 1
7988 0
7989 0
7990 1
7991 0
7992 1
7993 1
7994 1
7995 0
7996 0
7997 0
7998 0
7999 1
8000 2
8001 1
8002 0
8003 1
8004 0
8005 1
8006 1
8007 1
8008 0
8009 1
8010 1
8011 1
8012 1
8013 1
8014 0
8015 1
8016 0
8017 1
8018 1
8019 1
8020 1
8021 1
8022 0
8023 1
8024 0
8025 1
8026 0
8027 1
8028 0
8029 1
8030 1
8031 1
8032 0
8033 1
8034 1
8035 0
8036 0
8037 1
8038 1
8039 0
8040 0
8041 0
8042 1
8043 0
8044 1
8045 1
8046 1
8047 1
8048 1
8049 1
8050 0
8051 1
8052 0
8053 0
8054 2
8055 1
8056 1
8057 1
8058 1
8059 1
8060 1
8061 0
8062 1
8063 0
8064 0
8065 1
8066 0
8067 0
8068 0
8069 0
8070 0
8071 1
8072 1
8073 1
8074 0
8075 1
8076 0
8077 2
8078 0
8079 1
8080 0
8081 0
8082 0
8083 1
8084 0
8085 1
8086 0
8087 0
8088 0
8089 1
8090 1
8091 1
8092 0
8093 1
8094 0
8095 0
8096 2
8097 1
8098 0
8099 1
8100 0
8101 0
8102 1
8103 1
8104 0
8105 1
8106 0
8107 1
8108 1
8109 1
8110 0
8111 0
8112 0
8113 0
8114 0
8115 0
8116 1
8117 0
8118 1
8119 0
8120 1
8121 1
8122 0
8123 1
8124 1
8125 1
8126 0
8127 0
8128 0
8129 1
8130 1
8131 0
8132 1
8133 0
8134 1
8135 0
8136 0
8137 1
8138 1
8139 0
8140 0
8141 0
8142 1
8143 1
8144 1
8145 0
8146 1
8147 1
8148 0
8149 0
8150 1
8151 1
8152 0
8153 1
8154 0
8155 1
8156 1
8157 0
8158 0
8159 1
8160 0
8161 0
8162 0
8163 1
8164 1
8165 0
8166 1
8167 1
8168 1
8169 1
8170 2
8171 1
8172 2
8173 1
8174 1
8175 0
8176 1
8177 1
8178 0
8179 0
8180 1
8181 1
8182 1
8183 1
8184 1
8185 2
8186 0
8187 0
8188 2
8189 2
8190 0
8191 1
8192 1
8193 1
8194 1
8195 1
8196 1
8197 1
8198 1
8199 1
8200 1
8201 0
8202 1
8203 1
8204 0
8205 1
8206 0
8207 1
8208 1
8209 0
8210 1
8211 0
8212 1
8213 1
8214 0
8215 0
8216 0
8217 0
8218 1
8219 1
8220 0
8221 1
8222 0
8223 0
8224 1
8225 1
8226 1
8227 1
8228 1
8229 1
8230 1
8231 0
8232 1
8233 0
8234 0
8235 1
8236 0
8237 1
8238 0
8239 0
8240 0
8241 0
8242 0
8243 0
8244 1
8245 1
8246 1
8247 1
8248 1
8249 1
8250 1
8251 0
8252 0
8253 0
8254 1
8255 1
8256 1
8257 0
8258 0
8259 0
8260 1
8261 1
8262 1
8263 2
8264 1
8265 0
8266 1
8267 1
8268 1
8269 1
8270 0
8271 1
8272 1
8273 0
8274 1
8275 1
8276 1
8277 2
8278 2
8279 2
8280 0
8281 0
8282 2
8283 1
8284 0
8285 1
8286 0
8287 0
8288 1
8289 0
8290 0
8291 1
8292 0
8293 1
8294 0
8295 0
8296 1
8297 1
8298 1
8299 0
8300 0
8301 0
8302 0
8303 0
8304 0
8305 0
8306 0
8307 0
8308 0
8309 0
8310 0
8311 0
8312 0
8313 0
8314 1
8315 0
8316 0
8317 0
8318 0
8319 0
8320 0
8321 0
8322 0
8323 0
8324 0
8325 0
8326 0
8327 0
8328 0
8329 0
8330 0
8331 0
8332 0
8333 0
8334 0
8335 0
8336 0
8337 0
8338 0
8339 0
8340 0
8341 0
8342 0
8343 0
8344 0
8345 0
8346 0
8347 0
8348 1
8349 0
8350 0
8351 0
8352 0
8353 0
8354 0
8355 0
8356 0
8357 0
8358 0
8359 0
8360 0
8361 0
8362 0
8363 0
8364 0
8365 0
8366 0
8367 1
8368 0
8369 0
8370 0
8371 1
8372 1
8373 1
8374 1
8375 0
8376 1
8377 1
8378 1
8379 0
8380 0
8381 1
8382 1
8383 1
8384 0
8385 1
8386 0
8387 0
8388 2
8389 0
8390 1
8391 1
8392 1
8393 0
8394 1
8395 1
8396 0
8397 1
8398 1
8399 0
8400 0
8401 0
8402 1
8403 1
8404 0
8405 0
8406 0
8407 0
8408 1
8409 1
8410 1
8411 0
8412 1
8413 0
8414 0
8415 0
8416 0
8417 0
8418 0
8419 0
8420 0
8421 0
8422 0
8423 0
8424 0
8425 0
8426 0
8427 0
8428 0
8429 1
8430 0
8431 0
8432 0
8433 0
8434 0
8435 0
8436 0
8437 0
8438 0
8439 0
8440 0
8441 0
8442 0
8443 0
8444 0
8445 0
8446 0
8447 0
8448 0
8449 0
8450 0
8451 0
8452 0
8453 0
8454 0
8455 0
8456 0
8457 0
8458 0
8459 0
8460 0
8461 0
8462 0
8463 0
8464 0
8465 0
8466 0
8467 0
8468 0
8469 0
8470 0
8471 0
8472 0
8473 0
8474 0
8475 0
8476 0
8477 0
8478 0
8479 0
8480 0
8481 0
8482 0
8483 0
8484 0
8485 0
8486 0
8487 0
8488 0
8489 0
8490 0
8491 0
8492 1
8493 0
8494 0
8495 0
8496 1
8497 1
8498 1
8499 0
8500 1
8501 0
8502 0
8503 1
8504 1
8505 1
8506 2
8507 1
8508 0
8509 0
8510 1
8511 0
8512 1
8513 1
8514 1
8515 0
8516 0
8517 1
8518 2
8519 1
8520 0
8521 1
8522 1
8523 1
8524 0
8525 1
8526 1
8527 2
8528 0
8529 0
8530 1
8531 0
8532 1
8533 2
8534 0
8535 1
8536 0
8537 0
8538 1
8539 1
8540 1
8541 0
8542 1
8543 1
8544 0
8545 0
8546 0
8547 1
8548 0
8549 0
8550 0
8551 0
8552 1
8553 0
8554 1
8555 1
8556 1
8557 1
8558 0
8559 0
8560 1
8561 0
8562 0
8563 0
8564 0
8565 0
8566 0
8567 0
8568 1
8569 0
8570 1
8571 1
8572 1
8573 1
8574 0
8575 1
8576 0
8577 0
8578 1
8579 0
8580 0
8581 1
8582 0
8583 0
8584 1
8585 1
8586 1
8587 0
8588 1
8589 1
8590 1
8591 1
8592 1
8593 1
8594 1
8595 1
8596 0
8597 1
8598 0
8599 0
8600 0
8601 1
8602 0
8603 0
8604 1
8605 0
8606 2
8607 1
8608 1
8609 1
8610 1
8611 1
8612 0
8613 1
8614 1
8615 0
8616 1
8617 0
8618 0
8619 1
8620 1
8621 0
8622 0
8623 1
8624 0
8625 0
8626 1
8627 0
8628 0
8629 0
8630 1
8631 0
8632 1
8633 0
8634 1
8635 1
8636 1
8637 1
8638 1
8639 1
8640 1
8641 1
8642 1
8643 0
8644 1
8645 1
8646 1
8647 1
8648 0
8649 0
8650 0
8651 1
8652 0
8653 1
8654 0
8655 1
8656 0
8657 1
8658 0
8659 1
8660 0
8661 1
8662 1
8663 0
8664 0
8665 0
8666 1
8667 1
8668 1
8669 1
8670 0
8671 0
8672 1
8673 0
8674 1
8675 0
8676 0
8677 1
8678 1
8679 1
8680 1
8681 1
8682 1
8683 1
8684 1
8685 1
8686 1
8687 2
8688 0
8689 0
8690 1
8691 1
8692 1
8693 1
8694 1
8695 1
8696 0
8697 1
8698 1
8699 2
8700 1
8701 0
8702 0
8703 2
8704 0
8705 0
8706 0
8707 0
8708 0
8709 1
8710 0
8711 0
8712 0
8713 0
8714 0
8715 0
8716 1
8717 1
8718 0
8719 0
8720 0
8721 1
8722 1
8723 0
8724 0
8725 0
8726 0
8727 0
8728 0
8729 0
8730 0
8731 1
8732 1
8733 1
8734 0
8735 1
8736 0
8737 0
8738 0
8739 0
8740 0
8741 1
8742 1
8743 1
8744 0
8745 0
8746 0
8747 0
8748 1
8749 1
8750 0
8751 1
8752 1
8753 1
8754 1
8755 0
8756 0
8757 0
8758 2
8759 0
8760 1
8761 2
8762 0
8763 1
8764 0
8765 0
8766 0
8767 0
8768 0
8769 0
8770 1
8771 0
8772 0
8773 1
8774 0
8775 0
8776 0
8777 0
8778 0
8779 0
8780 0
8781 1
8782 1
8783 0
8784 1
8785 0
8786 0
8787 1
8788 0
8789 1
8790 0
8791 1
8792 1
8793 1
8794 1
8795 1
8796 1
8797 1
8798 1
8799 0
8800 1
8801 0
8802 0
8803 0
8804 1
8805 0
8806 1
8807 1
8808 1
8809 1
8810 1
8811 0
8812 1
8813 1
8814 0
8815 1
8816 0
8817 0
8818 0
8819 1
8820 0
8821 1
8822 0
8823 1
8824 0
8825 1
8826 1
8827 1
8828 0
8829 1
8830 0
8831 0
8832 1
8833 0
8834 0
8835 1
8836 1
8837 0
8838 1
8839 0
8840 0
8841 1
8842 1
8843 1
8844 1
8845 1
8846 1
8847 0
8848 1
8849 1
8850 2
8851 0
8852 1
8853 1
8854 0
8855 1
8856 0
8857 0
8858 1
8859 1
8860 1
8861 0
8862 0
8863 0
8864 0
8865 1
8866 1
8867 1
8868 0
8869 1
8870 1
8871 0
8872 0
8873 0
8874 1
8875 1
8876 0
8877 0
8878 1
8879 1
8880 0
8881 1
8882 0
8883 1
8884 0
8885 0
8886 1
8887 1
8888 1
8889 0
8890 0
8891 1
8892 0
8893 1
8894 0
8895 1
8896 1
8897 0
8898 1
8899 0
8900 0
8901 0
8902 0
8903 0
8904 1
8905 1
8906 1
8907 1
8908 1
8909 0
8910 1
8911 1
8912 0
8913 1
8914 1
8915 1
8916 0
8917 0
8918 0
8919 0
8920 0
8921 1
8922 0
8923 0
8924 2
8925 0
8926 0
8927 1
8928 1
8929 1
8930 0
8931 0
8932 1
8933 0
8934 1
8935 2
8936 0
8937 0
8938 0
8939 0
8940 1
8941 0
8942 1
8943 1
8944 0
8945 0
8946 1
8947 1
8948 0
8949 0
8950 1
8951 1
8952 1
8953 1
8954 0
8955 0
8956 1
8957 0
8958 0
8959 0
8960 1
8961 0
8962 0
8963 0
8964 0
8965 1
8966 1
8967 0
8968 1
8969 0
8970 0
8971 1
8972 0
8973 1
8974 0
8975 0
8976 0
8977 1
8978 1
8979 0
8980 0
8981 0
8982 1
8983 1
8984 0
8985 0
8986 1
8987 1
8988 1
8989 0
8990 1
8991 0
8992 1
8993 1
8994 0
8995 1
8996 1
8997 1
8998 1
8999 0
9000 1
9001 0
9002 1
9003 1
9004 1
9005 1
9006 1
9007 0
9008 0
9009 1
9010 1
9011 0
9012 1
9013 0
9014 1
9015 0
9016 1
9017 0
9018 1
9019 1
9020 1
9021 1
9022 1
9023 1
9024 0
9025 0
9026 0
9027 1
9028 0
9029 1
9030 1
9031 0
9032 0
9033 1
9034 0
9035 0
9036 1
9037 1
9038 0
9039 0
9040 1
9041 0
9042 1
9043 1
9044 0
9045 1
9046 1
9047 1
9048 0
9049 0
9050 0
9051 0
9052 0
9053 0
9054 0
9055 0
9056 0
9057 1
9058 0
9059 0
9060 0
9061 1
9062 0
9063 0
9064 1
9065 1
9066 1
9067 0
9068 0
9069 1
9070 0
9071 1
9072 1
9073 0
9074 0
9075 1
9076 1
9077 0
9078 2
9079 1
9080 0
9081 1
9082 1
9083 1
9084 1
9085 1
9086 0
9087 0
9088 1
9089 0
9090 0
9091 0
9092 0
9093 0
9094 0
9095 0
9096 0
9097 1
9098 0
9099 0
9100 0
9101 0
9102 1
9103 1
9104 1
9105 1
9106 0
9107 0
9108 0
9109 0
9110 0
9111 1
9112 1
9113 0
9114 1
9115 1
9116 1
9117 1
9118 0
9119 1
9120 0
9121 0
9122 1
9123 1
9124 1
9125 0
9126 1
9127 1
9128 1
9129 2
9130 0
9131 1
9132 1
9133 0
9134 0
9135 1
9136 0
9137 0
9138 0
9139 1
9140 1
9141 0
9142 1
9143 0
9144 0
9145 1
9146 1
9147 0
9148 0
9149 1
9150 0
9151 1
9152 0
9153 1
9154 1
9155 0
9156 1
9157 0
9158 1
9159 1
9160 1
9161 0
9162 1
9163 0
9164 1
9165 1
9166 1
9167 0
9168 1
9169 1
9170 1
9171 1
9172 1
9173 1
9174 1
9175 1
9176 1
9177 1
9178 1
9179 1
9180 0
9181 1
9182 1
9183 1
9184 1
9185 1
9186 1
9187 0
9188 1
9189 1
9190 1
9191 0
9192 1
9193 1
9194 1
9195 0
9196 1
9197 0
9198 1
9199 1
9200 0
9201 2
9202 0
9203 1
9204 0
9205 1
9206 1
9207 0
9208 0
9209 1
9210 0
9211 1
9212 0
9213 1
9214 1
9215 0
9216 1
9217 1
9218 1
9219 0
9220 1
9221 1
9222 0
9223 1
9224 0
9225 0
9226 1
9227 0
9228 1
9229 1
9230 1
9231 1
9232 0
9233 0
9234 1
9235 0
9236 0
9237 1
9238 1
9239 1
9240 0
9241 0
9242 1
9243 1
9244 0
9245 0
9246 1
9247 1
9248 1
9249 1
9250 0
9251 0
9252 0
9253 1
9254 1
9255 1
9256 1
9257 1
9258 0
9259 1
9260 1
9261 0
9262 0
9263 0
9264 0
9265 0
9266 0
9267 1
9268 0
9269 1
9270 0
9271 0
9272 0
9273 1
9274 1
9275 1
9276 1
9277 1
9278 0
9279 0
9280 1
9281 0
9282 1
9283 0
9284 1
9285 0
9286 1
9287 1
9288 1
9289 0
9290 0
9291 1
9292 0
9293 1
9294 0
9295 1
9296 1
9297 1
9298 1
9299 1
9300 1
9301 0
9302 0
9303 2
9304 2
9305 0
9306 0
9307 1
9308 1
9309 1
9310 0
9311 1
9312 1
9313 1
9314 0
9315 1
9316 1
9317 0
9318 1
9319 0
9320 0
9321 1
9322 2
9323 1
9324 0
9325 0
9326 0
9327 0
9328 0
9329 0
9330 1
9331 0
9332 0
9333 0
9334 0
9335 1
9336 1
9337 0
9338 1
9339 0
9340 0
9341 0
9342 0
9343 0
9344 0
9345 0
9346 0
9347 0
9348 0
9349 0
9350 0
9351 0
9352 0
9353 0
9354 0
9355 0
9356 0
9357 0
9358 0
9359 0
9360 0
9361 0
9362 0
9363 0
9364 0
9365 0
9366 0
9367 0
9368 1
9369 1
9370 1
9371 1
9372 1
9373 1
9374 1
9375 1
9376 1
9377 1
9378 0
9379 1
9380 0
9381 1
9382 0
9383 0
9384 1
9385 0
9386 1
9387 1
9388 0
9389 0
9390 1
9391 0
9392 0
9393 1
9394 0
9395 1
9396 1
9397 1
9398 1
9399 0
9400 1
9401 1
9402 0
9403 0
9404 1
9405 0
9406 0
9407 0
9408 1
9409 1
9410 0
9411 1
9412 0
9413 0
9414 0
9415 0
9416 0
9417 1
9418 0
9419 1
9420 0
9421 0
9422 1
9423 1
9424 1
9425 0
9426 1
9427 0
9428 0
9429 1
9430 1
9431 0
9432 0
9433 1
9434 1
9435 1
9436 0
9437 0
9438 0
9439 1
9440 0
9441 1
9442 1
9443 0
9444 1
9445 1
9446 0
9447 0
9448 1
9449 0
9450 1
9451 0
9452 1
9453 1
9454 1
9455 1
9456 1
9457 0
9458 1
9459 1
9460 1
9461 1
9462 2
9463 1
9464 0
9465 1
9466 0
9467 1
9468 1
9469 1
9470 1
9471 1
9472 0
9473 0
9474 1
9475 1
9476 1
9477 0
9478 0
9479 0
9480 0
9481 0
9482 0
9483 0
9484 0
9485 1
9486 1
9487 1
9488 1
9489 0
9490 1
9491 1
9492 0
9493 1
9494 0
9495 1
9496 1
9497 1
9498 1
9499 0
9500 0
9501 1
9502 1
9503 1
9504 1
9505 0
9506 0
9507 1
9508 0
9509 0
9510 1
9511 0
9512 0
9513 1
9514 1
9515 1
9516 0
9517 0
9518 0
9519 1
9520 0
9521 1
9522 1
9523 1
9524 1
9525 0
9526 0
9527 1
9528 1
9529 0
9530 0
9531 0
9532 0
9533 0
9534 1
9535 1
9536 1
9537 1
9538 1
9539 0
9540 0
9541 0
9542 0
9543 0
9544 0
9545 0
9546 0
9547 0
9548 0
9549 0
9550 0
9551 0
9552 0
9553 0
9554 0
9555 0
9556 0
9557 0
9558 0
9559 0
9560 0
9561 0
9562 0
9563 0
9564 0
9565 0
9566 0
9567 0
9568 0
9569 0
9570 0
9571 0
9572 0
9573 0
9574 1
9575 1
9576 0
9577 1
9578 1
9579 0
9580 1
9581 0
9582 0
9583 0
9584 1
9585 1
9586 0
9587 0
9588 1
9589 2
9590 0
9591 0
9592 1
9593 1
9594 0
9595 1
9596 1
9597 1
9598 0
9599 1
9600 1
9601 0
9602 0
9603 1
9604 1
9605 1
9606 1
9607 0
9608 1
9609 1
9610 0
9611 1
9612 0
9613 1
9614 0
9615 1
9616 1
9617 1
9618 1
9619 1
9620 0
9621 1
9622 0
9623 0
9624 1
9625 0
9626 0
9627 1
9628 1
9629 1
9630 0
9631 1
9632 0
9633 1
9634 0
9635 1
9636 0
9637 0
9638 0
9639 1
9640 1
9641 2
9642 1
9643 1
9644 0
9645 0
9646 0
9647 1
9648 0
9649 1
9650 1
9651 0
9652 0
9653 1
9654 0
9655 1
9656 1
9657 1
9658 1
9659 1
9660 0
9661 1
9662 1
9663 0
9664 1
9665 1
9666 1
9667 1
9668 0
9669 0
9670 0
9671 1
9672 1
9673 0
9674 1
9675 1
9676 0
9677 0
9678 1
9679 1
9680 0
9681 0
9682 1
9683 1
9684 0
9685 0
9686 1
9687 1
9688 0
9689 1
9690 1
9691 1
9692 1
9693 1
9694 1
9695 1
9696 1
9697 1
9698 1
9699 1
9700 1
9701 1
9702 1
9703 1
9704 0
9705 1
9706 0
9707 1
9708 0
9709 0
9710 0
9711 1
9712 1
9713 2
9714 1
9715 0
9716 0
9717 0
9718 0
9719 0
9720 0
9721 0
9722 0
9723 0
9724 0
9725 0
9726 0
9727 0
9728 0
9729 0
9730 0
9731 0
9732 0
9733 0
9734 0
9735 0
9736 0
9737 0
9738 0
9739 0
9740 0
9741 0
9742 0
9743 0
9744 0
9745 0
9746 0
9747 1
9748 1
9749 1
9750 0
9751 1
9752 0
9753 1
9754 0
9755 1
9756 1
9757 1
9758 1
9759 1
9760 1
9761 0
9762 0
9763 0
9764 0
9765 0
9766 0
9767 1
9768 1
9769 0
9770 0
9771 1
9772 0
9773 1
9774 0
9775 0
9776 1
9777 0
9778 0
9779 0
9780 1
9781 0
9782 0
9783 0
9784 0
9785 1
9786 1
9787 1
9788 0
9789 0
9790 1
9791 0
9792 1
9793 1
9794 1
9795 0
9796 0
9797 1
9798 1
9799 0
9800 1
9801 0
9802 1
9803 1
9804 1
9805 1
9806 1
9807 1
9808 1
9809 1
9810 1
9811 0
9812 1
9813 1
9814 0
9815 1
9816 0
9817 1
9818 0
9819 1
9820 1
9821 0
9822 0
9823 0
9824 0
9825 1
9826 1
9827 0
9828 0
9829 1
9830 1
9831 0
9832 1
9833 1
9834 1
9835 0
9836 1
9837 1
9838 0
9839 1
9840 0
9841 1
9842 1
9843 1
9844 1
9845 0
9846 0
9847 0
9848 0
9849 0
9850 1
9851 1
9852 2
9853 0
9854 1
9855 0
9856 1
9857 1
9858 0
9859 1
9860 0
9861 0
9862 1
9863 1
9864 0
9865 1
9866 1
9867 1
9868 0
9869 1
9870 1
9871 0
9872 0
9873 0
9874 1
9875 1
9876 1
9877 1
9878 0
9879 1
9880 0
9881 0
9882 0
9883 1
9884 1
9885 0
9886 1
9887 1
9888 0
9889 1
9890 1
9891 1
9892 0
9893 1
9894 0
9895 1
9896 0
9897 1
9898 1
9899 0
9900 1
9901 1
9902 0
9903 1
9904 0
9905 0
9906 1
9907 1
9908 1
9909 1
9910 1
9911 1
9912 1
9913 0
9914 1
9915 0
9916 0
9917 0
9918 0
9919 0
9920 1
9921 0
9922 1
9923 1
9924 1
9925 0
9926 1
9927 0
9928 1
9929 0
9930 1
9931 1
9932 0
9933 0
9934 1
9935 0
9936 0
9937 1
9938 1
9939 1
9940 0
9941 1
9942 0
9943 1
9944 0
9945 1
9946 1
9947 1
9948 0
9949 1
9950 1
9951 1
9952 0
9953 1
9954 1
9955 0
9956 1
9957 0
9958 1
9959 0
9960 0
9961 0
9962 0
9963 2
9964 1
9965 1
9966 1
9967 1
9968 0
9969 0
9970 0
9971 0
9972 1
9973 1
9974 1
9975 1
9976 0
9977 0
9978 1
9979 0
9980 0
9981 0
9982 0
9983 0
9984 1
9985 0
9986 0
9987 1
9988 0
9989 2
9990 1
9991 1
9992 0
9993 0
9994 0
9995 0
9996 0
9997 0
9998 1
9999 0
10000 0
10001 1
