1 2
2 1
3 1
4 1
5 1
6 3
7 1
8 2
9 0
10 0
11 1
12 1
13 1
14 2
15 2
16 0
17 1
18 1
19 2
20 1
21 2
22 2
23 1
24 1
25 1
26 2
27 2
28 1
29 1
30 1
31 0
32 1
33 0
34 2
35 2
36 0
37 2
38 1
39 1
40 1
41 1
42 3
43 1
44 1
45 2
46 2
47 1
48 2
49 2
50 2
51 2
52 0
53 1
54 1
55 2
56 2
57 2
58 2
59 2
60 1
61 1
62 0
63 0
64 0
65 0
66 1
67 1
68 0
69 0
70 0
71 0
72 1
73 1
74 0
75 0
76 0
77 0
78 1
79 1
80 0
81 0
82 0
83 1
84 1
85 1
86 1
87 0
88 0
89 0
90 1
91 1
92 1
93 0
94 0
95 1
96 0
97 0
98 0
99 1
100 0
101 0
102 0
103 0
104 1
105 0
106 0
107 0
108 0
109 2
110 0
111 0
112 2
113 0
114 1
115 0
116 1
117 0
118 1
119 1
120 0
121 0
122 0
123 0
124 0
125 1
126 1
127 1
128 0
129 1
130 0
131 1
132 0
133 1
134 0
135 0
136 0
137 0
138 1
139 0
140 0
141 0
142 0
143 1
144 0
145 0
146 0
147 0
148 0
149 0
150 0
151 0
152 0
153 0
154 0
155 0
156 0
157 0
158 0
159 0
160 0
161 0
162 0
163 0
164 0
165 0
166 0
167 0
168 0
169 0
170 0
171 1
172 0
173 0
174 0
175 0
176 0
177 0
178 1
179 0
180 0
181 0
182 0
183 0
184 0
185 0
186 0
187 1
188 1
189 2
190 1
191 2
192 0
193 0
194 0
195 1
196 0
197 1
198 0
199 0
200 0
201 0
202 0
203 0
204 0
205 0
206 1
207 0
208 0
209 0
210 0
211 0
212 0
213 0
214 1
215 0
216 0
217 0
218 0
219 1
220 0
221 0
222 0
223 0
224 0
225 1
226 1
227 1
228 0
229 1
230 1
231 0
232 1
233 1
234 2
235 2
236 1
237 0
238 2
239 0
240 2
241 1
242 1
243 2
244 1
245 2
246 1
247 3
248 2
249 2
250 0
251 2
252 1
253 1
254 3
255 2
256 1
257 1
258 1
259 1
260 0
261 1
262 1
263 1
264 1
265 2
266 2
267 2
268 2
269 2
270 2
271 1
272 1
273 1
274 2
275 2
276 0
277 1
278 0
279 0
280 0
281 1
282 0
283 1
284 0
285 0
286 0
287 0
288 0
289 1
290 0
291 0
292 0
293 0
294 0
295 0
296 0
297 0
298 0
299 0
300 0
301 0
302 1
303 0
304 1
305 0
306 1
307 0
308 1
309 0
310 1
311 0
312 0
313 0
314 0
315 0
316 0
317 0
318 0
319 0
320 0
321 0
322 0
323 0
324 0
325 0
326 0
327 0
328 0
329 1
330 1
331 0
332 1
333 1
334 1
335 0
336 0
337 0
338 0
339 1
340 0
341 0
342 1
343 0
344 2
345 1
346 1
347 1
348 0
349 0
350 0
351 1
352 0
353 2
354 1
355 0
356 2
357 1
358 0
359 1
360 2
361 2
362 0
363 0
364 1
365 0
366 1
367 1
368 0
369 0
370 0
371 1
372 1
373 1
374 1
375 0
376 1
377 1
378 1
379 0
380 1
381 1
382 1
383 0
384 0
385 0
386 0
387 0
388 0
389 0
390 1
391 2
392 2
393 1
394 0
395 0
396 0
397 0
398 0
399 1
400 1
401 0
402 0
403 1
404 1
405 0
406 0
407 1
408 1
409 0
410 0
411 1
412 0
413 2
414 0
415 0
416 0
417 1
418 0
419 0
420 1
421 0
422 0
423 0
424 0
425 0
426 0
427 0
428 0
429 0
430 1
431 0
432 1
433 0
434 0
435 1
436 0
437 0
438 0
439 0
440 0
441 0
442 0
443 0
444 1
445 0
446 0
447 0
448 0
449 0
450 1
451 0
452 1
453 0
454 0
455 0
456 0
457 0
458 0
459 0
460 0
461 0
462 0
463 0
464 0
465 0
466 0
467 0
468 0
469 0
470 1
471 1
472 1
473 0
474 0
475 1
476 0
477 1
478 1
479 1
480 0
481 0
482 2
483 1
484 1
485 0
486 1
487 2
488 1
489 2
490 1
491 1
492 1
493 0
494 2
495 2
496 2
497 2
498 1
499 1
500 2
501 1
502 2
503 2
504 1
505 1
506 0
507 0
508 0
509 1
510 0
511 1
512 0
513 0
514 0
515 2
516 2
517 0
518 0
519 0
520 0
521 0
522 0
523 0
524 1
525 0
526 1
527 0
528 0
529 0
530 0
531 0
532 0
533 0
534 0
535 0
536 1
537 0
538 0
539 1
540 0
541 1
542 1
543 1
544 0
545 2
546 0
547 1
548 2
549 2
550 2
551 2
552 1
553 1
554 1
555 2
556 2
557 1
558 2
559 2
560 2
561 1
562 2
563 2
564 0
565 1
566 2
567 2
568 2
569 1
570 1
571 1
572 1
573 1
574 2
575 2
576 1
577 1
578 1
579 0
580 1
581 1
582 0
583 1
584 1
585 2
586 1
587 0
588 1
589 0
590 1
591 1
592 3
593 2
594 1
595 0
596 1
597 2
598 0
599 1
600 1
601 1
602 0
603 2
604 3
605 1
606 1
607 1
608 1
609 1
610 2
611 0
612 2
613 1
614 1
615 1
616 1
617 2
618 1
619 1
620 1
621 3
622 2
623 1
624 0
625 1
626 0
627 1
628 1
629 1
630 2
631 0
632 2
633 1
634 2
635 2
636 1
637 2
638 0
639 2
640 3
641 1
642 1
643 0
644 2
645 1
646 1
647 1
648 1
649 1
650 0
651 1
652 2
653 1
654 2
655 2
656 1
657 1
658 1
659 2
660 1
661 3
662 2
663 1
664 1
665 2
666 1
667 1
668 1
669 1
670 1
671 1
672 1
673 1
674 1
675 0
676 2
677 0
678 1
679 2
680 1
681 0
682 1
683 0
684 0
685 2
686 1
687 2
688 2
689 0
690 1
691 2
692 1
693 1
694 1
695 0
696 2
697 0
698 0
699 0
700 1
701 2
702 1
703 1
704 0
705 1
706 1
707 2
708 2
709 1
710 2
711 2
712 0
713 1
714 2
715 1
716 2
717 0
718 2
719 1
720 1
721 2
722 1
723 3
724 2
725 1
726 1
727 0
728 1
729 1
730 1
731 2
732 2
733 2
734 0
735 1
736 0
737 1
738 1
739 2
740 2
741 2
742 1
743 3
744 1
745 1
746 2
747 2
748 0
749 1
750 1
751 1
752 1
753 2
754 2
755 2
756 2
757 2
758 2
759 2
760 1
761 2
762 1
763 2
764 1
765 1
766 2
767 0
768 1
769 2
770 1
771 0
772 0
773 1
774 2
775 2
776 2
777 2
778 1
779 2
780 0
781 1
782 0
783 0
784 1
785 1
786 2
787 1
788 1
789 2
790 1
791 0
792 1
793 2
794 1
795 1
796 1
797 0
798 0
799 2
800 1
801 1
802 1
803 2
804 1
805 2
806 1
807 0
808 1
809 1
810 1
811 0
812 1
813 1
814 2
815 1
816 1
817 1
818 0
819 1
820 0
821 1
822 1
823 1
824 1
825 1
826 2
827 1
828 2
829 0
830 1
831 1
832 2
833 1
834 1
835 1
836 0
837 1
838 1
839 1
840 3
841 1
842 2
843 1
844 2
845 0
846 3
847 1
848 1
849 1
850 2
851 2
852 1
853 0
854 1
855 1
856 1
857 2
858 2
859 1
860 3
861 2
862 1
863 2
864 0
865 3
866 1
867 1
868 1
869 1
870 0
871 1
872 0
873 0
874 1
875 0
876 0
877 0
878 2
879 1
880 1
881 1
882 0
883 1
884 0
885 0
886 1
887 2
888 1
889 0
890 1
891 2
892 0
893 2
894 2
895 1
896 2
897 0
898 1
899 1
900 1
901 1
902 0
903 0
904 2
905 1
906 0
907 1
908 0
909 1
910 2
911 1
912 2
913 1
914 0
915 2
916 2
917 1
918 1
919 3
920 2
921 1
922 1
923 1
924 1
925 0
926 0
927 1
928 0
929 0
930 0
931 0
932 1
933 0
934 0
935 0
936 0
937 0
938 0
939 0
940 0
941 0
942 1
943 0
944 2
945 1
946 1
947 2
948 0
949 2
950 1
951 1
952 0
953 0
954 2
955 2
956 2
957 2
958 0
959 2
960 1
961 2
962 1
963 1
964 1
965 2
966 2
967 2
968 1
969 1
970 1
971 2
972 2
973 3
974 1
975 2
976 2
977 2
978 2
979 0
980 1
981 2
982 1
983 2
984 2
985 1
986 1
987 2
988 1
989 2
990 1
991 1
992 1
993 0
994 0
995 1
996 1
997 0
998 0
999 1
1000 3
1001 2
1002 1
1003 2
1004 1
1005 1
1006 0
1007 2
1008 1
1009 2
1010 1
1011 2
1012 0
1013 2
1014 2
1015 2
1016 2
1017 1
1018 1
1019 2
1020 1
1021 1
1022 1
1023 1
1024 2
1025 1
1026 2
1027 1
1028 2
1029 0
1030 0
1031 1
1032 2
1033 2
1034 2
1035 1
1036 2
1037 1
1038 2
1039 1
1040 1
1041 2
1042 1
1043 0
1044 2
1045 1
1046 0
1047 0
1048 0
1049 0
1050 0
1051 0
1052 0
1053 1
1054 0
1055 1
1056 0
1057 1
1058 1
1059 0
1060 1
1061 1
1062 0
1063 1
1064 1
1065 2
1066 0
1067 0
1068 2
1069 2
1070 0
1071 1
1072 1
1073 2
1074 2
1075 2
1076 1
1077 1
1078 0
1079 2
1080 2
1081 0
1082 1
1083 3
1084 1
1085 2
1086 2
1087 1
1088 1
1089 1
1090 0
1091 1
1092 0
1093 1
1094 0
1095 0
1096 1
1097 2
1098 2
1099 1
1100 1
1101 1
1102 0
1103 0
1104 0
1105 1
1106 1
1107 1
1108 2
1109 1
1110 1
1111 1
1112 0
1113 1
1114 1
1115 1
1116 1
1117 0
1118 1
1119 2
1120 1
1121 1
1122 1
1123 1
1124 0
1125 0
1126 0
1127 2
1128 1
1129 0
1130 0
1131 1
1132 1
1133 1
1134 1
1135 1
1136 1
1137 2
1138 0
1139 1
1140 1
1141 1
1142 1
1143 1
1144 2
1145 2
1146 1
1147 2
1148 3
1149 0
1150 2
1151 1
1152 1
1153 1
1154 2
1155 1
1156 0
1157 2
1158 2
1159 2
1160 2
1161 0
1162 2
1163 1
1164 1
1165 0
1166 2
1167 1
1168 2
1169 1
1170 2
1171 2
1172 0
1173 1
1174 2
1175 1
1176 2
1177 2
1178 2
1179 2
1180 2
1181 1
1182 0
1183 2
1184 1
1185 0
1186 1
1187 1
1188 2
1189 2
1190 1
1191 1
1192 0
1193 1
1194 1
1195 1
1196 1
1197 0
1198 2
1199 2
1200 1
1201 2
1202 1
1203 2
1204 2
1205 1
1206 0
1207 0
1208 0
1209 0
1210 0
1211 1
1212 1
1213 0
1214 1
1215 0
1216 2
1217 0
1218 0
1219 0
1220 1
1221 0
1222 1
1223 0
1224 0
1225 1
1226 1
1227 2
1228 0
1229 0
1230 0
1231 1
1232 0
1233 0
1234 0
1235 0
1236 0
1237 0
1238 0
1239 0
1240 0
1241 1
1242 0
1243 0
1244 0
1245 0
1246 0
1247 0
1248 0
1249 0
1250 0
1251 0
1252 0
1253 0
1254 0
1255 1
1256 2
1257 2
1258 2
1259 0
1260 1
1261 0
1262 3
1263 2
1264 2
1265 1
1266 2
1267 1
1268 2
1269 0
1270 1
1271 1
1272 1
1273 0
1274 2
1275 1
1276 1
1277 1
1278 2
1279 2
1280 1
1281 1
1282 1
1283 2
1284 0
1285 2
1286 0
1287 1
1288 1
1289 1
1290 1
1291 0
1292 1
1293 2
1294 1
1295 2
1296 1
1297 1
1298 2
1299 1
1300 3
1301 1
1302 2
1303 2
1304 1
1305 1
1306 2
1307 2
1308 1
1309 1
1310 1
1311 1
1312 1
1313 1
1314 1
1315 2
1316 0
1317 0
1318 1
1319 1
1320 1
1321 1
1322 0
1323 1
1324 1
1325 2
1326 2
1327 2
1328 2
1329 1
1330 1
1331 0
1332 1
1333 1
1334 1
1335 1
1336 1
1337 2
1338 1
1339 1
1340 1
1341 1
1342 1
1343 1
1344 2
1345 1
1346 1
1347 2
1348 1
1349 1
1350 1
1351 0
1352 2
1353 1
1354 0
1355 1
1356 1
1357 0
1358 1
1359 0
1360 0
1361 0
1362 0
1363 1
1364 2
1365 2
1366 2
1367 2
1368 0
1369 1
1370 2
1371 1
1372 1
1373 2
1374 2
1375 2
1376 2
1377 1
1378 0
1379 1
1380 1
1381 1
1382 1
1383 2
1384 2
1385 0
1386 2
1387 0
1388 1
1389 1
1390 1
1391 2
1392 0
1393 1
1394 2
1395 2
1396 1
1397 1
1398 1
1399 1
1400 1
1401 0
1402 2
1403 1
1404 1
1405 1
1406 1
1407 1
1408 1
1409 0
1410 1
1411 0
1412 2
1413 2
1414 1
1415 1
1416 0
1417 0
1418 2
1419 1
1420 2
1421 2
1422 1
1423 1
1424 1
1425 1
1426 1
1427 0
1428 1
1429 2
1430 1
1431 1
1432 1
1433 2
1434 2
1435 1
1436 1
1437 3
1438 2
1439 2
1440 2
1441 1
1442 2
1443 2
1444 2
1445 2
1446 0
1447 1
1448 0
1449 1
1450 2
1451 2
1452 1
1453 2
1454 2
1455 1
1456 2
1457 2
1458 1
1459 2
1460 1
1461 0
1462 2
1463 2
1464 0
1465 0
1466 2
1467 0
1468 2
1469 1
1470 2
1471 1
1472 2
1473 2
1474 2
1475 2
1476 1
1477 2
1478 2
1479 1
1480 0
1481 0
1482 0
1483 1
1484 1
1485 1
1486 1
1487 0
1488 0
1489 1
1490 1
1491 2
1492 1
1493 2
1494 1
1495 2
1496 1
1497 1
1498 1
1499 1
1500 0
1501 2
1502 1
1503 2
1504 1
1505 2
1506 1
1507 1
1508 1
1509 1
1510 1
1511 2
1512 2
1513 2
1514 2
1515 1
1516 1
1517 0
1518 1
1519 1
1520 1
1521 1
1522 1
1523 0
1524 2
1525 2
1526 2
1527 1
1528 1
1529 1
1530 2
1531 2
1532 1
1533 2
1534 1
1535 2
1536 3
1537 0
1538 2
1539 2
1540 0
1541 2
1542 1
1543 1
1544 2
1545 1
1546 2
1547 0
1548 2
1549 2
1550 2
1551 2
1552 2
1553 1
1554 2
1555 1
1556 1
1557 1
1558 1
1559 2
1560 1
1561 1
1562 2
1563 1
1564 1
1565 2
1566 2
1567 1
1568 1
1569 2
1570 2
1571 2
1572 0
1573 2
1574 2
1575 2
1576 3
1577 0
1578 0
1579 2
1580 1
1581 1
1582 1
1583 2
1584 2
1585 1
1586 0
1587 2
1588 0
1589 1
1590 3
1591 2
1592 0
1593 2
1594 1
1595 2
1596 1
1597 1
1598 0
1599 1
1600 1
1601 2
1602 2
1603 2
1604 2
1605 1
1606 1
1607 2
1608 2
1609 1
1610 1
1611 2
1612 0
1613 2
1614 3
1615 3
1616 2
1617 1
1618 1
1619 1
1620 1
1621 0
1622 1
1623 1
1624 1
1625 0
1626 2
1627 2
1628 2
1629 1
1630 1
1631 2
1632 2
1633 1
1634 1
1635 1
1636 2
1637 1
1638 2
1639 3
1640 2
1641 2
1642 2
1643 2
1644 2
1645 1
1646 1
1647 0
1648 1
1649 3
1650 1
1651 2
1652 1
1653 2
1654 1
1655 3
1656 2
1657 1
1658 1
1659 1
1660 1
1661 1
1662 1
1663 1
1664 2
1665 1
1666 2
1667 2
1668 1
1669 2
1670 1
1671 1
1672 2
1673 1
1674 2
1675 1
1676 2
1677 2
1678 1
1679 1
1680 2
1681 1
1682 1
1683 3
1684 1
1685 1
1686 1
1687 2
1688 1
1689 1
1690 2
1691 1
1692 0
1693 1
1694 2
1695 1
1696 2
1697 0
1698 1
1699 1
1700 1
1701 2
1702 1
1703 1
1704 2
1705 1
1706 1
1707 1
1708 1
1709 2
1710 2
1711 1
1712 2
1713 1
1714 1
1715 1
1716 2
1717 1
1718 2
1719 2
1720 1
1721 0
1722 1
1723 1
1724 0
1725 2
1726 2
1727 2
1728 1
1729 1
1730 2
1731 2
1732 2
1733 2
1734 0
1735 1
1736 1
1737 2
1738 0
1739 0
1740 2
1741 0
1742 1
1743 2
1744 2
1745 2
1746 1
1747 1
1748 1
1749 1
1750 1
1751 1
1752 2
1753 2
1754 2
1755 2
1756 2
1757 0
1758 2
1759 0
1760 1
1761 1
1762 0
1763 1
1764 2
1765 2
1766 1
1767 1
1768 2
1769 1
1770 2
1771 1
1772 1
1773 0
1774 0
1775 1
1776 2
1777 0
1778 2
1779 2
1780 2
1781 1
1782 1
1783 1
1784 1
1785 2
1786 2
1787 1
1788 2
1789 1
1790 2
1791 1
1792 3
1793 2
1794 2
1795 2
1796 2
1797 2
1798 1
1799 1
1800 1
1801 3
1802 2
1803 3
1804 1
1805 2
1806 2
1807 2
1808 1
1809 1
1810 2
1811 1
1812 2
1813 1
1814 0
1815 1
1816 0
1817 2
1818 0
1819 2
1820 2
1821 2
1822 0
1823 2
1824 2
1825 2
1826 1
1827 1
1828 2
1829 3
1830 1
1831 1
1832 1
1833 0
1834 2
1835 2
1836 2
1837 3
1838 2
1839 2
1840 1
1841 2
1842 2
1843 2
1844 2
1845 2
1846 0
1847 1
1848 1
1849 0
1850 2
1851 1
1852 1
1853 1
1854 2
1855 0
1856 1
1857 1
1858 2
1859 1
1860 2
1861 2
1862 1
1863 1
1864 2
1865 1
1866 1
1867 1
1868 1
1869 1
1870 1
1871 1
1872 2
1873 2
1874 2
1875 1
1876 1
1877 1
1878 1
1879 1
1880 1
1881 1
1882 2
1883 1
1884 1
1885 2
1886 3
1887 2
1888 1
1889 2
1890 2
1891 1
1892 0
1893 1
1894 2
1895 1
1896 1
1897 2
1898 0
1899 0
1900 0
1901 1
1902 1
1903 1
1904 1
1905 1
1906 2
1907 1
1908 3
1909 1
1910 0
1911 0
1912 0
1913 0
1914 1
1915 1
1916 0
1917 1
1918 1
1919 2
1920 1
1921 3
1922 1
1923 1
1924 1
1925 2
1926 1
1927 1
1928 1
1929 1
1930 1
1931 2
1932 2
1933 1
1934 1
1935 2
1936 2
1937 1
1938 2
1939 0
1940 0
1941 0
1942 2
1943 1
1944 1
1945 1
1946 0
1947 1
1948 1
1949 0
1950 1
1951 0
1952 1
1953 1
1954 1
1955 1
1956 2
1957 1
1958 1
1959 0
1960 0
1961 1
1962 1
1963 0
1964 1
1965 1
1966 1
1967 0
1968 2
1969 1
1970 1
1971 0
1972 2
1973 1
1974 1
1975 1
1976 1
1977 0
1978 1
1979 1
1980 1
1981 0
1982 1
1983 1
1984 1
1985 1
1986 0
1987 2
1988 1
1989 0
1990 0
1991 1
1992 2
1993 0
1994 2
1995 2
1996 1
1997 1
1998 1
1999 1
2000 2
2001 1
2002 2
2003 1
2004 1
2005 2
2006 0
2007 2
2008 1
2009 1
2010 0
2011 1
2012 1
2013 1
2014 2
2015 1
2016 2
2017 1
2018 1
2019 1
2020 2
2021 1
2022 1
2023 2
2024 2
2025 2
2026 2
2027 2
2028 1
2029 0
2030 0
2031 1
2032 1
2033 2
2034 2
2035 1
2036 2
2037 3
2038 1
2039 1
2040 1
2041 2
2042 2
2043 1
2044 2
2045 1
2046 2
2047 0
2048 1
2049 2
2050 0
2051 0
2052 0
2053 2
2054 1
2055 1
2056 3
2057 2
2058 1
2059 1
2060 2
2061 0
2062 2
2063 2
2064 2
2065 1
2066 1
2067 1
2068 2
2069 2
2070 1
2071 1
2072 1
2073 0
2074 1
2075 2
2076 1
2077 1
2078 1
2079 1
2080 2
2081 1
2082 1
2083 2
2084 1
2085 2
2086 1
2087 2
2088 2
2089 2
2090 2
2091 1
2092 1
2093 2
2094 1
2095 1
2096 2
2097 1
2098 2
2099 1
2100 1
2101 1
2102 1
2103 0
2104 0
2105 0
2106 0
2107 0
2108 1
2109 0
2110 0
2111 1
2112 1
2113 1
2114 1
2115 1
2116 0
2117 2
2118 0
2119 0
2120 0
2121 1
2122 1
2123 1
2124 1
2125 1
2126 1
2127 1
2128 1
2129 1
2130 1
2131 1
2132 2
2133 1
2134 2
2135 0
2136 1
2137 2
2138 1
2139 2
2140 1
2141 2
2142 1
2143 1
2144 1
2145 0
2146 0
2147 1
2148 1
2149 1
2150 1
2151 1
2152 2
2153 1
2154 2
2155 1
2156 2
2157 1
2158 1
2159 1
2160 1
2161 1
2162 2
2163 1
2164 2
2165 1
2166 0
2167 1
2168 1
2169 0
2170 0
2171 1
2172 1
2173 1
2174 1
2175 1
2176 1
2177 2
2178 0
2179 0
2180 1
2181 1
2182 2
2183 2
2184 2
2185 1
2186 0
2187 1
2188 1
2189 2
2190 0
2191 1
2192 1
2193 2
2194 2
2195 2
2196 0
2197 1
2198 1
2199 2
2200 1
2201 1
2202 2
2203 2
2204 0
2205 1
2206 1
2207 1
2208 1
2209 0
2210 1
2211 1
2212 1
2213 0
2214 1
2215 1
2216 2
2217 2
2218 2
2219 1
2220 1
2221 0
2222 0
2223 2
2224 0
2225 3
2226 1
2227 2
2228 3
2229 2
2230 1
2231 1
2232 0
2233 1
2234 0
2235 2
2236 2
2237 1
2238 2
2239 1
2240 0
2241 2
2242 2
2243 2
2244 2
2245 2
2246 1
2247 1
2248 1
2249 0
2250 2
2251 0
2252 0
2253 0
2254 0
2255 1
2256 0
2257 1
2258 0
2259 0
2260 0
2261 0
2262 0
2263 0
2264 1
2265 2
2266 1
2267 1
2268 0
2269 1
2270 2
2271 2
2272 1
2273 1
2274 2
2275 2
2276 2
2277 1
2278 1
2279 2
2280 1
2281 1
2282 2
2283 0
2284 0
2285 2
2286 1
2287 3
2288 2
2289 1
2290 0
2291 2
2292 2
2293 2
2294 2
2295 2
2296 1
2297 0
2298 2
2299 2
2300 1
2301 0
2302 1
2303 2
2304 1
2305 0
2306 1
2307 2
2308 2
2309 1
2310 1
2311 1
2312 2
2313 2
2314 2
2315 1
2316 0
2317 2
2318 1
2319 2
2320 1
2321 2
2322 1
2323 2
2324 2
2325 1
2326 1
2327 1
2328 1
2329 2
2330 2
2331 2
2332 1
2333 1
2334 1
2335 0
2336 1
2337 1
2338 2
2339 1
2340 0
2341 2
2342 0
2343 1
2344 2
2345 2
2346 1
2347 1
2348 3
2349 2
2350 2
2351 1
2352 2
2353 1
2354 1
2355 1
2356 1
2357 1
2358 2
2359 2
2360 2
2361 1
2362 1
2363 2
2364 1
2365 1
2366 1
2367 2
2368 1
2369 0
2370 1
2371 2
2372 2
2373 2
2374 1
2375 1
2376 2
2377 1
2378 0
2379 1
2380 0
2381 1
2382 1
2383 1
2384 2
2385 1
2386 1
2387 1
2388 1
2389 1
2390 1
2391 1
2392 0
2393 0
2394 0
2395 1
2396 0
2397 0
2398 0
2399 0
2400 0
2401 0
2402 0
2403 0
2404 0
2405 0
2406 0
2407 2
2408 0
2409 0
2410 1
2411 0
2412 0
2413 1
2414 0
2415 1
2416 1
2417 1
2418 1
2419 1
2420 2
2421 0
2422 1
2423 0
2424 1
2425 0
2426 0
2427 0
2428 1
2429 0
2430 0
2431 0
2432 1
2433 0
2434 0
2435 0
2436 0
2437 1
2438 0
2439 0
2440 0
2441 0
2442 0
2443 0
2444 0
2445 0
2446 0
2447 1
2448 0
2449 0
2450 1
2451 0
2452 1
2453 1
2454 0
2455 0
2456 0
2457 0
2458 1
2459 0
2460 0
2461 0
2462 0
2463 0
2464 0
2465 0
2466 0
2467 1
2468 0
2469 0
2470 0
2471 0
2472 0
2473 0
2474 0
2475 0
2476 0
2477 0
2478 0
2479 0
2480 0
2481 0
2482 0
2483 0
2484 0
2485 0
2486 0
2487 0
2488 1
2489 0
2490 0
2491 0
2492 0
2493 0
2494 0
2495 0
2496 0
2497 0
2498 0
2499 0
2500 0
2501 0
2502 1
2503 0
2504 0
2505 0
2506 1
2507 0
2508 0
2509 0
2510 0
2511 0
2512 0
2513 0
2514 1
2515 1
2516 0
2517 1
2518 0
2519 0
2520 0
2521 1
2522 0
2523 1
2524 1
2525 0
2526 2
2527 1
2528 1
2529 2
2530 1
2531 1
2532 2
2533 2
2534 0
2535 1
2536 0
2537 1
2538 0
2539 1
2540 0
2541 2
2542 0
2543 1
2544 0
2545 0
2546 2
2547 0
2548 0
2549 1
2550 2
2551 1
2552 0
2553 2
2554 0
2555 2
2556 2
2557 0
2558 1
2559 1
2560 2
2561 1
2562 0
2563 1
2564 2
2565 1
2566 1
2567 1
2568 1
2569 2
2570 0
2571 2
2572 1
2573 0
2574 2
2575 1
2576 2
2577 2
2578 1
2579 2
2580 0
2581 1
2582 2
2583 0
2584 1
2585 2
2586 1
2587 2
2588 2
2589 1
2590 2
2591 1
2592 1
2593 1
2594 1
2595 3
2596 3
2597 2
2598 0
2599 0
2600 2
2601 2
2602 1
2603 1
2604 1
2605 1
2606 2
2607 2
2608 1
2609 1
2610 1
2611 2
2612 1
2613 2
2614 2
2615 2
2616 2
2617 1
2618 1
2619 1
2620 3
2621 1
2622 2
2623 0
2624 2
2625 2
2626 0
2627 2
2628 0
2629 3
2630 0
2631 2
2632 0
2633 2
2634 1
2635 1
2636 2
2637 1
2638 1
2639 0
2640 1
2641 1
2642 0
2643 1
2644 0
2645 1
2646 1
2647 1
2648 2
2649 1
2650 1
2651 1
2652 3
2653 1
2654 1
2655 1
2656 1
2657 1
2658 0
2659 0
2660 0
2661 1
2662 0
2663 0
2664 0
2665 0
2666 0
2667 1
2668 0
2669 1
2670 0
2671 1
2672 0
2673 1
2674 0
2675 1
2676 0
2677 1
2678 1
2679 2
2680 0
2681 0
2682 0
2683 1
2684 3
2685 1
2686 2
2687 0
2688 1
2689 1
2690 2
2691 2
2692 2
2693 1
2694 1
2695 1
2696 2
2697 0
2698 2
2699 0
2700 1
2701 2
2702 1
2703 0
2704 0
2705 1
2706 1
2707 0
2708 2
2709 1
2710 2
2711 2
2712 2
2713 2
2714 0
2715 2
2716 1
2717 2
2718 0
2719 0
2720 1
2721 2
2722 1
2723 1
2724 1
2725 1
2726 1
2727 2
2728 1
2729 2
2730 1
2731 0
2732 1
2733 0
2734 1
2735 0
2736 0
2737 1
2738 1
2739 2
2740 0
2741 2
2742 1
2743 1
2744 2
2745 1
2746 2
2747 1
2748 2
2749 1
2750 1
2751 1
2752 1
2753 1
2754 2
2755 2
2756 1
2757 2
2758 1
2759 1
2760 2
2761 1
2762 0
2763 1
2764 3
2765 1
2766 1
2767 1
2768 1
2769 2
2770 1
2771 1
2772 2
2773 1
2774 2
2775 1
2776 1
2777 1
2778 2
2779 0
2780 0
2781 0
2782 0
2783 0
2784 0
2785 0
2786 1
2787 0
2788 0
2789 1
2790 0
2791 0
2792 0
2793 0
2794 0
2795 0
2796 0
2797 0
2798 0
2799 0
2800 0
2801 0
2802 0
2803 0
2804 0
2805 0
2806 0
2807 0
2808 0
2809 0
2810 0
2811 1
2812 0
2813 0
2814 0
2815 0
2816 0
2817 0
2818 0
2819 0
2820 0
2821 0
2822 0
2823 0
2824 0
2825 0
2826 0
2827 0
2828 0
2829 0
2830 0
2831 0
2832 0
2833 0
2834 0
2835 0
2836 0
2837 0
2838 0
2839 0
2840 1
2841 0
2842 1
2843 0
2844 0
2845 0
2846 0
2847 0
2848 0
2849 0
2850 0
2851 0
2852 0
2853 0
2854 0
2855 0
2856 0
2857 0
2858 1
2859 0
2860 0
2861 0
2862 1
2863 1
2864 0
2865 0
2866 1
2867 1
2868 0
2869 1
2870 1
2871 2
2872 2
2873 2
2874 1
2875 1
2876 0
2877 2
2878 1
2879 1
2880 2
2881 0
2882 0
2883 1
2884 2
2885 2
2886 1
2887 2
2888 1
2889 2
2890 1
2891 2
2892 1
2893 2
2894 2
2895 2
2896 1
2897 0
2898 1
2899 2
2900 2
2901 0
2902 1
2903 1
2904 2
2905 1
2906 1
2907 1
2908 1
2909 1
2910 1
2911 3
2912 2
2913 1
2914 3
2915 1
2916 2
2917 1
2918 2
2919 1
2920 0
2921 1
2922 1
2923 2
2924 2
2925 2
2926 1
2927 0
2928 1
2929 1
2930 1
2931 1
2932 2
2933 0
2934 2
2935 0
2936 2
2937 1
2938 1
2939 0
2940 1
2941 1
2942 0
2943 1
2944 0
2945 1
2946 0
2947 2
2948 2
2949 1
2950 1
2951 2
2952 1
2953 2
2954 0
2955 2
2956 2
2957 2
2958 1
2959 2
2960 1
2961 2
2962 2
2963 1
2964 1
2965 0
2966 1
2967 0
2968 1
2969 1
2970 0
2971 1
2972 1
2973 1
2974 2
2975 2
2976 0
2977 1
2978 0
2979 0
2980 0
2981 2
2982 2
2983 1
2984 2
2985 1
2986 2
2987 0
2988 1
2989 2
2990 1
2991 1
2992 2
2993 1
2994 2
2995 1
2996 1
2997 2
2998 1
2999 0
3000 0
3001 2
3002 2
3003 2
3004 2
3005 2
3006 1
3007 3
3008 1
3009 0
3010 1
3011 1
3012 2
3013 1
3014 1
3015 2
3016 2
3017 1
3018 2
3019 1
3020 1
3021 1
3022 1
3023 0
3024 2
3025 0
3026 3
3027 2
3028 3
3029 1
3030 3
3031 1
3032 2
3033 1
3034 2
3035 0
3036 1
3037 2
3038 1
3039 1
3040 1
3041 2
3042 1
3043 1
3044 0
3045 1
3046 1
3047 0
3048 1
3049 3
3050 1
3051 0
3052 2
3053 2
3054 2
3055 1
3056 1
3057 2
3058 1
3059 1
3060 1
3061 2
3062 2
3063 0
3064 2
3065 1
3066 2
3067 1
3068 1
3069 2
3070 1
3071 0
3072 1
3073 2
3074 1
3075 0
3076 1
3077 2
3078 2
3079 2
3080 1
3081 1
3082 0
3083 1
3084 1
3085 1
3086 2
3087 1
3088 1
3089 2
3090 2
3091 1
3092 1
3093 1
3094 1
3095 1
3096 1
3097 0
3098 1
3099 1
3100 1
3101 1
3102 1
3103 1
3104 0
3105 1
3106 2
3107 1
3108 0
3109 0
3110 1
3111 1
3112 2
3113 1
3114 1
3115 1
3116 1
3117 1
3118 2
3119 3
3120 2
3121 0
3122 2
3123 2
3124 1
3125 1
3126 0
3127 1
3128 2
3129 2
3130 1
3131 2
3132 0
3133 1
3134 1
3135 2
3136 1
3137 1
3138 2
3139 0
3140 1
3141 1
3142 0
3143 1
3144 0
3145 2
3146 1
3147 2
3148 1
3149 1
3150 2
3151 1
3152 1
3153 2
3154 1
3155 1
3156 2
3157 1
3158 1
3159 1
3160 1
3161 1
3162 1
3163 2
3164 0
3165 1
3166 0
3167 1
3168 0
3169 0
3170 1
3171 1
3172 0
3173 2
3174 1
3175 1
3176 1
3177 1
3178 1
3179 1
3180 1
3181 0
3182 1
3183 1
3184 0
3185 2
3186 1
3187 1
3188 1
3189 1
3190 1
3191 2
3192 2
3193 2
3194 1
3195 2
3196 1
3197 1
3198 2
3199 1
3200 1
3201 1
3202 2
3203 2
3204 1
3205 2
3206 1
3207 2
3208 1
3209 2
3210 1
3211 0
3212 0
3213 0
3214 0
3215 0
3216 0
3217 0
3218 0
3219 0
3220 0
3221 0
3222 0
3223 0
3224 2
3225 1
3226 0
3227 0
3228 0
3229 1
3230 1
3231 0
3232 0
3233 0
3234 0
3235 0
3236 1
3237 1
3238 0
3239 1
3240 2
3241 2
3242 2
3243 3
3244 1
3245 2
3246 2
3247 1
3248 1
3249 1
3250 1
3251 2
3252 2
3253 2
3254 1
3255 1
3256 0
3257 2
3258 2
3259 2
3260 2
3261 2
3262 2
3263 2
3264 1
3265 1
3266 1
3267 1
3268 1
3269 1
3270 2
3271 2
3272 1
3273 1
3274 1
3275 2
3276 2
3277 2
3278 2
3279 0
3280 1
3281 2
3282 2
3283 0
3284 1
3285 2
3286 1
3287 1
3288 2
3289 1
3290 1
3291 2
3292 1
3293 1
3294 1
3295 2
3296 2
3297 0
3298 2
3299 1
3300 1
3301 1
3302 1
3303 0
3304 0
3305 1
3306 0
3307 1
3308 2
3309 1
3310 1
3311 1
3312 1
3313 2
3314 1
3315 0
3316 1
3317 0
3318 0
3319 2
3320 1
3321 1
3322 1
3323 0
3324 0
3325 0
3326 0
3327 0
3328 0
3329 0
3330 0
3331 1
3332 0
3333 0
3334 1
3335 1
3336 0
3337 1
3338 0
3339 0
3340 0
3341 1
3342 0
3343 1
3344 0
3345 1
3346 0
3347 0
3348 0
3349 0
3350 2
3351 2
3352 1
3353 2
3354 1
3355 1
3356 0
3357 1
3358 0
3359 2
3360 3
3361 0
3362 1
3363 1
3364 2
3365 0
3366 3
3367 2
3368 0
3369 0
3370 1
3371 1
3372 2
3373 0
3374 0
3375 1
3376 1
3377 0
3378 2
3379 1
3380 1
3381 1
3382 2
3383 1
3384 1
3385 0
3386 1
3387 2
3388 2
3389 1
3390 1
3391 2
3392 0
3393 2
3394 0
3395 0
3396 1
3397 1
3398 2
3399 1
3400 2
3401 2
3402 2
3403 2
3404 1
3405 0
3406 2
3407 1
3408 2
3409 1
3410 1
3411 1
3412 1
3413 1
3414 2
3415 2
3416 2
3417 1
3418 1
3419 1
3420 1
3421 1
3422 1
3423 1
3424 2
3425 1
3426 1
3427 1
3428 1
3429 1
3430 1
3431 1
3432 2
3433 1
3434 0
3435 1
3436 1
3437 2
3438 1
3439 1
3440 2
3441 2
3442 2
3443 1
3444 1
3445 0
3446 2
3447 0
3448 1
3449 2
3450 0
3451 1
3452 0
3453 1
3454 1
3455 0
3456 0
3457 1
3458 1
3459 2
3460 1
3461 1
3462 2
3463 2
3464 2
3465 1
3466 0
3467 2
3468 2
3469 2
3470 1
3471 2
3472 1
3473 1
3474 2
3475 0
3476 1
3477 0
3478 2
3479 2
3480 1
3481 1
3482 2
3483 2
3484 1
3485 1
3486 1
3487 1
3488 2
3489 1
3490 1
3491 1
3492 1
3493 2
3494 0
3495 2
3496 2
3497 2
3498 0
3499 1
3500 2
3501 2
3502 1
3503 1
3504 1
3505 1
3506 1
3507 2
3508 2
3509 2
3510 0
3511 1
3512 1
3513 1
3514 1
3515 1
3516 2
3517 2
3518 0
3519 0
3520 1
3521 0
3522 0
3523 2
3524 0
3525 1
3526 2
3527 2
3528 1
3529 2
3530 1
3531 1
3532 1
3533 2
3534 1
3535 1
3536 1
3537 1
3538 0
3539 0
3540 0
3541 0
3542 1
3543 0
3544 1
3545 0
3546 2
3547 2
3548 2
3549 2
3550 1
3551 0
3552 0
3553 2
3554 1
3555 0
3556 0
3557 1
3558 1
3559 1
3560 1
3561 2
3562 2
3563 1
3564 1
3565 0
3566 0
3567 1
3568 1
3569 1
3570 0
3571 1
3572 2
3573 2
3574 0
3575 2
3576 2
3577 1
3578 1
3579 1
3580 1
3581 1
3582 2
3583 2
3584 2
3585 2
3586 0
3587 0
3588 0
3589 1
3590 1
3591 1
3592 1
3593 0
3594 1
3595 2
3596 0
3597 0
3598 2
3599 1
3600 0
3601 0
3602 1
3603 2
3604 1
3605 2
3606 1
3607 2
3608 2
3609 2
3610 1
3611 2
3612 2
3613 2
3614 2
3615 0
3616 2
3617 1
3618 1
3619 1
3620 1
3621 1
3622 1
3623 1
3624 1
3625 1
3626 0
3627 0
3628 1
3629 2
3630 1
3631 1
3632 2
3633 1
3634 1
3635 3
3636 0
3637 2
3638 1
3639 0
3640 1
3641 1
3642 2
3643 1
3644 2
3645 2
3646 2
3647 1
3648 1
3649 2
3650 0
3651 1
3652 2
3653 2
3654 1
3655 2
3656 1
3657 1
3658 1
3659 1
3660 1
3661 2
3662 1
3663 2
3664 0
3665 2
3666 0
3667 2
3668 2
3669 1
3670 2
3671 1
3672 1
3673 1
3674 1
3675 1
3676 1
3677 2
3678 1
3679 1
3680 1
3681 1
3682 0
3683 1
3684 1
3685 1
3686 2
3687 2
3688 2
3689 1
3690 2
3691 1
3692 0
3693 1
3694 1
3695 2
3696 2
3697 1
3698 2
3699 1
3700 2
3701 1
3702 1
3703 1
3704 0
3705 0
3706 1
3707 0
3708 1
3709 1
3710 2
3711 1
3712 1
3713 1
3714 1
3715 1
3716 2
3717 2
3718 1
3719 1
3720 2
3721 2
3722 2
3723 1
3724 1
3725 1
3726 0
3727 1
3728 2
3729 1
3730 1
3731 2
3732 1
3733 2
3734 1
3735 1
3736 2
3737 2
3738 1
3739 1
3740 1
3741 1
3742 2
3743 2
3744 1
3745 1
3746 1
3747 2
3748 1
3749 2
3750 1
3751 0
3752 2
3753 2
3754 2
3755 1
3756 0
3757 2
3758 1
3759 1
3760 2
3761 1
3762 2
3763 0
3764 1
3765 0
3766 2
3767 1
3768 2
3769 1
3770 2
3771 2
3772 2
3773 1
3774 1
3775 1
3776 1
3777 1
3778 1
3779 0
3780 2
3781 1
3782 2
3783 0
3784 2
3785 0
3786 0
3787 1
3788 1
3789 0
3790 1
3791 1
3792 2
3793 0
3794 2
3795 1
3796 2
3797 2
3798 2
3799 1
3800 1
3801 1
3802 2
3803 1
3804 1
3805 2
3806 0
3807 1
3808 1
3809 1
3810 2
3811 1
3812 2
3813 1
3814 1
3815 0
3816 1
3817 2
3818 3
3819 2
3820 2
3821 1
3822 1
3823 0
3824 1
3825 1
3826 1
3827 2
3828 1
3829 1
3830 0
3831 1
3832 2
3833 2
3834 1
3835 1
3836 2
3837 2
3838 1
3839 1
3840 2
3841 1
3842 1
3843 2
3844 2
3845 0
3846 1
3847 1
3848 2
3849 1
3850 2
3851 1
3852 0
3853 1
3854 1
3855 2
3856 1
3857 2
3858 2
3859 1
3860 2
3861 1
3862 1
3863 1
3864 0
3865 2
3866 2
3867 1
3868 1
3869 1
3870 1
3871 1
3872 2
3873 1
3874 1
3875 3
3876 1
3877 1
3878 1
3879 2
3880 0
3881 0
3882 1
3883 1
3884 2
3885 3
3886 2
3887 1
3888 1
3889 2
3890 1
3891 0
3892 0
3893 1
3894 1
3895 2
3896 1
3897 2
3898 1
3899 2
3900 2
3901 1
3902 3
3903 2
3904 1
3905 1
3906 2
3907 1
3908 1
3909 2
3910 2
3911 2
3912 2
3913 2
3914 2
3915 1
3916 1
3917 2
3918 2
3919 1
3920 2
3921 1
3922 1
3923 2
3924 1
3925 1
3926 0
3927 1
3928 1
3929 1
3930 2
3931 1
3932 1
3933 1
3934 3
3935 2
3936 2
3937 1
3938 1
3939 1
3940 1
3941 2
3942 0
3943 0
3944 1
3945 1
3946 1
3947 0
3948 3
3949 2
3950 1
3951 1
3952 1
3953 1
3954 2
3955 1
3956 0
3957 0
3958 3
3959 2
3960 0
3961 0
3962 2
3963 1
3964 1
3965 1
3966 1
3967 2
3968 1
3969 0
3970 2
3971 1
3972 2
3973 2
3974 1
3975 1
3976 0
3977 1
3978 1
3979 1
3980 2
3981 1
3982 0
3983 2
3984 2
3985 1
3986 1
3987 1
3988 0
3989 1
3990 1
3991 2
3992 1
3993 1
3994 1
3995 1
3996 1
3997 1
3998 1
3999 1
4000 1
4001 1
4002 2
4003 1
4004 2
4005 2
4006 0
4007 2
4008 1
4009 1
4010 1
4011 0
4012 1
4013 1
4014 0
4015 1
4016 1
4017 2
4018 2
4019 2
4020 1
4021 1
4022 0
4023 1
4024 0
4025 2
4026 0
4027 1
4028 2
4029 0
4030 1
4031 1
4032 2
4033 2
4034 1
4035 1
4036 2
4037 3
4038 2
4039 1
4040 0
4041 1
4042 1
4043 1
4044 0
4045 1
4046 2
4047 2
4048 1
4049 2
4050 1
4051 2
4052 1
4053 0
4054 0
4055 1
4056 1
4057 0
4058 1
4059 1
4060 2
4061 1
4062 2
4063 2
4064 2
4065 1
4066 2
4067 3
4068 1
4069 2
4070 1
4071 1
4072 1
4073 0
4074 0
4075 1
4076 1
4077 2
4078 2
4079 2
4080 0
4081 1
4082 1
4083 2
4084 2
4085 1
4086 2
4087 2
4088 1
4089 1
4090 2
4091 1
4092 3
4093 1
4094 1
4095 1
4096 1
4097 2
4098 2
4099 3
4100 2
4101 1
4102 2
4103 1
4104 2
4105 1
4106 2
4107 1
4108 1
4109 3
4110 2
4111 1
4112 2
4113 0
4114 2
4115 0
4116 0
4117 0
4118 2
4119 2
4120 2
4121 2
4122 1
4123 1
4124 2
4125 1
4126 1
4127 2
4128 1
4129 1
4130 2
4131 2
4132 0
4133 1
4134 2
4135 1
4136 1
4137 1
4138 2
4139 2
4140 1
4141 2
4142 1
4143 1
4144 0
4145 2
4146 1
4147 2
4148 1
4149 0
4150 0
4151 1
4152 0
4153 0
4154 1
4155 2
4156 1
4157 2
4158 1
4159 0
4160 1
4161 1
4162 1
4163 0
4164 1
4165 1
4166 1
4167 2
4168 1
4169 0
4170 0
4171 1
4172 1
4173 0
4174 1
4175 2
4176 3
4177 1
4178 1
4179 1
4180 1
4181 1
4182 2
4183 1
4184 2
4185 1
4186 2
4187 2
4188 0
4189 1
4190 1
4191 1
4192 1
4193 1
4194 1
4195 1
4196 1
4197 1
4198 0
4199 2
4200 1
4201 0
4202 1
4203 1
4204 2
4205 0
4206 1
4207 2
4208 1
4209 1
4210 1
4211 2
4212 2
4213 1
4214 1
4215 1
4216 1
4217 1
4218 0
4219 1
4220 3
4221 2
4222 2
4223 2
4224 2
4225 2
4226 0
4227 1
4228 2
4229 1
4230 1
4231 1
4232 0
4233 2
4234 0
4235 0
4236 1
4237 1
4238 2
4239 0
4240 2
4241 0
4242 1
4243 1
4244 1
4245 1
4246 0
4247 2
4248 1
4249 1
4250 2
4251 1
4252 1
4253 1
4254 1
4255 1
4256 1
4257 1
4258 1
4259 1
4260 1
4261 1
4262 1
4263 0
4264 1
4265 1
4266 2
4267 1
4268 1
4269 2
4270 2
4271 1
4272 1
4273 2
4274 2
4275 0
4276 0
4277 2
4278 1
4279 2
4280 1
4281 1
4282 1
4283 1
4284 2
4285 1
4286 1
4287 2
4288 2
4289 1
4290 1
4291 1
4292 1
4293 1
4294 0
4295 2
4296 2
4297 1
4298 1
4299 2
4300 2
4301 1
4302 1
4303 0
4304 0
4305 1
4306 2
4307 2
4308 1
4309 1
4310 0
4311 1
4312 1
4313 0
4314 1
4315 1
4316 1
4317 2
4318 2
4319 1
4320 1
4321 2
4322 0
4323 1
4324 1
4325 1
4326 0
4327 0
4328 0
4329 0
4330 1
4331 1
4332 0
4333 0
4334 1
4335 1
4336 1
4337 2
4338 1
4339 1
4340 2
4341 1
4342 1
4343 0
4344 1
4345 2
4346 2
4347 1
4348 0
4349 1
4350 1
4351 2
4352 0
4353 0
4354 1
4355 0
4356 1
4357 1
4358 0
4359 0
4360 0
4361 0
4362 0
4363 0
4364 0
4365 0
4366 0
4367 0
4368 0
4369 0
4370 0
4371 0
4372 0
4373 0
4374 0
4375 0
4376 1
4377 1
4378 1
4379 0
4380 0
4381 1
4382 2
4383 1
4384 1
4385 1
4386 1
4387 1
4388 1
4389 1
4390 3
4391 1
4392 2
4393 1
4394 1
4395 1
4396 1
4397 1
4398 1
4399 1
4400 1
4401 1
4402 1
4403 0
4404 0
4405 2
4406 1
4407 1
4408 0
4409 1
4410 1
4411 1
4412 1
4413 0
4414 2
4415 1
4416 2
4417 2
4418 1
4419 1
4420 0
4421 1
4422 1
4423 1
4424 1
4425 1
4426 0
4427 1
4428 2
4429 0
4430 2
4431 0
4432 2
4433 2
4434 1
4435 2
4436 0
4437 1
4438 2
4439 1
4440 2
4441 0
4442 2
4443 2
4444 1
4445 1
4446 2
4447 3
4448 2
4449 1
4450 2
4451 1
4452 2
4453 2
4454 2
4455 1
4456 1
4457 2
4458 2
4459 1
4460 2
4461 3
4462 1
4463 1
4464 2
4465 1
4466 1
4467 0
4468 2
4469 2
4470 1
4471 1
4472 0
4473 1
4474 0
4475 1
4476 2
4477 2
4478 1
4479 1
4480 3
4481 0
4482 2
4483 2
4484 1
4485 2
4486 1
4487 2
4488 1
4489 1
4490 1
4491 1
4492 1
4493 1
4494 1
4495 2
4496 2
4497 1
4498 1
4499 2
4500 1
4501 1
4502 2
4503 2
4504 1
4505 2
4506 2
4507 1
4508 1
4509 2
4510 1
4511 1
4512 2
4513 2
4514 0
4515 2
4516 1
4517 1
4518 1
4519 1
4520 0
4521 0
4522 1
4523 0
4524 2
4525 2
4526 1
4527 1
4528 2
4529 1
4530 2
4531 1
4532 1
4533 2
4534 0
4535 1
4536 2
4537 2
4538 2
4539 1
4540 1
4541 1
4542 1
4543 1
4544 1
4545 0
4546 2
4547 1
4548 1
4549 2
4550 2
4551 1
4552 2
4553 2
4554 1
4555 2
4556 1
4557 1
4558 1
4559 1
4560 2
4561 0
4562 1
4563 2
4564 2
4565 2
4566 1
4567 2
4568 2
4569 1
4570 1
4571 2
4572 0
4573 1
4574 2
4575 1
4576 1
4577 1
4578 0
4579 2
4580 2
4581 0
4582 2
4583 2
4584 1
4585 2
4586 0
4587 1
4588 1
4589 0
4590 1
4591 1
4592 0
4593 1
4594 2
4595 1
4596 1
4597 1
4598 2
4599 3
4600 1
4601 2
4602 0
4603 1
4604 0
4605 0
4606 1
4607 1
4608 2
4609 0
4610 1
4611 0
4612 1
4613 2
4614 1
4615 0
4616 2
4617 1
4618 0
4619 2
4620 1
4621 0
4622 2
4623 1
4624 2
4625 2
4626 1
4627 2
4628 2
4629 1
4630 1
4631 1
4632 2
4633 1
4634 1
4635 0
4636 2
4637 1
4638 2
4639 1
4640 0
4641 1
4642 1
4643 2
4644 2
4645 2
4646 1
4647 1
4648 2
4649 3
4650 0
4651 2
4652 2
4653 1
4654 2
4655 1
4656 2
4657 1
4658 3
4659 1
4660 1
4661 0
4662 1
4663 2
4664 1
4665 1
4666 1
4667 2
4668 0
4669 2
4670 2
4671 1
4672 0
4673 2
4674 2
4675 2
4676 2
4677 2
4678 2
4679 1
4680 2
4681 2
4682 2
4683 1
4684 1
4685 1
4686 1
4687 1
4688 1
4689 0
4690 0
4691 1
4692 1
4693 1
4694 0
4695 1
4696 2
4697 1
4698 1
4699 1
4700 3
4701 1
4702 1
4703 1
4704 2
4705 1
4706 2
4707 0
4708 2
4709 0
4710 0
4711 1
4712 2
4713 1
4714 2
4715 1
4716 1
4717 1
4718 1
4719 1
4720 0
4721 1
4722 1
4723 1
4724 1
4725 0
4726 1
4727 0
4728 1
4729 1
4730 1
4731 1
4732 1
4733 1
4734 1
4735 1
4736 1
4737 2
4738 1
4739 1
4740 2
4741 2
4742 2
4743 1
4744 1
4745 2
4746 0
4747 1
4748 2
4749 0
4750 2
4751 1
4752 1
4753 3
4754 2
4755 1
4756 0
4757 2
4758 1
4759 0
4760 1
4761 0
4762 0
4763 0
4764 2
4765 2
4766 1
4767 0
4768 1
4769 1
4770 1
4771 1
4772 1
4773 2
4774 1
4775 1
4776 1
4777 0
4778 2
4779 2
4780 1
4781 2
4782 1
4783 0
4784 2
4785 1
4786 1
4787 1
4788 1
4789 0
4790 1
4791 1
4792 1
4793 1
4794 2
4795 1
4796 1
4797 1
4798 1
4799 1
4800 2
4801 1
4802 0
4803 1
4804 2
4805 1
4806 1
4807 1
4808 2
4809 1
4810 1
4811 1
4812 2
4813 1
4814 1
4815 0
4816 1
4817 2
4818 1
4819 0
4820 1
4821 2
4822 2
4823 1
4824 0
4825 2
4826 1
4827 1
4828 2
4829 1
4830 1
4831 0
4832 1
4833 0
4834 0
4835 1
4836 1
4837 2
4838 1
4839 2
4840 1
4841 0
4842 1
4843 1
4844 1
4845 2
4846 2
4847 2
4848 0
4849 1
4850 1
4851 1
4852 1
4853 0
4854 2
4855 2
4856 1
4857 1
4858 2
4859 1
4860 1
4861 0
4862 2
4863 1
4864 1
4865 2
4866 0
4867 1
4868 0
4869 1
4870 0
4871 0
4872 1
4873 1
4874 2
4875 1
4876 1
4877 1
4878 2
4879 1
4880 1
4881 1
4882 1
4883 2
4884 1
4885 2
4886 2
4887 2
4888 1
4889 0
4890 1
4891 2
4892 2
4893 1
4894 1
4895 2
4896 2
4897 0
4898 1
4899 0
4900 2
4901 1
4902 1
4903 2
4904 1
4905 2
4906 2
4907 2
4908 1
4909 0
4910 1
4911 1
4912 0
4913 0
4914 1
4915 0
4916 1
4917 1
4918 2
4919 0
4920 3
4921 2
4922 1
4923 1
4924 3
4925 1
4926 2
4927 3
4928 1
4929 1
4930 1
4931 1
4932 1
4933 1
4934 1
4935 2
4936 0
4937 1
4938 2
4939 1
4940 2
4941 2
4942 1
4943 1
4944 1
4945 2
4946 0
4947 0
4948 0
4949 0
4950 0
4951 0
4952 1
4953 0
4954 0
4955 0
4956 0
4957 0
4958 0
4959 0
4960 0
4961 0
4962 0
4963 1
4964 1
4965 0
4966 0
4967 1
4968 1
4969 0
4970 0
4971 0
4972 0
4973 1
4974 0
4975 0
4976 0
4977 1
4978 0
4979 0
4980 0
4981 0
4982 0
4983 0
4984 0
4985 0
4986 0
4987 0
4988 0
4989 0
4990 0
4991 0
4992 0
4993 0
4994 0
4995 0
4996 1
4997 2
4998 1
4999 1
5000 1
5001 1
5002 1
5003 2
5004 1
5005 1
5006 0
5007 1
5008 2
5009 1
5010 0
5011 1
5012 2
5013 2
5014 0
5015 1
5016 2
5017 1
5018 1
5019 2
5020 1
5021 2
5022 2
5023 1
5024 2
5025 1
5026 0
5027 3
5028 1
5029 2
5030 1
5031 1
5032 2
5033 1
5034 1
5035 0
5036 1
5037 2
5038 0
5039 1
5040 2
5041 2
5042 1
5043 2
5044 1
5045 3
5046 2
5047 1
5048 1
5049 2
5050 1
5051 2
5052 0
5053 2
5054 1
5055 2
5056 0
5057 2
5058 1
5059 1
5060 1
5061 1
5062 1
5063 2
5064 2
5065 1
5066 3
5067 0
5068 1
5069 0
5070 1
5071 1
5072 1
5073 2
5074 0
5075 2
5076 1
5077 2
5078 2
5079 1
5080 1
5081 1
5082 1
5083 1
5084 1
5085 1
5086 2
5087 2
5088 1
5089 0
5090 2
5091 1
5092 0
5093 1
5094 1
5095 2
5096 1
5097 2
5098 2
5099 2
5100 2
5101 1
5102 1
5103 0
5104 1
5105 2
5106 2
5107 1
5108 1
5109 0
5110 1
5111 2
5112 1
5113 1
5114 1
5115 1
5116 1
5117 1
5118 2
5119 1
5120 2
5121 1
5122 1
5123 2
5124 0
5125 1
5126 1
5127 1
5128 2
5129 2
5130 1
5131 2
5132 0
5133 2
5134 1
5135 0
5136 0
5137 1
5138 1
5139 0
5140 0
5141 1
5142 1
5143 1
5144 2
5145 1
5146 1
5147 2
5148 1
5149 3
5150 1
5151 0
5152 1
5153 1
5154 2
5155 1
5156 2
5157 2
5158 2
5159 3
5160 2
5161 0
5162 2
5163 0
5164 1
5165 1
5166 1
5167 2
5168 2
5169 0
5170 1
5171 1
5172 2
5173 0
5174 1
5175 2
5176 2
5177 2
5178 1
5179 1
5180 1
5181 1
5182 1
5183 1
5184 0
5185 1
5186 2
5187 0
5188 0
5189 1
5190 1
5191 1
5192 0
5193 2
5194 1
5195 0
5196 1
5197 1
5198 0
5199 1
5200 1
5201 1
5202 1
5203 2
5204 1
5205 1
5206 1
5207 1
5208 1
5209 0
5210 1
5211 0
5212 1
5213 1
5214 1
5215 1
5216 1
5217 1
5218 0
5219 1
5220 1
5221 1
5222 1
5223 1
5224 1
5225 1
5226 2
5227 2
5228 1
5229 1
5230 0
5231 1
5232 1
5233 2
5234 2
5235 2
5236 1
5237 2
5238 1
5239 1
5240 1
5241 2
5242 1
5243 1
5244 2
5245 1
5246 1
5247 0
5248 0
5249 0
5250 1
5251 2
5252 1
5253 2
5254 2
5255 3
5256 2
5257 1
5258 2
5259 1
5260 1
5261 1
5262 1
5263 2
5264 2
5265 2
5266 2
5267 2
5268 2
5269 1
5270 1
5271 1
5272 2
5273 1
5274 1
5275 1
5276 1
5277 1
5278 3
5279 1
5280 1
5281 1
5282 2
5283 1
5284 0
5285 0
5286 1
5287 3
5288 2
5289 2
5290 1
5291 0
5292 2
5293 1
5294 1
5295 0
5296 2
5297 2
5298 1
5299 1
5300 1
5301 1
5302 1
5303 2
5304 2
5305 1
5306 2
5307 1
5308 1
5309 1
5310 1
5311 2
5312 2
5313 1
5314 1
5315 1
5316 2
5317 0
5318 0
5319 1
5320 2
5321 2
5322 1
5323 2
5324 1
5325 1
5326 2
5327 1
5328 0
5329 2
5330 2
5331 0
5332 1
5333 1
5334 2
5335 2
5336 2
5337 1
5338 1
5339 1
5340 2
5341 2
5342 0
5343 3
5344 1
5345 2
5346 0
5347 2
5348 1
5349 1
5350 0
5351 2
5352 1
5353 1
5354 1
5355 1
5356 2
5357 1
5358 1
5359 1
5360 2
5361 0
5362 1
5363 2
5364 2
5365 3
5366 2
5367 0
5368 2
5369 1
5370 2
5371 1
5372 2
5373 2
5374 1
5375 0
5376 3
5377 1
5378 1
5379 2
5380 1
5381 2
5382 0
5383 2
5384 2
5385 1
5386 3
5387 2
5388 1
5389 2
5390 1
5391 3
5392 1
5393 1
5394 2
5395 3
5396 1
5397 1
5398 1
5399 1
5400 0
5401 1
5402 1
5403 1
5404 2
5405 0
5406 1
5407 0
5408 1
5409 2
5410 2
5411 1
5412 1
5413 2
5414 2
5415 1
5416 0
5417 2
5418 0
5419 1
5420 0
5421 0
5422 2
5423 1
5424 2
5425 2
5426 1
5427 3
5428 2
5429 3
5430 0
5431 2
5432 1
5433 1
5434 1
5435 0
5436 2
5437 1
5438 1
5439 1
5440 2
5441 1
5442 2
5443 2
5444 2
5445 1
5446 3
5447 0
5448 3
5449 2
5450 1
5451 1
5452 2
5453 2
5454 0
5455 2
5456 3
5457 2
5458 1
5459 2
5460 2
5461 2
5462 1
5463 1
5464 1
5465 2
5466 2
5467 1
5468 1
5469 3
5470 1
5471 2
5472 2
5473 2
5474 2
5475 2
5476 3
5477 1
5478 1
5479 2
5480 1
5481 1
5482 0
5483 3
5484 2
5485 1
5486 1
5487 1
5488 2
5489 1
5490 1
5491 1
5492 1
5493 2
5494 2
5495 2
5496 1
5497 1
5498 2
5499 1
5500 1
5501 0
5502 2
5503 2
5504 1
5505 2
5506 0
5507 1
5508 3
5509 1
5510 1
5511 2
5512 2
5513 1
5514 1
5515 0
5516 2
5517 1
5518 0
5519 1
5520 2
5521 2
5522 2
5523 2
5524 1
5525 0
5526 1
5527 2
5528 1
5529 1
5530 2
5531 2
5532 1
5533 1
5534 1
5535 1
5536 2
5537 1
5538 2
5539 2
5540 2
5541 1
5542 1
5543 1
5544 1
5545 3
5546 0
5547 1
5548 0
5549 1
5550 0
5551 1
5552 1
5553 1
5554 0
5555 0
5556 2
5557 0
5558 1
5559 2
5560 1
5561 1
5562 2
5563 2
5564 1
5565 1
5566 0
5567 0
5568 0
5569 0
5570 0
5571 1
5572 0
5573 2
5574 1
5575 1
5576 1
5577 2
5578 2
5579 2
5580 2
5581 1
5582 2
5583 3
5584 2
5585 1
5586 1
5587 0
5588 1
5589 2
5590 2
5591 2
5592 2
5593 1
5594 1
5595 2
5596 0
5597 2
5598 1
5599 1
5600 2
5601 2
5602 2
5603 1
5604 0
5605 1
5606 0
5607 1
5608 3
5609 1
5610 2
5611 2
5612 2
5613 1
5614 2
5615 1
5616 1
5617 2
5618 1
5619 2
5620 1
5621 2
5622 2
5623 2
5624 1
5625 1
5626 1
5627 2
5628 1
5629 2
5630 2
5631 0
5632 1
5633 1
5634 2
5635 1
5636 1
5637 2
5638 1
5639 2
5640 1
5641 2
5642 0
5643 1
5644 0
5645 1
5646 0
5647 3
5648 2
5649 2
5650 1
5651 1
5652 2
5653 1
5654 2
5655 2
5656 2
5657 1
5658 2
5659 1
5660 0
5661 1
5662 2
5663 2
5664 2
5665 1
5666 1
5667 1
5668 1
5669 0
5670 1
5671 2
5672 1
5673 2
5674 1
5675 3
5676 2
5677 1
5678 0
5679 2
5680 2
5681 1
5682 0
5683 1
5684 0
5685 2
5686 2
5687 1
5688 2
5689 1
5690 1
5691 1
5692 0
5693 2
5694 1
5695 0
5696 1
5697 3
5698 1
5699 1
5700 2
5701 2
5702 2
5703 1
5704 0
5705 1
5706 2
5707 1
5708 1
5709 1
5710 1
5711 0
5712 1
5713 1
5714 1
5715 1
5716 1
5717 0
5718 1
5719 0
5720 2
5721 0
5722 2
5723 2
5724 2
5725 3
5726 2
5727 1
5728 1
5729 2
5730 2
5731 1
5732 1
5733 0
5734 2
5735 0
5736 2
5737 1
5738 3
5739 1
5740 3
5741 2
5742 1
5743 2
5744 1
5745 1
5746 1
5747 0
5748 0
5749 1
5750 1
5751 2
5752 1
5753 2
5754 2
5755 0
5756 1
5757 2
5758 1
5759 3
5760 2
5761 0
5762 2
5763 1
5764 0
5765 1
5766 1
5767 1
5768 1
5769 2
5770 1
5771 1
5772 1
5773 0
5774 1
5775 2
5776 2
5777 1
5778 0
5779 2
5780 1
5781 2
5782 2
5783 0
5784 0
5785 2
5786 1
5787 2
5788 2
5789 0
5790 1
5791 0
5792 1
5793 1
5794 1
5795 1
5796 1
5797 0
5798 1
5799 1
5800 1
5801 0
5802 1
5803 0
5804 1
5805 1
5806 2
5807 2
5808 1
5809 1
5810 1
5811 1
5812 2
5813 2
5814 1
5815 0
5816 2
5817 1
5818 2
5819 1
5820 3
5821 0
5822 1
5823 1
5824 1
5825 0
5826 2
5827 0
5828 2
5829 2
5830 2
5831 2
5832 2
5833 2
5834 1
5835 2
5836 1
5837 1
5838 2
5839 3
5840 1
5841 1
5842 2
5843 2
5844 2
5845 0
5846 2
5847 1
5848 0
5849 2
5850 2
5851 3
5852 2
5853 1
5854 1
5855 2
5856 2
5857 2
5858 1
5859 2
5860 1
5861 2
5862 1
5863 0
5864 1
5865 1
5866 0
5867 1
5868 1
5869 1
5870 0
5871 1
5872 1
5873 1
5874 1
5875 1
5876 2
5877 0
5878 2
5879 1
5880 2
5881 1
5882 2
5883 1
5884 2
5885 0
5886 1
5887 1
5888 2
5889 2
5890 0
5891 0
5892 1
5893 2
5894 0
5895 1
5896 1
5897 1
5898 1
5899 0
5900 2
5901 1
5902 1
5903 1
5904 0
5905 1
5906 1
5907 2
5908 1
5909 2
5910 0
5911 2
5912 0
5913 1
5914 1
5915 2
5916 2
5917 1
5918 0
5919 2
5920 0
5921 1
5922 2
5923 2
5924 1
5925 1
5926 0
5927 1
5928 2
5929 2
5930 2
5931 2
5932 2
5933 1
5934 1
5935 2
5936 0
5937 1
5938 1
5939 2
5940 2
5941 1
5942 0
5943 1
5944 2
5945 3
5946 0
5947 2
5948 1
5949 2
5950 1
5951 2
5952 1
5953 2
5954 1
5955 2
5956 0
5957 1
5958 1
5959 2
5960 1
5961 1
5962 1
5963 2
5964 2
5965 0
5966 2
5967 1
5968 1
5969 1
5970 1
5971 1
5972 1
5973 0
5974 1
5975 1
5976 1
5977 1
5978 0
5979 1
5980 0
5981 0
5982 0
5983 1
5984 2
5985 0
5986 1
5987 1
5988 1
5989 2
5990 0
5991 1
5992 1
5993 1
5994 1
5995 2
5996 1
5997 2
5998 2
5999 1
6000 1
6001 2
6002 2
6003 1
6004 1
6005 2
6006 0
6007 1
6008 1
6009 2
6010 1
6011 1
6012 1
6013 1
6014 1
6015 2
6016 1
6017 1
6018 1
6019 2
6020 1
6021 0
6022 2
6023 1
6024 0
6025 2
6026 1
6027 2
6028 1
6029 1
6030 2
6031 1
6032 1
6033 1
6034 2
6035 2
6036 1
6037 0
6038 3
6039 1
6040 1
6041 1
6042 2
6043 2
6044 2
6045 1
6046 1
6047 1
6048 1
6049 1
6050 2
6051 0
6052 1
6053 1
6054 0
6055 1
6056 0
6057 1
6058 1
6059 0
6060 1
6061 1
6062 1
6063 0
6064 1
6065 1
6066 0
6067 1
6068 2
6069 1
6070 1
6071 0
6072 0
6073 0
6074 1
6075 1
6076 0
6077 0
6078 1
6079 0
6080 1
6081 0
6082 0
6083 0
6084 1
6085 0
6086 0
6087 0
6088 1
6089 0
6090 1
6091 1
6092 0
6093 0
6094 0
6095 0
6096 0
6097 0
6098 0
6099 0
6100 0
6101 0
6102 0
6103 0
6104 0
6105 0
6106 0
6107 1
6108 0
6109 0
6110 0
6111 0
6112 0
6113 0
6114 1
6115 1
6116 0
6117 0
6118 0
6119 1
6120 0
6121 0
6122 0
6123 1
6124 0
6125 0
6126 0
6127 0
6128 0
6129 1
6130 0
6131 0
6132 0
6133 0
6134 0
6135 0
6136 0
6137 0
6138 0
6139 0
6140 0
6141 0
6142 0
6143 1
6144 0
6145 0
6146 0
6147 0
6148 0
6149 0
6150 0
6151 0
6152 0
6153 0
6154 0
6155 0
6156 0
6157 0
6158 0
6159 1
6160 0
6161 1
6162 0
6163 0
6164 0
6165 1
6166 3
6167 1
6168 2
6169 0
6170 0
6171 2
6172 1
6173 0
6174 1
6175 1
6176 0
6177 2
6178 1
6179 1
6180 1
6181 1
6182 1
6183 1
6184 0
6185 1
6186 0
6187 0
6188 0
6189 0
6190 0
6191 0
6192 0
6193 0
6194 0
6195 0
6196 0
6197 0
6198 0
6199 1
6200 0
6201 0
6202 1
6203 1
6204 0
6205 0
6206 0
6207 0
6208 0
6209 0
6210 0
6211 0
6212 0
6213 0
6214 1
6215 0
6216 0
6217 1
6218 0
6219 0
6220 0
6221 1
6222 0
6223 0
6224 1
6225 1
6226 0
6227 0
6228 0
6229 0
6230 1
6231 0
6232 0
6233 0
6234 0
6235 0
6236 0
6237 0
6238 0
6239 0
6240 1
6241 0
6242 0
6243 0
6244 0
6245 0
6246 0
6247 0
6248 0
6249 0
6250 0
6251 1
6252 1
6253 1
6254 0
6255 0
6256 0
6257 0
6258 0
6259 0
6260 0
6261 0
6262 0
6263 0
6264 0
6265 0
6266 0
6267 0
6268 1
6269 0
6270 1
6271 1
6272 0
6273 1
6274 1
6275 1
6276 1
6277 2
6278 0
6279 1
6280 0
6281 1
6282 2
6283 1
6284 2
6285 1
6286 1
6287 2
6288 0
6289 1
6290 1
6291 2
6292 0
6293 1
6294 2
6295 2
6296 0
6297 1
6298 2
6299 0
6300 1
6301 2
6302 1
6303 3
6304 2
6305 1
6306 2
6307 0
6308 2
6309 1
6310 0
6311 2
6312 1
6313 0
6314 1
6315 2
6316 2
6317 2
6318 0
6319 3
6320 1
6321 1
6322 1
6323 1
6324 1
6325 1
6326 1
6327 1
6328 2
6329 2
6330 1
6331 2
6332 0
6333 1
6334 1
6335 0
6336 1
6337 0
6338 0
6339 1
6340 1
6341 1
6342 0
6343 0
6344 0
6345 0
6346 0
6347 0
6348 0
6349 0
6350 0
6351 0
6352 0
6353 0
6354 0
6355 0
6356 0
6357 1
6358 1
6359 0
6360 1
6361 0
6362 0
6363 0
6364 0
6365 0
6366 0
6367 0
6368 0
6369 0
6370 2
6371 0
6372 0
6373 2
6374 2
6375 1
6376 1
6377 1
6378 0
6379 0
6380 1
6381 1
6382 2
6383 1
6384 1
6385 1
6386 0
6387 2
6388 3
6389 1
6390 1
6391 2
6392 1
6393 3
6394 2
6395 2
6396 3
6397 0
6398 2
6399 1
6400 2
6401 2
6402 2
6403 1
6404 3
6405 2
6406 0
6407 2
6408 1
6409 2
6410 1
6411 0
6412 1
6413 2
6414 1
6415 2
6416 1
6417 1
6418 1
6419 0
6420 2
6421 1
6422 2
6423 2
6424 0
6425 2
6426 1
6427 1
6428 2
6429 1
6430 0
6431 1
6432 0
6433 1
6434 1
6435 2
6436 1
6437 1
6438 2
6439 3
6440 0
6441 0
6442 1
6443 1
6444 2
6445 2
6446 1
6447 0
6448 1
6449 2
6450 2
6451 1
6452 1
6453 3
6454 0
6455 0
6456 2
6457 0
6458 3
6459 1
6460 0
6461 2
6462 1
6463 2
6464 2
6465 1
6466 2
6467 2
6468 2
6469 0
6470 1
6471 0
6472 1
6473 2
6474 1
6475 2
6476 1
6477 0
6478 2
6479 1
6480 2
6481 2
6482 1
6483 1
6484 1
6485 2
6486 2
6487 2
6488 1
6489 0
6490 2
6491 2
6492 1
6493 2
6494 1
6495 2
6496 1
6497 2
6498 0
6499 1
6500 2
6501 1
6502 1
6503 1
6504 1
6505 1
6506 1
6507 1
6508 2
6509 2
6510 1
6511 0
6512 1
6513 2
6514 1
6515 1
6516 2
6517 1
6518 2
6519 1
6520 1
6521 1
6522 1
6523 2
6524 2
6525 1
6526 0
6527 2
6528 1
6529 2
6530 2
6531 1
6532 1
6533 1
6534 1
6535 2
6536 3
6537 2
6538 0
6539 0
6540 0
6541 2
6542 1
6543 2
6544 2
6545 0
6546 0
6547 1
6548 1
6549 1
6550 2
6551 1
6552 0
6553 1
6554 2
6555 2
6556 0
6557 0
6558 0
6559 0
6560 0
6561 1
6562 0
6563 1
6564 1
6565 0
6566 1
6567 1
6568 0
6569 2
6570 1
6571 1
6572 2
6573 2
6574 0
6575 2
6576 0
6577 0
6578 1
6579 3
6580 3
6581 1
6582 2
6583 2
6584 1
6585 2
6586 2
6587 1
6588 2
6589 2
6590 1
6591 1
6592 1
6593 0
6594 1
6595 0
6596 1
6597 2
6598 0
6599 2
6600 2
6601 1
6602 2
6603 2
6604 1
6605 3
6606 1
6607 3
6608 2
6609 2
6610 2
6611 1
6612 1
6613 1
6614 1
6615 1
6616 2
6617 0
6618 1
6619 1
6620 2
6621 1
6622 2
6623 2
6624 1
6625 1
6626 2
6627 2
6628 1
6629 0
6630 0
6631 1
6632 2
6633 2
6634 1
6635 3
6636 2
6637 0
6638 1
6639 0
6640 2
6641 1
6642 2
6643 2
6644 1
6645 0
6646 0
6647 2
6648 2
6649 1
6650 0
6651 0
6652 1
6653 2
6654 0
6655 2
6656 1
6657 1
6658 2
6659 2
6660 1
6661 2
6662 2
6663 2
6664 2
6665 1
6666 1
6667 2
6668 2
6669 2
6670 1
6671 0
6672 1
6673 1
6674 2
6675 3
6676 1
6677 1
6678 3
6679 1
6680 2
6681 2
6682 2
6683 2
6684 2
6685 1
6686 1
6687 1
6688 3
6689 1
6690 0
6691 1
6692 0
6693 1
6694 2
6695 2
6696 0
6697 2
6698 2
6699 1
6700 1
6701 1
6702 1
6703 1
6704 2
6705 2
6706 2
6707 1
6708 1
6709 1
6710 1
6711 0
6712 1
6713 2
6714 0
6715 2
6716 1
6717 2
6718 1
6719 2
6720 2
6721 1
6722 2
6723 0
6724 1
6725 2
6726 1
6727 0
6728 1
6729 2
6730 2
6731 1
6732 2
6733 1
6734 2
6735 0
6736 0
6737 1
6738 1
6739 1
6740 1
6741 1
6742 1
6743 1
6744 2
6745 1
6746 0
6747 0
6748 2
6749 1
6750 2
6751 1
6752 1
6753 3
6754 2
6755 1
6756 0
6757 2
6758 1
6759 1
6760 0
6761 1
6762 2
6763 0
6764 1
6765 2
6766 2
6767 1
6768 1
6769 1
6770 2
6771 2
6772 1
6773 1
6774 0
6775 1
6776 1
6777 1
6778 2
6779 1
6780 1
6781 2
6782 1
6783 1
6784 1
6785 1
6786 1
6787 3
6788 3
6789 2
6790 1
6791 1
6792 2
6793 2
6794 3
6795 2
6796 0
6797 1
6798 1
6799 1
6800 3
6801 2
6802 2
6803 3
6804 3
6805 1
6806 1
6807 0
6808 1
6809 2
6810 2
6811 1
6812 1
6813 2
6814 1
6815 1
6816 0
6817 0
6818 1
6819 0
6820 0
6821 0
6822 0
6823 0
6824 0
6825 0
6826 1
6827 0
6828 0
6829 0
6830 1
6831 1
6832 1
6833 1
6834 0
6835 0
6836 0
6837 0
6838 0
6839 1
6840 1
6841 0
6842 1
6843 1
6844 0
6845 1
6846 2
6847 1
6848 1
6849 1
6850 2
6851 1
6852 0
6853 2
6854 1
6855 2
6856 1
6857 2
6858 1
6859 2
6860 0
6861 3
6862 1
6863 3
6864 1
6865 2
6866 1
6867 1
6868 0
6869 1
6870 2
6871 2
6872 2
6873 0
6874 1
6875 1
6876 1
6877 2
6878 1
6879 1
6880 2
6881 1
6882 2
6883 2
6884 2
6885 1
6886 1
6887 2
6888 1
6889 1
6890 2
6891 1
6892 1
6893 1
6894 0
6895 1
6896 2
6897 2
6898 0
6899 1
6900 2
6901 0
6902 2
6903 2
6904 2
6905 2
6906 0
6907 0
6908 0
6909 1
6910 0
6911 0
6912 0
6913 0
6914 0
6915 0
6916 0
6917 0
6918 0
6919 0
6920 1
6921 1
6922 1
6923 0
6924 0
6925 0
6926 0
6927 0
6928 1
6929 1
6930 1
6931 1
6932 1
6933 2
6934 0
6935 1
6936 0
6937 1
6938 1
6939 1
6940 0
6941 1
6942 0
6943 0
6944 1
6945 1
6946 1
6947 1
6948 2
6949 2
6950 1
6951 1
6952 2
6953 1
6954 2
6955 1
6956 0
6957 2
6958 1
6959 2
6960 0
6961 0
6962 0
6963 2
6964 1
6965 0
6966 2
6967 1
6968 1
6969 1
6970 3
6971 2
6972 0
6973 1
6974 0
6975 1
6976 1
6977 1
6978 1
6979 1
6980 2
6981 1
6982 1
6983 1
6984 2
6985 1
6986 1
6987 2
6988 1
6989 2
6990 1
6991 3
6992 1
6993 2
6994 1
6995 2
6996 1
6997 1
6998 2
6999 0
7000 2
7001 1
7002 1
7003 1
7004 2
7005 1
7006 1
7007 2
7008 1
7009 2
7010 1
7011 1
7012 1
7013 1
7014 1
7015 1
7016 0
7017 2
7018 0
7019 1
7020 2
7021 0
7022 0
7023 1
7024 0
7025 1
7026 0
7027 1
7028 0
7029 1
7030 1
7031 0
7032 0
7033 1
7034 0
7035 1
7036 0
7037 0
7038 1
7039 0
7040 1
7041 0
7042 0
7043 0
7044 0
7045 1
7046 0
7047 1
7048 0
7049 1
7050 0
7051 1
7052 1
7053 1
7054 2
7055 1
7056 1
7057 3
7058 2
7059 1
7060 1
7061 0
7062 0
7063 0
7064 0
7065 0
7066 0
7067 1
7068 1
7069 0
7070 0
7071 1
7072 0
7073 0
7074 0
7075 1
7076 0
7077 1
7078 1
7079 1
7080 0
7081 0
7082 0
7083 0
7084 0
7085 0
7086 0
7087 0
7088 0
7089 0
7090 0
7091 0
7092 1
7093 0
7094 1
7095 1
7096 1
7097 0
7098 0
7099 0
7100 1
7101 0
7102 0
7103 0
7104 0
7105 2
7106 1
7107 0
7108 0
7109 0
7110 0
7111 0
7112 0
7113 0
7114 0
7115 1
7116 0
7117 1
7118 0
7119 0
7120 0
7121 0
7122 2
7123 1
7124 1
7125 0
7126 0
7127 1
7128 0
7129 0
7130 0
7131 0
7132 0
7133 0
7134 0
7135 0
7136 0
7137 1
7138 0
7139 0
7140 0
7141 0
7142 0
7143 0
7144 0
7145 0
7146 0
7147 1
7148 0
7149 0
7150 0
7151 0
7152 0
7153 0
7154 0
7155 0
7156 0
7157 0
7158 1
7159 0
7160 1
7161 1
7162 0
7163 0
7164 1
7165 0
7166 2
7167 1
7168 1
7169 1
7170 0
7171 1
7172 0
7173 1
7174 0
7175 1
7176 1
7177 1
7178 1
7179 1
7180 1
7181 1
7182 0
7183 1
7184 1
7185 0
7186 1
7187 2
7188 1
7189 0
7190 1
7191 1
7192 0
7193 2
7194 1
7195 1
7196 1
7197 2
7198 2
7199 2
7200 2
7201 1
7202 1
7203 2
7204 0
7205 2
7206 0
7207 1
7208 2
7209 1
7210 1
7211 0
7212 0
7213 1
7214 1
7215 2
7216 2
7217 2
7218 1
7219 1
7220 1
7221 1
7222 0
7223 0
7224 0
7225 0
7226 0
7227 0
7228 0
7229 0
7230 0
7231 0
7232 0
7233 0
7234 1
7235 1
7236 0
7237 0
7238 0
7239 0
7240 0
7241 0
7242 0
7243 0
7244 0
7245 0
7246 0
7247 2
7248 0
7249 0
7250 0
7251 0
7252 0
7253 0
7254 0
7255 0
7256 0
7257 0
7258 0
7259 0
7260 0
7261 0
7262 0
7263 0
7264 0
7265 0
7266 0
7267 0
7268 0
7269 0
7270 0
7271 0
7272 0
7273 0
7274 0
7275 0
7276 0
7277 0
7278 0
7279 0
7280 0
7281 1
7282 0
7283 0
7284 0
7285 0
7286 0
7287 0
7288 1
7289 1
7290 0
7291 1
7292 1
7293 0
7294 0
7295 0
7296 0
7297 0
7298 0
7299 0
7300 1
7301 0
7302 0
7303 0
7304 0
7305 1
7306 0
7307 0
7308 0
7309 0
7310 0
7311 1
7312 1
7313 1
7314 1
7315 0
7316 0
7317 0
7318 0
7319 2
7320 1
7321 1
7322 2
7323 1
7324 1
7325 2
7326 1
7327 1
7328 1
7329 1
7330 1
7331 0
7332 2
7333 1
7334 2
7335 1
7336 2
7337 2
7338 2
7339 1
7340 1
7341 1
7342 1
7343 1
7344 1
7345 2
7346 2
7347 3
7348 2
7349 1
7350 3
7351 3
7352 2
7353 1
7354 1
7355 1
7356 1
7357 0
7358 1
7359 0
7360 2
7361 1
7362 0
7363 2
7364 1
7365 2
7366 1
7367 2
7368 2
7369 1
7370 1
7371 1
7372 1
7373 3
7374 1
7375 3
7376 0
7377 2
7378 3
7379 2
7380 0
7381 0
7382 1
7383 2
7384 1
7385 1
7386 1
7387 0
7388 0
7389 1
7390 2
7391 1
7392 1
7393 1
7394 1
7395 1
7396 0
7397 2
7398 1
7399 1
7400 1
7401 1
7402 2
7403 1
7404 1
7405 2
7406 0
7407 0
7408 1
7409 0
7410 1
7411 1
7412 1
7413 2
7414 1
7415 2
7416 1
7417 2
7418 0
7419 1
7420 1
7421 0
7422 2
7423 1
7424 2
7425 1
7426 1
7427 2
7428 2
7429 2
7430 2
7431 2
7432 0
7433 0
7434 2
7435 2
7436 2
7437 1
7438 2
7439 1
7440 1
7441 0
7442 1
7443 0
7444 1
7445 1
7446 2
7447 2
7448 1
7449 2
7450 2
7451 2
7452 2
7453 2
7454 2
7455 1
7456 2
7457 1
7458 1
7459 1
7460 2
7461 1
7462 2
7463 2
7464 2
7465 1
7466 2
7467 2
7468 2
7469 2
7470 1
7471 1
7472 2
7473 1
7474 0
7475 2
7476 0
7477 1
7478 0
7479 1
7480 1
7481 1
7482 1
7483 0
7484 1
7485 1
7486 1
7487 1
7488 0
7489 1
7490 0
7491 0
7492 1
7493 2
7494 2
7495 1
7496 1
7497 0
7498 1
7499 0
7500 2
7501 1
7502 1
7503 1
7504 2
7505 1
7506 0
7507 0
7508 1
7509 1
7510 1
7511 2
7512 2
7513 1
7514 1
7515 2
7516 1
7517 1
7518 2
7519 1
7520 3
7521 3
7522 2
7523 1
7524 0
7525 0
7526 1
7527 0
7528 0
7529 0
7530 0
7531 0
7532 0
7533 1
7534 0
7535 0
7536 0
7537 0
7538 0
7539 0
7540 0
7541 0
7542 0
7543 0
7544 1
7545 0
7546 0
7547 0
7548 0
7549 0
7550 0
7551 0
7552 0
7553 0
7554 0
7555 0
7556 0
7557 1
7558 0
7559 0
7560 1
7561 1
7562 0
7563 0
7564 2
7565 3
7566 0
7567 1
7568 1
7569 1
7570 1
7571 1
7572 1
7573 2
7574 1
7575 1
7576 1
7577 2
7578 2
7579 2
7580 1
7581 0
7582 0
7583 2
7584 2
7585 1
7586 0
7587 1
7588 1
7589 1
7590 2
7591 1
7592 1
7593 2
7594 1
7595 1
7596 1
7597 1
7598 1
7599 2
7600 0
7601 2
7602 2
7603 2
7604 1
7605 1
7606 1
7607 1
7608 0
7609 2
7610 2
7611 0
7612 2
7613 2
7614 2
7615 2
7616 0
7617 0
7618 2
7619 1
7620 1
7621 1
7622 2
7623 1
7624 1
7625 1
7626 2
7627 2
7628 1
7629 1
7630 1
7631 0
7632 1
7633 2
7634 0
7635 2
7636 1
7637 1
7638 1
7639 1
7640 1
7641 0
7642 1
7643 1
7644 1
7645 2
7646 0
7647 2
7648 1
7649 2
7650 2
7651 2
7652 1
7653 2
7654 0
7655 2
7656 1
7657 1
7658 1
7659 1
7660 1
7661 0
7662 0
7663 1
7664 1
7665 1
7666 1
7667 1
7668 1
7669 2
7670 1
7671 2
7672 2
7673 0
7674 2
7675 1
7676 1
7677 2
7678 1
7679 1
7680 1
7681 1
7682 1
7683 0
7684 0
7685 1
7686 0
7687 1
7688 0
7689 2
7690 2
7691 1
7692 0
7693 0
7694 2
7695 2
7696 1
7697 1
7698 1
7699 1
7700 1
7701 1
7702 1
7703 2
7704 2
7705 1
7706 1
7707 3
7708 0
7709 2
7710 0
7711 3
7712 2
7713 1
7714 0
7715 2
7716 1
7717 1
7718 1
7719 1
7720 2
7721 1
7722 2
7723 1
7724 2
7725 2
7726 3
7727 0
7728 2
7729 1
7730 1
7731 1
7732 3
7733 2
7734 1
7735 1
7736 2
7737 1
7738 1
7739 2
7740 2
7741 1
7742 2
7743 2
7744 1
7745 1
7746 2
7747 2
7748 1
7749 1
7750 2
7751 2
7752 1
7753 1
7754 2
7755 2
7756 2
7757 1
7758 1
7759 0
7760 2
7761 2
7762 0
7763 2
7764 1
7765 1
7766 2
7767 1
7768 0
7769 0
7770 2
7771 0
7772 2
7773 1
7774 2
7775 1
7776 2
7777 0
7778 0
7779 1
7780 2
7781 1
7782 1
7783 1
7784 1
7785 1
7786 1
7787 1
7788 0
7789 2
7790 1
7791 2
7792 2
7793 1
7794 2
7795 1
7796 2
7797 2
7798 1
7799 2
7800 1
7801 2
7802 1
7803 1
7804 2
7805 1
7806 0
7807 0
7808 0
7809 0
7810 0
7811 0
7812 0
7813 0
7814 1
7815 1
7816 1
7817 1
7818 1
7819 1
7820 1
7821 1
7822 1
7823 1
7824 0
7825 1
7826 1
7827 1
7828 1
7829 1
7830 0
7831 0
7832 2
7833 1
7834 2
7835 2
7836 1
7837 2
7838 3
7839 1
7840 1
7841 1
7842 2
7843 1
7844 1
7845 2
7846 2
7847 0
7848 1
7849 1
7850 1
7851 2
7852 2
7853 1
7854 1
7855 2
7856 0
7857 1
7858 1
7859 1
7860 1
7861 1
7862 2
7863 2
7864 1
7865 1
7866 2
7867 1
7868 2
7869 2
7870 2
7871 2
7872 1
7873 2
7874 0
7875 2
7876 0
7877 1
7878 0
7879 2
7880 0
7881 2
7882 1
7883 1
7884 0
7885 1
7886 1
7887 2
7888 0
7889 1
7890 1
7891 0
7892 2
7893 2
7894 2
7895 1
7896 1
7897 0
7898 2
7899 1
7900 0
7901 1
7902 0
7903 1
7904 1
7905 2
7906 1
7907 3
7908 2
7909 2
7910 2
7911 1
7912 1
7913 0
7914 2
7915 1
7916 0
7917 1
7918 2
7919 2
7920 1
7921 1
7922 2
7923 3
7924 0
7925 2
7926 1
7927 1
7928 2
7929 2
7930 1
7931 2
7932 3
7933 1
7934 0
7935 2
7936 2
7937 1
7938 1
7939 0
7940 2
7941 1
7942 1
7943 1
7944 1
7945 1
7946 1
7947 1
7948 0
7949 2
7950 1
7951 0
7952 1
7953 1
7954 1
7955 2
7956 2
7957 1
7958 2
7959 3
7960 2
7961 1
7962 2
7963 1
7964 1
7965 1
7966 1
7967 1
7968 2
7969 2
7970 3
7971 0
7972 0
7973 2
7974 2
7975 2
7976 1
7977 1
7978 1
7979 2
7980 0
7981 1
7982 0
7983 2
7984 1
7985 2
7986 2
7987 1
7988 1
7989 1
7990 1
7991 1
7992 1
7993 1
7994 1
7995 1
7996 1
7997 1
7998 1
7999 2
8000 1
8001 1
8002 1
8003 1
8004 2
8005 2
8006 2
8007 2
8008 1
8009 2
8010 2
8011 1
8012 2
8013 3
8014 1
8015 2
8016 1
8017 1
8018 3
8019 0
8020 1
8021 2
8022 0
8023 3
8024 1
8025 1
8026 3
8027 0
8028 1
8029 0
8030 1
8031 1
8032 0
8033 1
8034 0
8035 0
8036 1
8037 0
8038 0
8039 0
8040 0
8041 0
8042 1
8043 2
8044 2
8045 1
8046 1
8047 1
8048 2
8049 2
8050 3
8051 0
8052 0
8053 2
8054 1
8055 1
8056 1
8057 1
8058 2
8059 3
8060 1
8061 2
8062 2
8063 2
8064 1
8065 2
8066 1
8067 2
8068 2
8069 1
8070 1
8071 2
8072 2
8073 1
8074 1
8075 0
8076 3
8077 2
8078 1
8079 2
8080 1
8081 1
8082 1
8083 2
8084 0
8085 1
8086 2
8087 2
8088 0
8089 0
8090 1
8091 2
8092 1
8093 1
8094 2
8095 1
8096 2
8097 1
8098 1
8099 1
8100 1
8101 2
8102 1
8103 2
8104 1
8105 1
8106 2
8107 2
8108 1
8109 2
8110 1
8111 0
8112 1
8113 0
8114 2
8115 0
8116 2
8117 1
8118 1
8119 1
8120 2
8121 2
8122 1
8123 3
8124 2
8125 2
8126 1
8127 1
8128 2
8129 1
8130 2
8131 2
8132 2
8133 2
8134 2
8135 1
8136 1
8137 0
8138 1
8139 1
8140 1
8141 2
8142 2
8143 2
8144 0
8145 1
8146 1
8147 1
8148 1
8149 0
8150 1
8151 2
8152 1
8153 0
8154 0
8155 0
8156 2
8157 0
8158 2
8159 2
8160 2
8161 2
8162 2
8163 1
8164 1
8165 1
8166 1
8167 2
8168 2
8169 0
8170 0
8171 1
8172 2
8173 3
8174 2
8175 2
8176 2
8177 2
8178 0
8179 1
8180 2
8181 1
8182 0
8183 2
8184 1
8185 2
8186 2
8187 2
8188 1
8189 1
8190 1
8191 1
8192 1
8193 2
8194 2
8195 2
8196 1
8197 1
8198 2
8199 2
8200 2
8201 1
8202 1
8203 2
8204 1
8205 1
8206 1
8207 2
8208 1
8209 1
8210 2
8211 1
8212 2
8213 1
8214 1
8215 1
8216 0
8217 1
8218 1
8219 0
8220 2
8221 2
8222 2
8223 1
8224 0
8225 0
8226 0
8227 1
8228 1
8229 2
8230 1
8231 1
8232 0
8233 0
8234 1
8235 1
8236 0
8237 0
8238 1
8239 0
8240 0
8241 1
8242 2
8243 2
8244 1
8245 2
8246 1
8247 2
8248 2
8249 1
8250 2
8251 3
8252 1
8253 2
8254 2
8255 2
8256 2
8257 2
8258 2
8259 1
8260 2
8261 0
8262 1
8263 2
8264 2
8265 0
8266 1
8267 2
8268 1
8269 2
8270 2
8271 1
8272 2
8273 2
8274 1
8275 1
8276 2
8277 0
8278 1
8279 3
8280 2
8281 0
8282 1
8283 1
8284 0
8285 1
8286 2
8287 2
8288 2
8289 2
8290 1
8291 1
8292 2
8293 1
8294 1
8295 1
8296 1
8297 0
8298 1
8299 0
8300 1
8301 1
8302 1
8303 2
8304 2
8305 1
8306 1
8307 2
8308 1
8309 1
8310 1
8311 1
8312 2
8313 0
8314 2
8315 2
8316 1
8317 1
8318 1
8319 2
8320 0
8321 0
8322 0
8323 1
8324 0
8325 1
8326 0
8327 1
8328 0
8329 1
8330 0
8331 1
8332 1
8333 1
8334 1
8335 1
8336 1
8337 0
8338 2
8339 1
8340 1
8341 0
8342 0
8343 1
8344 1
8345 2
8346 0
8347 1
8348 1
8349 2
8350 1
8351 1
8352 0
8353 2
8354 0
8355 2
8356 2
8357 2
8358 2
8359 1
8360 1
8361 1
8362 1
8363 0
8364 2
8365 1
8366 2
8367 2
8368 2
8369 3
8370 1
8371 2
8372 1
8373 2
8374 1
8375 1
8376 1
8377 0
8378 2
8379 0
8380 0
8381 0
8382 0
8383 0
8384 0
8385 0
8386 0
8387 0
8388 1
8389 0
8390 0
8391 0
8392 0
8393 0
8394 1
8395 0
8396 1
8397 0
8398 0
8399 0
8400 1
8401 0
8402 0
8403 0
8404 0
8405 1
8406 0
8407 0
8408 0
8409 0
8410 0
8411 0
8412 0
8413 1
8414 0
8415 0
8416 0
8417 0
8418 0
8419 1
8420 0
8421 0
8422 0
8423 1
8424 0
8425 0
8426 0
8427 0
8428 1
8429 0
8430 0
8431 1
8432 0
8433 0
8434 0
8435 0
8436 0
8437 0
8438 0
8439 0
8440 0
8441 0
8442 0
8443 0
8444 1
8445 1
8446 1
8447 0
8448 0
8449 1
8450 0
8451 1
8452 2
8453 1
8454 1
8455 1
8456 1
8457 1
8458 1
8459 1
8460 1
8461 1
8462 1
8463 1
8464 1
8465 1
8466 2
8467 2
8468 1
8469 0
8470 1
8471 2
8472 0
8473 2
8474 1
8475 2
8476 2
8477 1
8478 2
8479 0
8480 0
8481 0
8482 0
8483 0
8484 0
8485 1
8486 0
8487 0
8488 0
8489 0
8490 0
8491 1
8492 0
8493 1
8494 1
8495 0
8496 2
8497 0
8498 1
8499 1
8500 0
8501 1
8502 0
8503 0
8504 1
8505 0
8506 1
8507 0
8508 0
8509 0
8510 0
8511 1
8512 1
8513 1
8514 0
8515 1
8516 0
8517 1
8518 0
8519 1
8520 0
8521 0
8522 1
8523 1
8524 0
8525 0
8526 0
8527 1
8528 1
8529 1
8530 1
8531 0
8532 1
8533 2
8534 2
8535 2
8536 2
8537 2
8538 2
8539 0
8540 0
8541 2
8542 1
8543 1
8544 1
8545 1
8546 0
8547 1
8548 1
8549 1
8550 1
8551 2
8552 2
8553 1
8554 1
8555 2
8556 2
8557 1
8558 1
8559 1
8560 1
8561 1
8562 1
8563 2
8564 1
8565 2
8566 2
8567 0
8568 0
8569 1
8570 2
8571 2
8572 2
8573 1
8574 2
8575 2
8576 1
8577 2
8578 1
8579 1
8580 1
8581 1
8582 1
8583 1
8584 2
8585 1
8586 2
8587 0
8588 1
8589 1
8590 1
8591 1
8592 2
8593 1
8594 1
8595 2
8596 2
8597 1
8598 2
8599 2
8600 2
8601 2
8602 1
8603 1
8604 2
8605 1
8606 1
8607 2
8608 0
8609 2
8610 1
8611 2
8612 2
8613 2
8614 1
8615 0
8616 2
8617 1
8618 2
8619 1
8620 1
8621 0
8622 1
8623 1
8624 0
8625 1
8626 0
8627 1
8628 1
8629 1
8630 0
8631 0
8632 1
8633 0
8634 0
8635 0
8636 1
8637 0
8638 0
8639 0
8640 0
8641 1
8642 0
8643 0
8644 0
8645 0
8646 2
8647 1
8648 1
8649 2
8650 2
8651 0
8652 0
8653 1
8654 0
8655 2
8656 1
8657 1
8658 1
8659 0
8660 1
8661 1
8662 0
8663 1
8664 2
8665 1
8666 2
8667 0
8668 1
8669 1
8670 1
8671 1
8672 2
8673 0
8674 2
8675 2
8676 2
8677 2
8678 1
8679 3
8680 1
8681 2
8682 2
8683 2
8684 1
8685 2
8686 2
8687 1
8688 2
8689 0
8690 1
8691 2
8692 1
8693 2
8694 1
8695 1
8696 1
8697 2
8698 2
8699 1
8700 1
8701 2
8702 1
8703 1
8704 1
8705 0
8706 0
8707 0
8708 0
8709 0
8710 0
8711 1
8712 0
8713 1
8714 1
8715 1
8716 0
8717 0
8718 0
8719 0
8720 0
8721 0
8722 0
8723 0
8724 0
8725 2
8726 1
8727 1
8728 0
8729 1
8730 0
8731 1
8732 0
8733 0
8734 1
8735 0
8736 1
8737 1
8738 0
8739 0
8740 2
8741 0
8742 0
8743 0
8744 0
8745 1
8746 1
8747 1
8748 2
8749 2
8750 2
8751 2
8752 1
8753 1
8754 1
8755 2
8756 1
8757 2
8758 2
8759 2
8760 2
8761 2
8762 1
8763 2
8764 2
8765 2
8766 1
8767 1
8768 1
8769 0
8770 2
8771 2
8772 1
8773 1
8774 2
8775 1
8776 1
8777 1
8778 0
8779 3
8780 1
8781 0
8782 1
8783 1
8784 2
8785 2
8786 1
8787 2
8788 1
8789 1
8790 2
8791 0
8792 1
8793 2
8794 1
8795 2
8796 0
8797 1
8798 1
8799 0
8800 1
8801 3
8802 1
8803 1
8804 2
8805 3
8806 0
8807 1
8808 1
8809 1
8810 2
8811 2
8812 0
8813 0
8814 2
8815 1
8816 1
8817 1
8818 2
8819 1
8820 1
8821 1
8822 2
8823 2
8824 2
8825 1
8826 2
8827 0
8828 2
8829 3
8830 1
8831 2
8832 1
8833 2
8834 1
8835 2
8836 2
8837 0
8838 1
8839 1
8840 1
8841 2
8842 2
8843 1
8844 1
8845 1
8846 1
8847 1
8848 2
8849 1
8850 0
8851 1
8852 1
8853 2
8854 0
8855 2
8856 1
8857 2
8858 2
8859 1
8860 1
8861 2
8862 2
8863 2
8864 2
8865 1
8866 2
8867 1
8868 2
8869 1
8870 1
8871 1
8872 2
8873 2
8874 0
8875 2
8876 1
8877 2
8878 1
8879 0
8880 0
8881 2
8882 0
8883 1
8884 1
8885 2
8886 1
8887 2
8888 2
8889 1
8890 0
8891 2
8892 1
8893 1
8894 2
8895 1
8896 1
8897 2
8898 2
8899 2
8900 0
8901 0
8902 1
8903 0
8904 1
8905 1
8906 1
8907 2
8908 2
8909 1
8910 2
8911 1
8912 1
8913 1
8914 1
8915 1
8916 1
8917 0
8918 1
8919 1
8920 1
8921 1
8922 1
8923 1
8924 1
8925 1
8926 2
8927 1
8928 0
8929 2
8930 1
8931 0
8932 1
8933 1
8934 0
8935 0
8936 1
8937 2
8938 2
8939 2
8940 2
8941 0
8942 2
8943 1
8944 1
8945 1
8946 0
8947 2
8948 2
8949 2
8950 1
8951 1
8952 2
8953 2
8954 1
8955 1
8956 2
8957 1
8958 2
8959 2
8960 2
8961 0
8962 1
8963 0
8964 1
8965 0
8966 1
8967 0
8968 0
8969 1
8970 0
8971 0
8972 1
8973 0
8974 0
8975 1
8976 1
8977 0
8978 1
8979 0
8980 1
8981 1
8982 0
8983 1
8984 0
8985 1
8986 1
8987 0
8988 1
8989 1
8990 1
8991 0
8992 1
8993 0
8994 0
8995 1
8996 1
8997 0
8998 1
8999 1
9000 0
9001 0
9002 0
9003 0
9004 0
9005 0
9006 0
9007 1
9008 1
9009 0
9010 1
9011 0
9012 0
9013 0
9014 0
9015 1
9016 1
9017 1
9018 1
9019 1
9020 1
9021 0
9022 1
9023 0
9024 1
9025 0
9026 0
9027 0
9028 1
9029 1
9030 1
9031 1
9032 1
9033 0
9034 0
9035 0
9036 0
9037 0
9038 0
9039 1
9040 1
9041 1
9042 0
9043 0
9044 0
9045 1
9046 0
9047 1
9048 0
9049 0
9050 1
9051 0
9052 1
9053 1
9054 0
9055 1
9056 0
9057 1
9058 1
9059 0
9060 0
9061 0
9062 0
9063 1
9064 0
9065 1
9066 1
9067 0
9068 1
9069 0
9070 1
9071 1
9072 1
9073 0
9074 0
9075 0
9076 0
9077 0
9078 0
9079 0
9080 0
9081 0
9082 0
9083 1
9084 0
9085 0
9086 0
9087 0
9088 0
9089 0
9090 0
9091 0
9092 1
9093 1
9094 0
9095 0
9096 0
9097 1
9098 0
9099 0
9100 0
9101 0
9102 0
9103 0
9104 1
9105 0
9106 0
9107 0
9108 0
9109 0
9110 0
9111 1
9112 0
9113 0
9114 0
9115 1
9116 0
9117 0
9118 0
9119 0
9120 1
9121 1
9122 0
9123 1
9124 1
9125 1
9126 1
9127 1
9128 1
9129 0
9130 0
9131 0
9132 0
9133 0
9134 1
9135 0
9136 0
9137 1
9138 0
9139 0
9140 1
9141 0
9142 0
9143 0
9144 1
9145 0
9146 0
9147 0
9148 0
9149 0
9150 1
9151 1
9152 0
9153 0
9154 1
9155 1
9156 0
9157 1
9158 0
9159 0
9160 0
9161 1
9162 1
9163 1
9164 0
9165 0
9166 0
9167 0
9168 0
9169 0
9170 0
9171 0
9172 0
9173 1
9174 0
9175 0
9176 1
9177 0
9178 0
9179 1
9180 0
9181 0
9182 1
9183 1
9184 0
9185 0
9186 1
9187 0
9188 0
9189 0
9190 0
9191 0
9192 0
9193 0
9194 0
9195 0
9196 0
9197 0
9198 0
9199 0
9200 0
9201 0
9202 0
9203 1
9204 0
9205 1
9206 0
9207 1
9208 0
9209 1
9210 0
9211 1
9212 1
9213 0
9214 0
9215 0
9216 0
9217 0
9218 0
9219 0
9220 0
9221 0
9222 0
9223 0
9224 0
9225 0
9226 0
9227 0
9228 0
9229 0
9230 0
9231 0
9232 0
9233 0
9234 1
9235 0
9236 0
9237 0
9238 0
9239 0
9240 0
9241 0
9242 0
9243 0
9244 0
9245 0
9246 0
9247 0
9248 0
9249 0
9250 0
9251 1
9252 0
9253 0
9254 0
9255 1
9256 1
9257 1
9258 0
9259 0
9260 1
9261 0
9262 0
9263 0
9264 0
9265 1
9266 0
9267 0
9268 0
9269 0
9270 0
9271 0
9272 0
9273 0
9274 0
9275 0
9276 0
9277 0
9278 0
9279 0
9280 0
9281 1
9282 1
9283 0
9284 1
9285 1
9286 0
9287 0
9288 1
9289 1
9290 0
9291 0
9292 1
9293 1
9294 1
9295 0
9296 1
9297 1
9298 1
9299 0
9300 1
9301 1
9302 1
9303 1
9304 0
9305 1
9306 1
9307 0
9308 1
9309 0
9310 0
9311 1
9312 0
9313 1
9314 2
9315 1
9316 1
9317 1
9318 1
9319 1
9320 0
9321 1
9322 1
9323 1
9324 1
9325 1
9326 1
9327 0
9328 0
9329 0
9330 1
9331 2
9332 1
9333 1
9334 0
9335 0
9336 1
9337 1
9338 1
9339 0
9340 0
9341 0
9342 1
9343 0
9344 1
9345 0
9346 0
9347 1
9348 0
9349 0
9350 1
9351 1
9352 1
9353 1
9354 1
9355 1
9356 1
9357 1
9358 0
9359 1
9360 1
9361 0
9362 0
9363 0
9364 0
9365 1
9366 1
9367 1
9368 1
9369 0
9370 0
9371 1
9372 1
9373 1
9374 0
9375 1
9376 1
9377 1
9378 1
9379 1
9380 1
9381 0
9382 1
9383 0
9384 1
9385 1
9386 0
9387 1
9388 1
9389 0
9390 0
9391 0
9392 1
9393 0
9394 0
9395 1
9396 1
9397 0
9398 0
9399 0
9400 1
9401 1
9402 1
9403 0
9404 0
9405 1
9406 1
9407 2
9408 1
9409 1
9410 1
9411 1
9412 0
9413 0
9414 1
9415 0
9416 0
9417 0
9418 0
9419 0
9420 0
9421 0
9422 0
9423 1
9424 1
9425 0
9426 1
9427 1
9428 0
9429 0
9430 0
9431 0
9432 2
9433 0
9434 1
9435 1
9436 0
9437 0
9438 1
9439 1
9440 1
9441 1
9442 0
9443 1
9444 1
9445 1
9446 1
9447 1
9448 1
9449 1
9450 1
9451 1
9452 1
9453 1
9454 1
9455 0
9456 1
9457 1
9458 0
9459 1
9460 1
9461 0
9462 1
9463 1
9464 0
9465 1
9466 0
9467 1
9468 1
9469 1
9470 0
9471 0
9472 0
9473 1
9474 0
9475 0
9476 0
9477 0
9478 0
9479 1
9480 1
9481 1
9482 0
9483 1
9484 1
9485 1
9486 0
9487 1
9488 0
9489 1
9490 1
9491 0
9492 1
9493 0
9494 0
9495 0
9496 1
9497 1
9498 0
9499 1
9500 0
9501 0
9502 1
9503 1
9504 1
9505 0
9506 1
9507 0
9508 0
9509 0
9510 0
9511 0
9512 0
9513 0
9514 1
9515 0
9516 1
9517 2
9518 0
9519 1
9520 2
9521 2
9522 0
9523 1
9524 1
9525 1
9526 0
9527 0
9528 0
9529 2
9530 0
9531 1
9532 0
9533 0
9534 0
9535 0
9536 0
9537 0
9538 1
9539 0
9540 0
9541 0
9542 0
9543 0
9544 0
9545 0
9546 0
9547 1
9548 1
9549 0
9550 1
9551 0
9552 1
9553 0
9554 1
9555 1
9556 1
9557 0
9558 1
9559 1
9560 2
9561 1
9562 1
9563 0
9564 0
9565 0
9566 1
9567 0
9568 1
9569 1
9570 1
9571 0
9572 1
9573 0
9574 1
9575 0
9576 0
9577 0
9578 0
9579 1
9580 1
9581 1
9582 0
9583 0
9584 0
9585 1
9586 1
9587 1
9588 1
9589 1
9590 0
9591 0
9592 0
9593 1
9594 1
9595 1
9596 0
9597 0
9598 1
9599 0
9600 1
9601 1
9602 0
9603 1
9604 0
9605 1
9606 0
9607 1
9608 1
9609 1
9610 1
9611 1
9612 0
9613 2
9614 0
9615 0
9616 1
9617 2
9618 1
9619 1
9620 1
9621 1
9622 0
9623 0
9624 1
9625 1
9626 1
9627 0
9628 0
9629 1
9630 2
9631 1
9632 0
9633 1
9634 0
9635 1
9636 1
9637 1
9638 1
9639 1
9640 1
9641 0
9642 0
9643 0
9644 1
9645 0
9646 1
9647 1
9648 1
9649 0
9650 1
9651 1
9652 1
9653 1
9654 0
9655 0
9656 0
9657 0
9658 0
9659 0
9660 0
9661 1
9662 1
9663 2
9664 0
9665 1
9666 0
9667 1
9668 1
9669 0
9670 1
9671 0
9672 1
9673 0
9674 0
9675 0
9676 0
9677 1
9678 1
9679 0
9680 1
9681 1
9682 0
9683 1
9684 1
9685 1
9686 1
9687 1
9688 0
9689 2
9690 1
9691 0
9692 1
9693 1
9694 0
9695 1
9696 1
9697 0
9698 0
9699 1
9700 1
9701 1
9702 1
9703 1
9704 1
9705 0
9706 0
9707 0
9708 0
9709 0
9710 0
9711 0
9712 0
9713 0
9714 0
9715 0
9716 0
9717 0
9718 0
9719 0
9720 1
9721 1
9722 0
9723 1
9724 0
9725 0
9726 1
9727 0
9728 1
9729 1
9730 1
9731 0
9732 0
9733 1
9734 1
9735 1
9736 0
9737 0
9738 0
9739 1
9740 1
9741 0
9742 1
9743 1
9744 0
9745 1
9746 1
9747 1
9748 1
9749 1
9750 1
9751 0
9752 1
9753 1
9754 1
9755 0
9756 0
9757 1
9758 0
9759 1
9760 1
9761 1
9762 0
9763 2
9764 1
9765 1
9766 0
9767 1
9768 1
9769 0
9770 2
9771 0
9772 1
9773 1
9774 0
9775 1
9776 0
9777 1
9778 0
9779 1
9780 1
9781 1
9782 1
9783 1
9784 2
9785 1
9786 0
9787 1
9788 1
9789 1
9790 0
9791 0
9792 1
9793 0
9794 1
9795 1
9796 1
9797 0
9798 1
9799 1
9800 1
9801 0
9802 1
9803 1
9804 0
9805 1
9806 1
9807 1
9808 0
9809 1
9810 2
9811 0
9812 1
9813 1
9814 1
9815 0
9816 1
9817 1
9818 0
9819 1
9820 1
9821 1
9822 0
9823 0
9824 1
9825 0
9826 0
9827 0
9828 1
9829 0
9830 0
9831 1
9832 0
9833 1
9834 1
9835 0
9836 0
9837 2
9838 1
9839 0
9840 1
9841 1
9842 0
9843 0
9844 0
9845 1
9846 0
9847 0
9848 1
9849 0
9850 0
9851 0
9852 0
9853 1
9854 0
9855 1
9856 0
9857 1
9858 0
9859 0
9860 1
9861 0
9862 0
9863 0
9864 0
9865 1
9866 0
9867 0
9868 1
9869 1
9870 0
9871 0
9872 1
9873 0
9874 1
9875 0
9876 1
9877 0
9878 0
9879 0
9880 0
9881 0
9882 1
9883 0
9884 0
9885 1
9886 0
9887 0
9888 0
9889 1
9890 1
9891 0
9892 1
9893 0
9894 1
9895 1
9896 1
9897 1
9898 1
9899 0
9900 0
9901 1
9902 1
9903 0
9904 2
9905 0
9906 0
9907 1
9908 1
9909 1
9910 1
9911 0
9912 0
9913 0
9914 1
9915 1
9916 1
9917 1
9918 1
9919 0
9920 0
9921 0
9922 0
9923 0
9924 0
9925 0
9926 0
9927 0
9928 0
9929 0
9930 0
9931 0
9932 0
9933 0
9934 0
9935 0
9936 0
9937 0
9938 0
9939 0
9940 0
9941 0
9942 0
9943 0
9944 0
9945 0
9946 0
9947 0
9948 0
9949 0
9950 0
9951 0
9952 0
9953 0
9954 0
9955 0
9956 0
9957 1
9958 0
9959 0
9960 0
9961 0
9962 0
9963 0
9964 0
9965 0
9966 0
9967 1
9968 0
9969 0
9970 0
9971 0
9972 0
9973 0
9974 0
9975 0
9976 1
9977 0
9978 0
9979 0
9980 1
9981 1
9982 0
9983 0
9984 0
9985 0
9986 0
9987 1
9988 1
9989 1
9990 0
9991 0
9992 0
9993 0
9994 0
9995 0
9996 0
9997 0
9998 0
9999 0
10000 1
10001 0
