1 0
2 2
3 0
4 1
5 1
6 0
7 1
8 1
9 1
10 0
11 1
12 1
13 0
14 2
15 1
16 2
17 1
18 1
19 0
20 1
21 1
22 0
23 1
24 0
25 1
26 1
27 1
28 1
29 1
30 0
31 0
32 1
33 0
34 0
35 1
36 0
37 0
38 1
39 1
40 0
41 0
42 1
43 1
44 0
45 0
46 0
47 1
48 2
49 2
50 1
51 1
52 0
53 1
54 0
55 1
56 1
57 2
58 0
59 1
60 1
61 0
62 1
63 1
64 1
65 0
66 2
67 0
68 1
69 1
70 1
71 2
72 1
73 1
74 1
75 1
76 2
77 1
78 2
79 1
80 1
81 1
82 1
83 1
84 1
85 1
86 1
87 1
88 1
89 0
90 2
91 2
92 1
93 1
94 1
95 1
96 0
97 0
98 1
99 1
100 0
101 0
102 2
103 1
104 1
105 2
106 0
107 2
108 0
109 0
110 1
111 1
112 0
113 2
114 1
115 1
116 1
117 1
118 2
119 1
120 1
121 1
122 1
123 1
124 1
125 1
126 2
127 0
128 1
129 0
130 0
131 1
132 0
133 1
134 0
135 0
136 2
137 0
138 1
139 1
140 1
141 1
142 1
143 0
144 1
145 1
146 1
147 0
148 1
149 1
150 2
151 2
152 0
153 2
154 1
155 1
156 2
157 0
158 1
159 0
160 1
161 1
162 1
163 1
164 1
165 1
166 1
167 0
168 2
169 0
170 1
171 1
172 1
173 1
174 1
175 1
176 1
177 1
178 1
179 1
180 2
181 1
182 0
183 2
184 0
185 2
186 0
187 1
188 2
189 0
190 0
191 0
192 0
193 0
194 0
195 0
196 0
197 0
198 0
199 0
200 0
201 0
202 0
203 0
204 0
205 0
206 0
207 0
208 0
209 1
210 0
211 0
212 0
213 0
214 0
215 0
216 0
217 0
218 0
219 0
220 0
221 0
222 1
223 1
224 1
225 2
226 0
227 1
228 0
229 0
230 0
231 0
232 0
233 1
234 1
235 2
236 0
237 1
238 0
239 1
240 1
241 1
242 1
243 1
244 0
245 1
246 0
247 0
248 0
249 0
250 0
251 0
252 0
253 0
254 0
255 0
256 0
257 0
258 0
259 0
260 0
261 0
262 0
263 0
264 0
265 0
266 0
267 1
268 1
269 0
270 1
271 0
272 0
273 0
274 0
275 0
276 0
277 0
278 0
279 0
280 0
281 0
282 0
283 0
284 0
285 0
286 0
287 0
288 0
289 0
290 0
291 0
292 0
293 0
294 0
295 0
296 0
297 0
298 0
299 0
300 0
301 0
302 0
303 0
304 0
305 1
306 0
307 0
308 1
309 0
310 1
311 2
312 1
313 1
314 2
315 0
316 2
317 1
318 1
319 1
320 0
321 0
322 1
323 1
324 1
325 0
326 1
327 1
328 1
329 2
330 0
331 1
332 0
333 1
334 1
335 1
336 1
337 1
338 2
339 1
340 0
341 1
342 1
343 1
344 1
345 2
346 1
347 1
348 0
349 1
350 0
351 1
352 0
353 2
354 1
355 1
356 1
357 1
358 0
359 1
360 1
361 0
362 0
363 1
364 1
365 1
366 1
367 0
368 2
369 1
370 1
371 1
372 0
373 1
374 2
375 1
376 1
377 1
378 1
379 1
380 1
381 1
382 2
383 2
384 2
385 1
386 0
387 0
388 1
389 1
390 0
391 1
392 1
393 0
394 0
395 1
396 1
397 0
398 0
399 0
400 1
401 1
402 0
403 0
404 0
405 0
406 1
407 0
408 1
409 0
410 1
411 1
412 1
413 0
414 0
415 1
416 0
417 0
418 2
419 1
420 0
421 1
422 1
423 1
424 1
425 1
426 0
427 0
428 2
429 1
430 1
431 1
432 0
433 0
434 2
435 0
436 1
437 0
438 1
439 0
440 1
441 1
442 1
443 0
444 1
445 2
446 2
447 1
448 1
449 0
450 2
451 1
452 1
453 1
454 1
455 2
456 1
457 0
458 1
459 1
460 2
461 1
462 0
463 0
464 1
465 1
466 0
467 1
468 1
469 0
470 1
471 0
472 1
473 0
474 1
475 1
476 0
477 1
478 0
479 0
480 1
481 1
482 2
483 1
484 1
485 1
486 1
487 2
488 0
489 1
490 1
491 0
492 1
493 1
494 1
495 2
496 0
497 2
498 0
499 0
500 1
501 0
502 2
503 1
504 1
505 1
506 1
507 1
508 1
509 2
510 1
511 0
512 2
513 1
514 1
515 1
516 0
517 0
518 1
519 0
520 0
521 1
522 0
523 1
524 1
525 1
526 1
527 0
528 0
529 1
530 0
531 1
532 0
533 1
534 2
535 1
536 2
537 1
538 1
539 1
540 1
541 1
542 0
543 2
544 1
545 2
546 0
547 1
548 1
549 2
550 0
551 2
552 1
553 1
554 0
555 0
556 1
557 0
558 0
559 1
560 1
561 0
562 1
563 2
564 0
565 1
566 0
567 1
568 1
569 2
570 0
571 0
572 1
573 1
574 2
575 1
576 1
577 2
578 2
579 0
580 0
581 0
582 1
583 0
584 0
585 1
586 0
587 2
588 2
589 1
590 1
591 1
592 2
593 1
594 1
595 2
596 1
597 0
598 0
599 0
600 1
601 0
602 0
603 0
604 1
605 0
606 0
607 1
608 1
609 1
610 1
611 0
612 0
613 1
614 0
615 1
616 1
617 1
618 1
619 1
620 1
621 1
622 2
623 0
624 1
625 0
626 2
627 1
628 0
629 1
630 0
631 0
632 2
633 1
634 0
635 2
636 1
637 1
638 0
639 0
640 2
641 0
642 1
643 0
644 0
645 0
646 1
647 3
648 0
649 2
650 1
651 1
652 0
653 1
654 0
655 0
656 0
657 1
658 0
659 1
660 1
661 1
662 1
663 1
664 0
665 1
666 1
667 0
668 0
669 0
670 0
671 1
672 0
673 1
674 1
675 0
676 1
677 0
678 1
679 1
680 0
681 2
682 0
683 0
684 2
685 1
686 1
687 0
688 0
689 1
690 1
691 0
692 1
693 1
694 1
695 0
696 0
697 1
698 2
699 0
700 1
701 0
702 1
703 2
704 0
705 2
706 2
707 0
708 2
709 1
710 1
711 1
712 1
713 2
714 1
715 0
716 0
717 2
718 1
719 1
720 1
721 1
722 1
723 1
724 0
725 2
726 0
727 0
728 1
729 0
730 1
731 1
732 1
733 0
734 2
735 2
736 0
737 1
738 1
739 1
740 1
741 1
742 1
743 0
744 2
745 1
746 2
747 0
748 1
749 2
750 0
751 1
752 0
753 0
754 1
755 0
756 1
757 0
758 0
759 1
760 0
761 0
762 2
763 1
764 0
765 1
766 1
767 0
768 0
769 1
770 1
771 1
772 2
773 1
774 0
775 2
776 0
777 0
778 0
779 0
780 2
781 2
782 0
783 1
784 0
785 0
786 1
787 0
788 1
789 2
790 2
791 2
792 0
793 1
794 1
795 0
796 0
797 1
798 0
799 1
800 1
801 1
802 1
803 0
804 0
805 2
806 2
807 0
808 1
809 0
810 0
811 1
812 1
813 1
814 1
815 1
816 1
817 1
818 1
819 2
820 0
821 0
822 2
823 0
824 1
825 1
826 1
827 2
828 1
829 1
830 0
831 0
832 2
833 0
834 0
835 2
836 1
837 1
838 1
839 2
840 1
841 0
842 1
843 1
844 1
845 1
846 1
847 0
848 2
849 0
850 0
851 0
852 1
853 1
854 0
855 2
856 1
857 1
858 1
859 1
860 1
861 0
862 1
863 1
864 1
865 2
866 1
867 1
868 0
869 1
870 0
871 1
872 0
873 1
874 1
875 1
876 0
877 0
878 1
879 2
880 0
881 1
882 0
883 2
884 1
885 1
886 1
887 1
888 0
889 2
890 0
891 1
892 1
893 1
894 1
895 2
896 2
897 0
898 0
899 0
900 1
901 1
902 2
903 1
904 1
905 1
906 0
907 1
908 2
909 1
910 2
911 1
912 1
913 0
914 0
915 0
916 1
917 0
918 1
919 0
920 1
921 1
922 2
923 2
924 1
925 1
926 2
927 2
928 0
929 0
930 1
931 0
932 1
933 0
934 1
935 0
936 1
937 1
938 1
939 1
940 1
941 0
942 1
943 2
944 0
945 2
946 1
947 1
948 1
949 1
950 0
951 1
952 0
953 0
954 1
955 1
956 1
957 1
958 1
959 1
960 1
961 0
962 1
963 1
964 2
965 1
966 0
967 1
968 2
969 0
970 1
971 1
972 1
973 1
974 0
975 0
976 0
977 1
978 1
979 1
980 0
981 1
982 1
983 1
984 1
985 1
986 1
987 1
988 2
989 1
990 1
991 1
992 1
993 1
994 1
995 1
996 1
997 1
998 0
999 0
1000 1
1001 1
1002 1
1003 0
1004 1
1005 1
1006 1
1007 1
1008 1
1009 1
1010 1
1011 1
1012 1
1013 1
1014 0
1015 1
1016 1
1017 1
1018 0
1019 0
1020 0
1021 1
1022 1
1023 1
1024 1
1025 1
1026 1
1027 1
1028 1
1029 1
1030 0
1031 1
1032 1
1033 1
1034 0
1035 1
1036 1
1037 1
1038 1
1039 0
1040 1
1041 0
1042 2
1043 2
1044 2
1045 0
1046 2
1047 0
1048 0
1049 0
1050 0
1051 1
1052 1
1053 0
1054 2
1055 1
1056 2
1057 1
1058 2
1059 1
1060 1
1061 1
1062 0
1063 1
1064 0
1065 1
1066 1
1067 1
1068 1
1069 2
1070 1
1071 1
1072 1
1073 0
1074 1
1075 1
1076 1
1077 0
1078 1
1079 1
1080 1
1081 1
1082 1
1083 1
1084 2
1085 2
1086 0
1087 1
1088 1
1089 1
1090 0
1091 2
1092 1
1093 0
1094 1
1095 1
1096 1
1097 0
1098 0
1099 1
1100 0
1101 1
1102 1
1103 1
1104 1
1105 0
1106 0
1107 1
1108 0
1109 0
1110 2
1111 1
1112 1
1113 2
1114 1
1115 0
1116 1
1117 0
1118 0
1119 2
1120 1
1121 1
1122 0
1123 2
1124 1
1125 1
1126 0
1127 0
1128 1
1129 1
1130 1
1131 0
1132 1
1133 1
1134 2
1135 1
1136 1
1137 1
1138 1
1139 1
1140 1
1141 1
1142 2
1143 2
1144 0
1145 1
1146 1
1147 2
1148 1
1149 0
1150 1
1151 0
1152 0
1153 1
1154 1
1155 1
1156 2
1157 0
1158 2
1159 0
1160 0
1161 0
1162 1
1163 1
1164 1
1165 0
1166 1
1167 1
1168 0
1169 2
1170 1
1171 1
1172 1
1173 0
1174 0
1175 1
1176 0
1177 0
1178 0
1179 0
1180 2
1181 0
1182 0
1183 1
1184 1
1185 1
1186 0
1187 1
1188 0
1189 1
1190 1
1191 2
1192 1
1193 1
1194 0
1195 1
1196 2
1197 0
1198 1
1199 1
1200 1
1201 1
1202 0
1203 1
1204 2
1205 1
1206 2
1207 0
1208 1
1209 1
1210 1
1211 1
1212 0
1213 1
1214 0
1215 1
1216 1
1217 0
1218 1
1219 1
1220 1
1221 1
1222 1
1223 1
1224 1
1225 1
1226 1
1227 2
1228 1
1229 1
1230 0
1231 1
1232 0
1233 2
1234 1
1235 1
1236 2
1237 2
1238 1
1239 1
1240 0
1241 0
1242 1
1243 0
1244 0
1245 1
1246 1
1247 1
1248 0
1249 1
1250 1
1251 0
1252 1
1253 0
1254 1
1255 1
1256 2
1257 1
1258 1
1259 0
1260 1
1261 0
1262 1
1263 0
1264 1
1265 2
1266 0
1267 0
1268 1
1269 1
1270 1
1271 0
1272 1
1273 1
1274 0
1275 0
1276 1
1277 1
1278 1
1279 0
1280 0
1281 2
1282 0
1283 0
1284 2
1285 1
1286 0
1287 1
1288 2
1289 1
1290 2
1291 0
1292 0
1293 0
1294 1
1295 0
1296 0
1297 1
1298 1
1299 2
1300 1
1301 1
1302 0
1303 1
1304 1
1305 1
1306 1
1307 1
1308 1
1309 0
1310 1
1311 1
1312 0
1313 1
1314 1
1315 1
1316 2
1317 0
1318 0
1319 1
1320 1
1321 0
1322 0
1323 0
1324 0
1325 2
1326 2
1327 1
1328 0
1329 1
1330 0
1331 1
1332 1
1333 1
1334 1
1335 0
1336 1
1337 2
1338 0
1339 1
1340 1
1341 0
1342 0
1343 0
1344 1
1345 1
1346 1
1347 0
1348 1
1349 0
1350 1
1351 1
1352 0
1353 2
1354 1
1355 0
1356 1
1357 2
1358 0
1359 1
1360 1
1361 1
1362 0
1363 2
1364 2
1365 0
1366 1
1367 2
1368 1
1369 1
1370 1
1371 1
1372 1
1373 0
1374 0
1375 2
1376 0
1377 1
1378 1
1379 2
1380 0
1381 1
1382 1
1383 1
1384 1
1385 2
1386 1
1387 0
1388 0
1389 0
1390 1
1391 2
1392 0
1393 1
1394 1
1395 1
1396 0
1397 1
1398 0
1399 2
1400 1
1401 1
1402 0
1403 1
1404 2
1405 0
1406 0
1407 1
1408 1
1409 1
1410 2
1411 1
1412 1
1413 1
1414 1
1415 2
1416 0
1417 1
1418 0
1419 0
1420 0
1421 1
1422 1
1423 2
1424 0
1425 1
1426 0
1427 2
1428 0
1429 0
1430 2
1431 2
1432 1
1433 2
1434 1
1435 0
1436 0
1437 0
1438 1
1439 1
1440 1
1441 2
1442 1
1443 1
1444 1
1445 0
1446 1
1447 1
1448 1
1449 1
1450 1
1451 1
1452 1
1453 1
1454 1
1455 0
1456 1
1457 1
1458 1
1459 1
1460 1
1461 0
1462 1
1463 0
1464 0
1465 1
1466 1
1467 1
1468 1
1469 0
1470 0
1471 0
1472 0
1473 2
1474 0
1475 1
1476 0
1477 1
1478 1
1479 2
1480 1
1481 1
1482 0
1483 1
1484 1
1485 1
1486 1
1487 0
1488 0
1489 1
1490 1
1491 1
1492 2
1493 2
1494 1
1495 1
1496 2
1497 0
1498 1
1499 0
1500 1
1501 1
1502 0
1503 1
1504 0
1505 1
1506 2
1507 1
1508 0
1509 0
1510 2
1511 2
1512 0
1513 1
1514 1
1515 1
1516 1
1517 0
1518 1
1519 1
1520 1
1521 1
1522 1
1523 1
1524 1
1525 1
1526 2
1527 1
1528 0
1529 0
1530 1
1531 1
1532 1
1533 1
1534 0
1535 0
1536 1
1537 1
1538 2
1539 0
1540 1
1541 1
1542 0
1543 1
1544 1
1545 1
1546 0
1547 1
1548 1
1549 1
1550 0
1551 2
1552 0
1553 1
1554 1
1555 2
1556 1
1557 1
1558 0
1559 1
1560 0
1561 1
1562 0
1563 1
1564 1
1565 1
1566 1
1567 0
1568 0
1569 1
1570 1
1571 2
1572 0
1573 0
1574 0
1575 1
1576 1
1577 2
1578 1
1579 1
1580 1
1581 1
1582 0
1583 1
1584 1
1585 1
1586 1
1587 1
1588 0
1589 1
1590 1
1591 1
1592 1
1593 1
1594 0
1595 1
1596 0
1597 1
1598 0
1599 1
1600 1
1601 1
1602 1
1603 1
1604 1
1605 1
1606 1
1607 1
1608 1
1609 1
1610 0
1611 1
1612 1
1613 1
1614 1
1615 0
1616 0
1617 1
1618 1
1619 1
1620 1
1621 0
1622 1
1623 1
1624 1
1625 0
1626 1
1627 2
1628 1
1629 2
1630 1
1631 1
1632 1
1633 1
1634 0
1635 0
1636 2
1637 1
1638 0
1639 0
1640 1
1641 1
1642 2
1643 2
1644 0
1645 1
1646 0
1647 1
1648 0
1649 1
1650 1
1651 1
1652 1
1653 0
1654 1
1655 0
1656 1
1657 1
1658 0
1659 1
1660 1
1661 0
1662 1
1663 0
1664 1
1665 0
1666 0
1667 1
1668 1
1669 2
1670 1
1671 1
1672 1
1673 0
1674 2
1675 0
1676 1
1677 1
1678 1
1679 0
1680 1
1681 1
1682 1
1683 1
1684 1
1685 1
1686 1
1687 1
1688 1
1689 1
1690 1
1691 1
1692 0
1693 1
1694 1
1695 1
1696 1
1697 0
1698 1
1699 0
1700 1
1701 1
1702 1
1703 1
1704 0
1705 0
1706 0
1707 2
1708 1
1709 1
1710 1
1711 1
1712 1
1713 1
1714 1
1715 0
1716 0
1717 1
1718 1
1719 1
1720 1
1721 1
1722 1
1723 1
1724 1
1725 1
1726 1
1727 1
1728 1
1729 0
1730 1
1731 0
1732 1
1733 1
1734 1
1735 1
1736 1
1737 1
1738 1
1739 1
1740 1
1741 1
1742 1
1743 1
1744 0
1745 0
1746 1
1747 1
1748 1
1749 1
1750 1
1751 1
1752 0
1753 1
1754 1
1755 1
1756 0
1757 1
1758 1
1759 1
1760 0
1761 0
1762 1
1763 1
1764 1
1765 1
1766 2
1767 2
1768 1
1769 1
1770 1
1771 1
1772 1
1773 1
1774 1
1775 0
1776 0
1777 1
1778 1
1779 1
1780 1
1781 1
1782 0
1783 1
1784 1
1785 2
1786 1
1787 1
1788 1
1789 1
1790 1
1791 1
1792 0
1793 1
1794 0
1795 1
1796 1
1797 1
1798 1
1799 1
1800 1
1801 1
1802 1
1803 0
1804 0
1805 1
1806 1
1807 0
1808 0
1809 1
1810 1
1811 1
1812 1
1813 0
1814 1
1815 1
1816 1
1817 1
1818 1
1819 1
1820 0
1821 1
1822 1
1823 1
1824 1
1825 1
1826 1
1827 0
1828 1
1829 1
1830 1
1831 1
1832 0
1833 0
1834 0
1835 1
1836 1
1837 1
1838 1
1839 0
1840 1
1841 0
1842 1
1843 1
1844 1
1845 1
1846 1
1847 1
1848 1
1849 0
1850 0
1851 1
1852 0
1853 1
1854 1
1855 1
1856 1
1857 1
1858 1
1859 1
1860 0
1861 1
1862 1
1863 0
1864 1
1865 1
1866 1
1867 0
1868 1
1869 1
1870 1
1871 1
1872 1
1873 1
1874 0
1875 1
1876 1
1877 1
1878 0
1879 1
1880 1
1881 1
1882 1
1883 1
1884 1
1885 0
1886 1
1887 1
1888 2
1889 1
1890 0
1891 1
1892 0
1893 1
1894 1
1895 1
1896 1
1897 1
1898 0
1899 2
1900 2
1901 1
1902 0
1903 1
1904 1
1905 1
1906 1
1907 1
1908 1
1909 1
1910 1
1911 1
1912 1
1913 1
1914 1
1915 1
1916 0
1917 1
1918 0
1919 1
1920 0
1921 0
1922 0
1923 1
1924 1
1925 1
1926 1
1927 0
1928 1
1929 1
1930 0
1931 0
1932 1
1933 1
1934 1
1935 1
1936 0
1937 1
1938 1
1939 1
1940 1
1941 1
1942 0
1943 0
1944 0
1945 1
1946 1
1947 1
1948 1
1949 0
1950 0
1951 0
1952 1
1953 0
1954 0
1955 1
1956 1
1957 0
1958 1
1959 1
1960 0
1961 0
1962 0
1963 0
1964 0
1965 0
1966 1
1967 0
1968 0
1969 1
1970 1
1971 2
1972 1
1973 0
1974 0
1975 1
1976 1
1977 1
1978 1
1979 1
1980 1
1981 0
1982 1
1983 1
1984 0
1985 0
1986 0
1987 0
1988 1
1989 1
1990 1
1991 1
1992 0
1993 0
1994 1
1995 0
1996 0
1997 0
1998 0
1999 1
2000 1
2001 1
2002 0
2003 1
2004 1
2005 1
2006 2
2007 1
2008 1
2009 0
2010 1
2011 1
2012 1
2013 1
2014 1
2015 0
2016 1
2017 2
2018 1
2019 1
2020 1
2021 0
2022 0
2023 1
2024 1
2025 0
2026 0
2027 1
2028 0
2029 0
2030 0
2031 0
2032 1
2033 0
2034 1
2035 1
2036 1
2037 2
2038 0
2039 1
2040 1
2041 0
2042 1
2043 0
2044 1
2045 1
2046 1
2047 1
2048 1
2049 0
2050 0
2051 1
2052 1
2053 1
2054 0
2055 1
2056 2
2057 1
2058 1
2059 1
2060 1
2061 1
2062 0
2063 1
2064 0
2065 0
2066 0
2067 1
2068 1
2069 1
2070 1
2071 1
2072 1
2073 1
2074 0
2075 1
2076 0
2077 2
2078 2
2079 0
2080 0
2081 1
2082 0
2083 0
2084 1
2085 1
2086 0
2087 0
2088 1
2089 1
2090 1
2091 1
2092 1
2093 1
2094 0
2095 1
2096 1
2097 1
2098 1
2099 2
2100 0
2101 1
2102 0
2103 1
2104 1
2105 1
2106 1
2107 2
2108 1
2109 1
2110 0
2111 0
2112 0
2113 0
2114 1
2115 0
2116 1
2117 0
2118 1
2119 1
2120 1
2121 1
2122 1
2123 0
2124 2
2125 1
2126 1
2127 1
2128 1
2129 1
2130 1
2131 1
2132 1
2133 1
2134 1
2135 1
2136 1
2137 1
2138 0
2139 0
2140 1
2141 1
2142 1
2143 0
2144 1
2145 0
2146 1
2147 1
2148 0
2149 1
2150 0
2151 0
2152 1
2153 1
2154 0
2155 2
2156 1
2157 0
2158 0
2159 0
2160 2
2161 2
2162 1
2163 0
2164 2
2165 0
2166 1
2167 1
2168 2
2169 0
2170 1
2171 0
2172 0
2173 0
2174 0
2175 1
2176 2
2177 0
2178 1
2179 1
2180 1
2181 1
2182 1
2183 1
2184 0
2185 1
2186 2
2187 1
2188 0
2189 2
2190 0
2191 0
2192 2
2193 0
2194 1
2195 1
2196 1
2197 1
2198 1
2199 1
2200 1
2201 0
2202 1
2203 0
2204 1
2205 1
2206 0
2207 0
2208 1
2209 2
2210 2
2211 1
2212 0
2213 0
2214 0
2215 1
2216 1
2217 1
2218 0
2219 1
2220 1
2221 1
2222 1
2223 1
2224 1
2225 1
2226 1
2227 2
2228 0
2229 0
2230 0
2231 1
2232 1
2233 1
2234 0
2235 0
2236 0
2237 0
2238 0
2239 0
2240 0
2241 1
2242 1
2243 1
2244 2
2245 0
2246 1
2247 0
2248 1
2249 1
2250 2
2251 1
2252 1
2253 1
2254 1
2255 1
2256 1
2257 0
2258 0
2259 0
2260 1
2261 2
2262 1
2263 1
2264 1
2265 1
2266 1
2267 0
2268 2
2269 1
2270 1
2271 1
2272 1
2273 2
2274 0
2275 1
2276 1
2277 1
2278 0
2279 1
2280 0
2281 1
2282 1
2283 0
2284 0
2285 0
2286 0
2287 0
2288 2
2289 1
2290 1
2291 1
2292 1
2293 1
2294 1
2295 1
2296 1
2297 0
2298 1
2299 1
2300 0
2301 1
2302 1
2303 0
2304 2
2305 1
2306 0
2307 0
2308 1
2309 0
2310 0
2311 2
2312 1
2313 1
2314 1
2315 0
2316 2
2317 1
2318 2
2319 1
2320 0
2321 0
2322 1
2323 0
2324 0
2325 1
2326 1
2327 0
2328 0
2329 1
2330 0
2331 2
2332 2
2333 0
2334 0
2335 0
2336 1
2337 1
2338 1
2339 1
2340 1
2341 0
2342 1
2343 1
2344 1
2345 2
2346 1
2347 1
2348 1
2349 0
2350 1
2351 0
2352 1
2353 0
2354 1
2355 1
2356 0
2357 1
2358 0
2359 1
2360 1
2361 1
2362 0
2363 1
2364 1
2365 0
2366 2
2367 1
2368 0
2369 1
2370 1
2371 1
2372 1
2373 0
2374 0
2375 0
2376 1
2377 0
2378 1
2379 1
2380 1
2381 1
2382 1
2383 0
2384 0
2385 1
2386 2
2387 1
2388 2
2389 1
2390 0
2391 2
2392 0
2393 1
2394 1
2395 1
2396 2
2397 0
2398 2
2399 3
2400 2
2401 1
2402 1
2403 0
2404 1
2405 0
2406 1
2407 1
2408 1
2409 0
2410 1
2411 1
2412 2
2413 1
2414 1
2415 0
2416 1
2417 0
2418 1
2419 0
2420 1
2421 1
2422 1
2423 1
2424 0
2425 0
2426 1
2427 1
2428 1
2429 1
2430 1
2431 1
2432 1
2433 1
2434 1
2435 2
2436 1
2437 1
2438 0
2439 0
2440 2
2441 0
2442 0
2443 1
2444 1
2445 1
2446 1
2447 0
2448 2
2449 0
2450 2
2451 1
2452 0
2453 1
2454 1
2455 1
2456 1
2457 0
2458 1
2459 1
2460 0
2461 2
2462 1
2463 2
2464 0
2465 1
2466 2
2467 2
2468 0
2469 0
2470 1
2471 2
2472 2
2473 2
2474 1
2475 1
2476 1
2477 2
2478 1
2479 1
2480 1
2481 1
2482 0
2483 1
2484 1
2485 1
2486 0
2487 0
2488 1
2489 1
2490 1
2491 0
2492 1
2493 0
2494 2
2495 0
2496 0
2497 2
2498 1
2499 1
2500 2
2501 1
2502 1
2503 1
2504 1
2505 1
2506 2
2507 1
2508 2
2509 2
2510 0
2511 1
2512 1
2513 1
2514 1
2515 1
2516 1
2517 1
2518 1
2519 1
2520 0
2521 1
2522 0
2523 1
2524 2
2525 1
2526 1
2527 2
2528 2
2529 0
2530 0
2531 2
2532 1
2533 1
2534 1
2535 0
2536 0
2537 1
2538 1
2539 0
2540 1
2541 1
2542 0
2543 1
2544 1
2545 1
2546 1
2547 1
2548 0
2549 1
2550 1
2551 1
2552 1
2553 2
2554 2
2555 2
2556 2
2557 0
2558 2
2559 2
2560 1
2561 1
2562 1
2563 0
2564 1
2565 0
2566 1
2567 1
2568 1
2569 0
2570 1
2571 1
2572 0
2573 1
2574 1
2575 2
2576 1
2577 2
2578 1
2579 1
2580 1
2581 1
2582 1
2583 0
2584 0
2585 0
2586 0
2587 1
2588 1
2589 1
2590 0
2591 2
2592 0
2593 1
2594 0
2595 1
2596 1
2597 0
2598 1
2599 0
2600 1
2601 1
2602 0
2603 0
2604 0
2605 1
2606 1
2607 0
2608 0
2609 2
2610 0
2611 1
2612 2
2613 1
2614 2
2615 1
2616 1
2617 0
2618 2
2619 1
2620 1
2621 0
2622 2
2623 1
2624 0
2625 0
2626 2
2627 1
2628 0
2629 1
2630 1
2631 1
2632 2
2633 1
2634 1
2635 1
2636 2
2637 1
2638 1
2639 1
2640 0
2641 0
2642 0
2643 0
2644 0
2645 1
2646 1
2647 2
2648 1
2649 1
2650 1
2651 0
2652 0
2653 0
2654 2
2655 0
2656 0
2657 0
2658 0
2659 0
2660 0
2661 1
2662 0
2663 0
2664 1
2665 2
2666 1
2667 0
2668 0
2669 2
2670 0
2671 1
2672 1
2673 1
2674 1
2675 1
2676 2
2677 2
2678 1
2679 1
2680 0
2681 1
2682 1
2683 1
2684 2
2685 0
2686 1
2687 2
2688 1
2689 1
2690 1
2691 1
2692 0
2693 2
2694 1
2695 1
2696 1
2697 1
2698 1
2699 1
2700 1
2701 1
2702 1
2703 2
2704 1
2705 1
2706 1
2707 0
2708 1
2709 1
2710 2
2711 0
2712 1
2713 0
2714 1
2715 0
2716 0
2717 2
2718 1
2719 2
2720 0
2721 1
2722 1
2723 0
2724 1
2725 1
2726 1
2727 0
2728 1
2729 1
2730 1
2731 1
2732 1
2733 2
2734 0
2735 1
2736 1
2737 1
2738 1
2739 1
2740 0
2741 1
2742 1
2743 1
2744 2
2745 1
2746 0
2747 1
2748 1
2749 2
2750 1
2751 1
2752 1
2753 1
2754 1
2755 1
2756 0
2757 1
2758 1
2759 1
2760 1
2761 0
2762 2
2763 0
2764 1
2765 1
2766 1
2767 0
2768 2
2769 0
2770 1
2771 1
2772 0
2773 2
2774 1
2775 1
2776 1
2777 2
2778 2
2779 2
2780 0
2781 1
2782 1
2783 1
2784 1
2785 1
2786 1
2787 0
2788 0
2789 0
2790 0
2791 0
2792 0
2793 0
2794 0
2795 0
2796 0
2797 0
2798 1
2799 1
2800 1
2801 0
2802 1
2803 1
2804 1
2805 1
2806 1
2807 1
2808 2
2809 0
2810 1
2811 1
2812 2
2813 1
2814 1
2815 1
2816 0
2817 1
2818 1
2819 0
2820 0
2821 2
2822 2
2823 1
2824 0
2825 1
2826 1
2827 1
2828 1
2829 1
2830 0
2831 0
2832 1
2833 0
2834 0
2835 1
2836 1
2837 1
2838 0
2839 1
2840 0
2841 1
2842 0
2843 1
2844 2
2845 1
2846 1
2847 1
2848 2
2849 1
2850 0
2851 1
2852 0
2853 1
2854 0
2855 1
2856 1
2857 0
2858 1
2859 1
2860 2
2861 2
2862 0
2863 1
2864 1
2865 2
2866 0
2867 0
2868 1
2869 2
2870 0
2871 0
2872 1
2873 2
2874 1
2875 1
2876 1
2877 1
2878 1
2879 1
2880 1
2881 1
2882 1
2883 1
2884 0
2885 1
2886 0
2887 1
2888 2
2889 0
2890 1
2891 1
2892 1
2893 0
2894 1
2895 1
2896 0
2897 1
2898 1
2899 1
2900 1
2901 0
2902 0
2903 2
2904 1
2905 1
2906 0
2907 0
2908 1
2909 1
2910 2
2911 1
2912 1
2913 0
2914 1
2915 0
2916 1
2917 1
2918 1
2919 1
2920 2
2921 0
2922 2
2923 2
2924 1
2925 0
2926 1
2927 2
2928 0
2929 1
2930 1
2931 1
2932 1
2933 0
2934 1
2935 0
2936 2
2937 1
2938 1
2939 1
2940 2
2941 0
2942 1
2943 0
2944 0
2945 1
2946 0
2947 0
2948 2
2949 0
2950 0
2951 2
2952 1
2953 1
2954 0
2955 1
2956 2
2957 2
2958 0
2959 1
2960 1
2961 1
2962 0
2963 1
2964 1
2965 0
2966 1
2967 1
2968 1
2969 0
2970 2
2971 2
2972 1
2973 1
2974 1
2975 1
2976 1
2977 1
2978 0
2979 1
2980 1
2981 0
2982 1
2983 0
2984 1
2985 1
2986 0
2987 1
2988 1
2989 1
2990 1
2991 1
2992 0
2993 1
2994 1
2995 2
2996 0
2997 2
2998 0
2999 1
3000 0
3001 1
3002 1
3003 1
3004 0
3005 0
3006 1
3007 1
3008 1
3009 1
3010 0
3011 1
3012 0
3013 2
3014 1
3015 0
3016 1
3017 1
3018 1
3019 2
3020 1
3021 1
3022 2
3023 0
3024 3
3025 2
3026 1
3027 1
3028 1
3029 1
3030 0
3031 1
3032 2
3033 2
3034 1
3035 0
3036 1
3037 1
3038 2
3039 0
3040 1
3041 1
3042 2
3043 1
3044 1
3045 1
3046 1
3047 0
3048 1
3049 2
3050 0
3051 1
3052 1
3053 1
3054 1
3055 2
3056 1
3057 1
3058 1
3059 2
3060 1
3061 1
3062 1
3063 1
3064 1
3065 0
3066 1
3067 1
3068 0
3069 2
3070 1
3071 1
3072 1
3073 0
3074 1
3075 0
3076 1
3077 1
3078 1
3079 1
3080 2
3081 1
3082 2
3083 0
3084 1
3085 1
3086 1
3087 1
3088 1
3089 0
3090 1
3091 1
3092 1
3093 1
3094 1
3095 0
3096 2
3097 0
3098 2
3099 1
3100 1
3101 1
3102 0
3103 1
3104 1
3105 1
3106 2
3107 0
3108 1
3109 1
3110 2
3111 0
3112 0
3113 1
3114 1
3115 0
3116 0
3117 1
3118 1
3119 1
3120 1
3121 1
3122 2
3123 2
3124 0
3125 1
3126 0
3127 1
3128 1
3129 1
3130 2
3131 0
3132 1
3133 1
3134 1
3135 1
3136 0
3137 1
3138 2
3139 1
3140 1
3141 1
3142 0
3143 1
3144 1
3145 1
3146 1
3147 1
3148 2
3149 2
3150 1
3151 1
3152 1
3153 1
3154 3
3155 1
3156 2
3157 2
3158 0
3159 1
3160 1
3161 1
3162 0
3163 2
3164 0
3165 1
3166 2
3167 1
3168 1
3169 1
3170 0
3171 1
3172 1
3173 1
3174 0
3175 1
3176 1
3177 1
3178 1
3179 1
3180 1
3181 0
3182 1
3183 0
3184 0
3185 1
3186 0
3187 1
3188 0
3189 1
3190 0
3191 0
3192 1
3193 1
3194 1
3195 2
3196 1
3197 1
3198 1
3199 1
3200 0
3201 1
3202 1
3203 1
3204 0
3205 1
3206 1
3207 1
3208 1
3209 2
3210 0
3211 1
3212 1
3213 1
3214 1
3215 0
3216 0
3217 2
3218 0
3219 2
3220 2
3221 1
3222 0
3223 1
3224 1
3225 2
3226 1
3227 1
3228 0
3229 0
3230 1
3231 1
3232 2
3233 0
3234 1
3235 0
3236 1
3237 1
3238 1
3239 0
3240 0
3241 0
3242 2
3243 1
3244 1
3245 1
3246 1
3247 0
3248 1
3249 1
3250 0
3251 2
3252 0
3253 0
3254 0
3255 1
3256 1
3257 1
3258 1
3259 2
3260 0
3261 2
3262 1
3263 0
3264 1
3265 1
3266 2
3267 0
3268 1
3269 1
3270 0
3271 1
3272 1
3273 1
3274 1
3275 1
3276 0
3277 0
3278 1
3279 2
3280 1
3281 1
3282 1
3283 0
3284 1
3285 1
3286 0
3287 2
3288 0
3289 1
3290 1
3291 0
3292 1
3293 1
3294 0
3295 0
3296 0
3297 0
3298 0
3299 0
3300 0
3301 0
3302 0
3303 0
3304 0
3305 0
3306 0
3307 0
3308 0
3309 0
3310 0
3311 0
3312 0
3313 0
3314 1
3315 0
3316 2
3317 0
3318 1
3319 1
3320 0
3321 1
3322 1
3323 2
3324 1
3325 1
3326 0
3327 1
3328 1
3329 1
3330 0
3331 2
3332 0
3333 1
3334 1
3335 0
3336 1
3337 2
3338 0
3339 0
3340 0
3341 1
3342 1
3343 1
3344 0
3345 0
3346 1
3347 1
3348 1
3349 2
3350 0
3351 1
3352 1
3353 1
3354 1
3355 1
3356 0
3357 0
3358 1
3359 0
3360 0
3361 1
3362 0
3363 1
3364 1
3365 2
3366 0
3367 1
3368 1
3369 2
3370 0
3371 0
3372 1
3373 1
3374 1
3375 1
3376 1
3377 1
3378 1
3379 1
3380 0
3381 1
3382 1
3383 0
3384 1
3385 0
3386 2
3387 0
3388 2
3389 1
3390 1
3391 0
3392 1
3393 1
3394 1
3395 1
3396 1
3397 1
3398 0
3399 3
3400 1
3401 1
3402 1
3403 1
3404 2
3405 1
3406 0
3407 1
3408 1
3409 0
3410 2
3411 0
3412 1
3413 1
3414 0
3415 1
3416 0
3417 1
3418 1
3419 1
3420 1
3421 1
3422 1
3423 0
3424 1
3425 0
3426 1
3427 2
3428 1
3429 1
3430 2
3431 1
3432 0
3433 1
3434 2
3435 1
3436 2
3437 2
3438 1
3439 1
3440 1
3441 1
3442 1
3443 1
3444 1
3445 0
3446 1
3447 0
3448 1
3449 1
3450 1
3451 1
3452 1
3453 1
3454 1
3455 1
3456 0
3457 0
3458 0
3459 0
3460 0
3461 0
3462 0
3463 0
3464 0
3465 0
3466 0
3467 0
3468 0
3469 0
3470 0
3471 0
3472 0
3473 0
3474 0
3475 0
3476 0
3477 0
3478 0
3479 0
3480 0
3481 0
3482 0
3483 0
3484 0
3485 0
3486 0
3487 0
3488 1
3489 0
3490 0
3491 0
3492 0
3493 0
3494 0
3495 0
3496 0
3497 0
3498 0
3499 0
3500 0
3501 0
3502 0
3503 0
3504 0
3505 0
3506 0
3507 0
3508 1
3509 0
3510 0
3511 0
3512 0
3513 0
3514 0
3515 0
3516 0
3517 0
3518 0
3519 0
3520 0
3521 0
3522 0
3523 0
3524 0
3525 0
3526 0
3527 0
3528 2
3529 1
3530 2
3531 1
3532 0
3533 3
3534 2
3535 1
3536 0
3537 0
3538 1
3539 0
3540 0
3541 0
3542 0
3543 0
3544 0
3545 0
3546 0
3547 0
3548 0
3549 0
3550 0
3551 0
3552 0
3553 0
3554 0
3555 0
3556 0
3557 0
3558 1
3559 1
3560 1
3561 0
3562 1
3563 1
3564 0
3565 1
3566 2
3567 1
3568 0
3569 1
3570 2
3571 1
3572 2
3573 1
3574 0
3575 1
3576 1
3577 0
3578 0
3579 0
3580 1
3581 1
3582 1
3583 0
3584 1
3585 1
3586 2
3587 1
3588 2
3589 0
3590 1
3591 1
3592 0
3593 0
3594 0
3595 0
3596 0
3597 0
3598 0
3599 0
3600 0
3601 0
3602 0
3603 0
3604 0
3605 0
3606 0
3607 0
3608 0
3609 0
3610 0
3611 0
3612 0
3613 0
3614 0
3615 0
3616 0
3617 0
3618 1
3619 2
3620 1
3621 1
3622 1
3623 2
3624 1
3625 2
3626 0
3627 0
3628 0
3629 1
3630 2
3631 2
3632 1
3633 0
3634 2
3635 0
3636 1
3637 2
3638 1
3639 1
3640 2
3641 1
3642 1
3643 0
3644 0
3645 0
3646 2
3647 2
3648 1
3649 1
3650 1
3651 1
3652 1
3653 0
3654 1
3655 1
3656 0
3657 0
3658 0
3659 1
3660 3
3661 0
3662 2
3663 0
3664 1
3665 1
3666 1
3667 0
3668 0
3669 1
3670 1
3671 0
3672 1
3673 0
3674 0
3675 2
3676 1
3677 1
3678 1
3679 0
3680 1
3681 1
3682 1
3683 1
3684 1
3685 3
3686 1
3687 2
3688 1
3689 1
3690 0
3691 2
3692 1
3693 0
3694 0
3695 1
3696 2
3697 1
3698 0
3699 2
3700 0
3701 0
3702 2
3703 1
3704 1
3705 1
3706 1
3707 1
3708 1
3709 1
3710 1
3711 0
3712 1
3713 1
3714 1
3715 1
3716 0
3717 1
3718 1
3719 0
3720 1
3721 0
3722 1
3723 2
3724 2
3725 1
3726 0
3727 2
3728 0
3729 1
3730 1
3731 1
3732 1
3733 1
3734 2
3735 1
3736 0
3737 0
3738 0
3739 0
3740 1
3741 2
3742 1
3743 0
3744 1
3745 1
3746 1
3747 1
3748 1
3749 2
3750 2
3751 1
3752 1
3753 1
3754 0
3755 1
3756 2
3757 0
3758 2
3759 1
3760 0
3761 0
3762 1
3763 1
3764 1
3765 1
3766 1
3767 1
3768 1
3769 0
3770 1
3771 0
3772 0
3773 0
3774 1
3775 0
3776 1
3777 0
3778 1
3779 1
3780 1
3781 1
3782 1
3783 1
3784 0
3785 1
3786 1
3787 0
3788 2
3789 2
3790 1
3791 2
3792 1
3793 2
3794 2
3795 1
3796 2
3797 1
3798 1
3799 2
3800 2
3801 2
3802 1
3803 1
3804 2
3805 1
3806 1
3807 0
3808 1
3809 1
3810 1
3811 0
3812 2
3813 1
3814 0
3815 0
3816 1
3817 1
3818 1
3819 1
3820 1
3821 2
3822 0
3823 1
3824 0
3825 0
3826 1
3827 1
3828 1
3829 0
3830 1
3831 1
3832 1
3833 2
3834 2
3835 1
3836 1
3837 1
3838 2
3839 1
3840 2
3841 0
3842 1
3843 1
3844 1
3845 2
3846 1
3847 0
3848 0
3849 1
3850 2
3851 1
3852 1
3853 1
3854 1
3855 1
3856 2
3857 1
3858 2
3859 0
3860 0
3861 1
3862 2
3863 0
3864 0
3865 0
3866 2
3867 1
3868 1
3869 0
3870 0
3871 0
3872 1
3873 1
3874 1
3875 0
3876 0
3877 0
3878 1
3879 1
3880 1
3881 1
3882 0
3883 1
3884 1
3885 1
3886 0
3887 1
3888 1
3889 1
3890 0
3891 0
3892 1
3893 0
3894 1
3895 1
3896 1
3897 1
3898 0
3899 1
3900 1
3901 0
3902 0
3903 1
3904 0
3905 1
3906 2
3907 1
3908 1
3909 0
3910 1
3911 0
3912 1
3913 0
3914 2
3915 1
3916 1
3917 0
3918 1
3919 1
3920 1
3921 0
3922 1
3923 1
3924 1
3925 1
3926 0
3927 1
3928 1
3929 1
3930 1
3931 1
3932 0
3933 1
3934 1
3935 1
3936 1
3937 2
3938 2
3939 1
3940 2
3941 1
3942 1
3943 1
3944 1
3945 1
3946 2
3947 1
3948 1
3949 0
3950 0
3951 1
3952 1
3953 1
3954 1
3955 2
3956 0
3957 0
3958 2
3959 1
3960 1
3961 1
3962 1
3963 0
3964 1
3965 1
3966 0
3967 0
3968 0
3969 0
3970 0
3971 1
3972 1
3973 0
3974 0
3975 0
3976 1
3977 2
3978 1
3979 1
3980 2
3981 0
3982 1
3983 0
3984 2
3985 1
3986 0
3987 1
3988 1
3989 1
3990 1
3991 0
3992 2
3993 2
3994 1
3995 0
3996 1
3997 1
3998 1
3999 0
4000 0
4001 1
4002 0
4003 0
4004 0
4005 1
4006 1
4007 1
4008 1
4009 1
4010 1
4011 1
4012 1
4013 1
4014 0
4015 0
4016 1
4017 2
4018 1
4019 0
4020 1
4021 1
4022 1
4023 2
4024 1
4025 0
4026 1
4027 1
4028 0
4029 1
4030 1
4031 1
4032 1
4033 0
4034 1
4035 1
4036 1
4037 2
4038 1
4039 1
4040 1
4041 0
4042 0
4043 2
4044 1
4045 1
4046 0
4047 1
4048 1
4049 0
4050 1
4051 1
4052 2
4053 1
4054 1
4055 0
4056 1
4057 1
4058 1
4059 2
4060 1
4061 1
4062 0
4063 0
4064 1
4065 2
4066 1
4067 1
4068 1
4069 2
4070 1
4071 1
4072 0
4073 1
4074 0
4075 2
4076 1
4077 1
4078 1
4079 0
4080 0
4081 1
4082 1
4083 1
4084 1
4085 1
4086 1
4087 0
4088 1
4089 1
4090 0
4091 1
4092 0
4093 1
4094 0
4095 1
4096 1
4097 0
4098 0
4099 1
4100 1
4101 2
4102 1
4103 1
4104 1
4105 1
4106 1
4107 0
4108 0
4109 1
4110 1
4111 0
4112 1
4113 1
4114 1
4115 1
4116 1
4117 2
4118 1
4119 1
4120 1
4121 0
4122 1
4123 1
4124 1
4125 1
4126 2
4127 0
4128 1
4129 0
4130 1
4131 1
4132 1
4133 0
4134 1
4135 0
4136 2
4137 1
4138 0
4139 0
4140 0
4141 1
4142 1
4143 1
4144 1
4145 0
4146 0
4147 2
4148 1
4149 1
4150 1
4151 0
4152 0
4153 0
4154 1
4155 0
4156 2
4157 0
4158 2
4159 0
4160 0
4161 1
4162 1
4163 0
4164 1
4165 1
4166 1
4167 1
4168 2
4169 1
4170 1
4171 1
4172 1
4173 2
4174 1
4175 0
4176 1
4177 2
4178 2
4179 1
4180 2
4181 0
4182 1
4183 1
4184 0
4185 1
4186 0
4187 2
4188 1
4189 1
4190 1
4191 2
4192 1
4193 0
4194 0
4195 1
4196 1
4197 2
4198 1
4199 0
4200 2
4201 1
4202 1
4203 1
4204 1
4205 0
4206 0
4207 1
4208 1
4209 2
4210 0
4211 1
4212 1
4213 2
4214 1
4215 0
4216 2
4217 2
4218 0
4219 1
4220 0
4221 1
4222 1
4223 1
4224 0
4225 0
4226 2
4227 1
4228 0
4229 1
4230 0
4231 2
4232 2
4233 0
4234 1
4235 1
4236 0
4237 2
4238 1
4239 1
4240 1
4241 1
4242 0
4243 0
4244 1
4245 0
4246 1
4247 0
4248 0
4249 2
4250 2
4251 1
4252 1
4253 0
4254 1
4255 1
4256 2
4257 1
4258 0
4259 1
4260 1
4261 1
4262 1
4263 1
4264 1
4265 1
4266 1
4267 2
4268 0
4269 1
4270 0
4271 1
4272 1
4273 2
4274 1
4275 2
4276 1
4277 1
4278 2
4279 1
4280 0
4281 1
4282 0
4283 1
4284 1
4285 0
4286 0
4287 1
4288 3
4289 2
4290 1
4291 2
4292 1
4293 1
4294 1
4295 1
4296 0
4297 1
4298 1
4299 0
4300 1
4301 1
4302 0
4303 1
4304 1
4305 0
4306 1
4307 1
4308 1
4309 1
4310 0
4311 0
4312 1
4313 2
4314 1
4315 2
4316 1
4317 1
4318 1
4319 1
4320 1
4321 1
4322 1
4323 0
4324 1
4325 0
4326 0
4327 0
4328 0
4329 1
4330 1
4331 2
4332 1
4333 1
4334 1
4335 1
4336 1
4337 1
4338 1
4339 0
4340 1
4341 1
4342 0
4343 1
4344 2
4345 0
4346 1
4347 1
4348 1
4349 1
4350 1
4351 1
4352 0
4353 0
4354 1
4355 0
4356 1
4357 1
4358 1
4359 1
4360 1
4361 1
4362 1
4363 0
4364 1
4365 0
4366 1
4367 1
4368 1
4369 0
4370 1
4371 1
4372 0
4373 1
4374 1
4375 1
4376 1
4377 1
4378 1
4379 1
4380 1
4381 0
4382 0
4383 1
4384 0
4385 1
4386 0
4387 0
4388 0
4389 1
4390 1
4391 1
4392 1
4393 1
4394 0
4395 1
4396 0
4397 1
4398 0
4399 0
4400 1
4401 1
4402 0
4403 1
4404 1
4405 1
4406 0
4407 0
4408 1
4409 1
4410 0
4411 1
4412 1
4413 1
4414 1
4415 1
4416 0
4417 1
4418 0
4419 1
4420 2
4421 0
4422 1
4423 0
4424 0
4425 0
4426 1
4427 0
4428 1
4429 1
4430 1
4431 2
4432 0
4433 1
4434 1
4435 0
4436 1
4437 0
4438 1
4439 1
4440 1
4441 0
4442 0
4443 0
4444 0
4445 0
4446 0
4447 1
4448 0
4449 0
4450 0
4451 0
4452 1
4453 1
4454 1
4455 0
4456 0
4457 1
4458 1
4459 0
4460 0
4461 0
4462 1
4463 0
4464 1
4465 1
4466 1
4467 1
4468 1
4469 1
4470 1
4471 0
4472 1
4473 1
4474 2
4475 1
4476 0
4477 2
4478 1
4479 1
4480 0
4481 1
4482 2
4483 1
4484 1
4485 1
4486 0
4487 2
4488 0
4489 1
4490 2
4491 1
4492 1
4493 1
4494 1
4495 1
4496 1
4497 1
4498 0
4499 2
4500 1
4501 1
4502 1
4503 2
4504 0
4505 0
4506 0
4507 0
4508 0
4509 1
4510 0
4511 1
4512 0
4513 1
4514 0
4515 0
4516 1
4517 0
4518 0
4519 0
4520 0
4521 1
4522 1
4523 1
4524 1
4525 1
4526 1
4527 1
4528 1
4529 1
4530 0
4531 1
4532 1
4533 1
4534 1
4535 1
4536 1
4537 1
4538 1
4539 1
4540 1
4541 0
4542 1
4543 1
4544 1
4545 2
4546 0
4547 1
4548 0
4549 0
4550 1
4551 0
4552 1
4553 1
4554 0
4555 1
4556 0
4557 1
4558 0
4559 0
4560 1
4561 1
4562 1
4563 1
4564 2
4565 0
4566 0
4567 0
4568 2
4569 1
4570 1
4571 2
4572 1
4573 1
4574 1
4575 2
4576 1
4577 2
4578 1
4579 0
4580 0
4581 1
4582 2
4583 0
4584 1
4585 1
4586 1
4587 1
4588 1
4589 0
4590 2
4591 1
4592 1
4593 1
4594 0
4595 0
4596 1
4597 0
4598 0
4599 1
4600 1
4601 1
4602 1
4603 2
4604 2
4605 2
4606 1
4607 2
4608 1
4609 1
4610 1
4611 1
4612 1
4613 0
4614 1
4615 1
4616 1
4617 0
4618 1
4619 1
4620 1
4621 1
4622 1
4623 2
4624 1
4625 0
4626 0
4627 2
4628 2
4629 1
4630 2
4631 1
4632 0
4633 1
4634 1
4635 0
4636 0
4637 1
4638 1
4639 1
4640 2
4641 2
4642 2
4643 0
4644 2
4645 1
4646 1
4647 1
4648 1
4649 1
4650 0
4651 0
4652 1
4653 1
4654 0
4655 0
4656 0
4657 1
4658 1
4659 0
4660 1
4661 1
4662 0
4663 0
4664 1
4665 1
4666 2
4667 0
4668 1
4669 1
4670 2
4671 2
4672 0
4673 1
4674 1
4675 1
4676 0
4677 0
4678 1
4679 1
4680 1
4681 0
4682 1
4683 2
4684 1
4685 1
4686 2
4687 1
4688 1
4689 1
4690 0
4691 2
4692 0
4693 2
4694 1
4695 1
4696 1
4697 1
4698 0
4699 0
4700 1
4701 1
4702 2
4703 1
4704 2
4705 0
4706 1
4707 1
4708 1
4709 0
4710 2
4711 1
4712 1
4713 1
4714 1
4715 1
4716 1
4717 1
4718 2
4719 2
4720 1
4721 1
4722 1
4723 1
4724 2
4725 0
4726 1
4727 0
4728 1
4729 1
4730 0
4731 1
4732 1
4733 1
4734 0
4735 0
4736 1
4737 1
4738 0
4739 1
4740 0
4741 2
4742 1
4743 2
4744 1
4745 1
4746 2
4747 0
4748 0
4749 1
4750 1
4751 1
4752 0
4753 0
4754 0
4755 2
4756 1
4757 2
4758 1
4759 0
4760 1
4761 1
4762 1
4763 0
4764 0
4765 2
4766 1
4767 1
4768 1
4769 1
4770 0
4771 1
4772 1
4773 2
4774 1
4775 1
4776 1
4777 1
4778 1
4779 0
4780 1
4781 2
4782 0
4783 1
4784 0
4785 1
4786 1
4787 2
4788 1
4789 2
4790 1
4791 1
4792 1
4793 0
4794 1
4795 2
4796 0
4797 0
4798 1
4799 2
4800 2
4801 1
4802 1
4803 0
4804 2
4805 0
4806 2
4807 1
4808 1
4809 1
4810 1
4811 0
4812 1
4813 1
4814 1
4815 1
4816 1
4817 1
4818 1
4819 1
4820 0
4821 0
4822 0
4823 1
4824 1
4825 1
4826 0
4827 2
4828 1
4829 1
4830 1
4831 0
4832 1
4833 0
4834 1
4835 1
4836 1
4837 1
4838 2
4839 1
4840 2
4841 2
4842 1
4843 0
4844 1
4845 1
4846 0
4847 2
4848 0
4849 0
4850 1
4851 1
4852 0
4853 1
4854 1
4855 1
4856 0
4857 1
4858 1
4859 2
4860 1
4861 1
4862 1
4863 2
4864 0
4865 1
4866 1
4867 2
4868 0
4869 1
4870 0
4871 1
4872 1
4873 1
4874 1
4875 1
4876 0
4877 0
4878 1
4879 1
4880 1
4881 2
4882 1
4883 1
4884 1
4885 2
4886 1
4887 1
4888 0
4889 0
4890 1
4891 1
4892 0
4893 0
4894 2
4895 1
4896 1
4897 1
4898 0
4899 1
4900 1
4901 0
4902 1
4903 2
4904 2
4905 0
4906 0
4907 0
4908 0
4909 1
4910 1
4911 1
4912 0
4913 1
4914 0
4915 1
4916 0
4917 1
4918 1
4919 0
4920 1
4921 1
4922 1
4923 1
4924 0
4925 0
4926 0
4927 1
4928 1
4929 1
4930 2
4931 1
4932 0
4933 1
4934 0
4935 1
4936 0
4937 1
4938 0
4939 1
4940 1
4941 0
4942 0
4943 2
4944 1
4945 1
4946 1
4947 1
4948 2
4949 0
4950 1
4951 0
4952 1
4953 1
4954 0
4955 0
4956 1
4957 1
4958 1
4959 1
4960 1
4961 2
4962 2
4963 1
4964 0
4965 1
4966 1
4967 0
4968 1
4969 1
4970 2
4971 0
4972 0
4973 1
4974 1
4975 1
4976 1
4977 2
4978 1
4979 1
4980 1
4981 1
4982 0
4983 2
4984 1
4985 1
4986 1
4987 1
4988 1
4989 1
4990 1
4991 1
4992 1
4993 0
4994 0
4995 1
4996 1
4997 2
4998 1
4999 1
5000 0
5001 0
5002 2
5003 1
5004 2
5005 1
5006 1
5007 0
5008 0
5009 0
5010 1
5011 0
5012 1
5013 0
5014 0
5015 1
5016 1
5017 1
5018 1
5019 0
5020 1
5021 1
5022 2
5023 1
5024 1
5025 0
5026 1
5027 2
5028 1
5029 0
5030 1
5031 1
5032 0
5033 1
5034 0
5035 1
5036 0
5037 1
5038 2
5039 0
5040 1
5041 0
5042 0
5043 2
5044 0
5045 1
5046 2
5047 1
5048 1
5049 1
5050 1
5051 1
5052 1
5053 2
5054 1
5055 2
5056 0
5057 0
5058 0
5059 1
5060 2
5061 1
5062 1
5063 1
5064 0
5065 0
5066 0
5067 0
5068 2
5069 1
5070 1
5071 1
5072 0
5073 0
5074 1
5075 0
5076 2
5077 2
5078 1
5079 1
5080 1
5081 0
5082 1
5083 0
5084 1
5085 1
5086 1
5087 0
5088 1
5089 0
5090 1
5091 0
5092 1
5093 0
5094 0
5095 2
5096 1
5097 1
5098 1
5099 2
5100 2
5101 0
5102 0
5103 1
5104 1
5105 1
5106 1
5107 1
5108 0
5109 1
5110 1
5111 1
5112 2
5113 2
5114 2
5115 1
5116 1
5117 0
5118 0
5119 1
5120 1
5121 1
5122 0
5123 1
5124 0
5125 0
5126 2
5127 0
5128 0
5129 1
5130 1
5131 1
5132 0
5133 2
5134 2
5135 0
5136 0
5137 1
5138 0
5139 0
5140 0
5141 2
5142 0
5143 1
5144 1
5145 2
5146 1
5147 2
5148 1
5149 1
5150 1
5151 0
5152 1
5153 2
5154 1
5155 1
5156 0
5157 1
5158 2
5159 1
5160 0
5161 0
5162 2
5163 2
5164 1
5165 1
5166 0
5167 0
5168 1
5169 2
5170 0
5171 2
5172 1
5173 1
5174 0
5175 0
5176 0
5177 0
5178 0
5179 2
5180 1
5181 1
5182 0
5183 0
5184 1
5185 0
5186 0
5187 1
5188 1
5189 0
5190 0
5191 1
5192 1
5193 1
5194 0
5195 0
5196 0
5197 0
5198 1
5199 1
5200 1
5201 1
5202 0
5203 2
5204 1
5205 0
5206 1
5207 0
5208 0
5209 0
5210 0
5211 1
5212 0
5213 2
5214 2
5215 1
5216 2
5217 1
5218 1
5219 1
5220 1
5221 2
5222 2
5223 2
5224 2
5225 0
5226 1
5227 0
5228 1
5229 1
5230 1
5231 1
5232 1
5233 2
5234 1
5235 1
5236 1
5237 2
5238 2
5239 1
5240 1
5241 1
5242 1
5243 0
5244 2
5245 1
5246 2
5247 2
5248 0
5249 0
5250 2
5251 1
5252 1
5253 0
5254 1
5255 2
5256 1
5257 2
5258 1
5259 1
5260 2
5261 1
5262 0
5263 2
5264 1
5265 0
5266 0
5267 0
5268 1
5269 2
5270 1
5271 1
5272 1
5273 1
5274 1
5275 1
5276 1
5277 1
5278 1
5279 1
5280 0
5281 2
5282 0
5283 0
5284 2
5285 1
5286 1
5287 1
5288 0
5289 0
5290 0
5291 1
5292 1
5293 2
5294 2
5295 0
5296 1
5297 1
5298 1
5299 0
5300 2
5301 2
5302 1
5303 0
5304 2
5305 2
5306 0
5307 0
5308 2
5309 1
5310 1
5311 1
5312 1
5313 0
5314 2
5315 1
5316 0
5317 2
5318 1
5319 0
5320 1
5321 0
5322 1
5323 0
5324 2
5325 0
5326 2
5327 0
5328 1
5329 1
5330 1
5331 0
5332 1
5333 1
5334 0
5335 1
5336 1
5337 1
5338 1
5339 1
5340 1
5341 0
5342 0
5343 1
5344 2
5345 1
5346 0
5347 1
5348 0
5349 1
5350 1
5351 1
5352 1
5353 1
5354 0
5355 1
5356 1
5357 0
5358 1
5359 0
5360 1
5361 1
5362 1
5363 0
5364 1
5365 0
5366 2
5367 0
5368 0
5369 2
5370 1
5371 1
5372 1
5373 0
5374 0
5375 1
5376 1
5377 1
5378 1
5379 0
5380 1
5381 1
5382 1
5383 1
5384 0
5385 0
5386 1
5387 1
5388 1
5389 1
5390 1
5391 2
5392 1
5393 1
5394 1
5395 0
5396 1
5397 1
5398 1
5399 1
5400 1
5401 1
5402 1
5403 1
5404 0
5405 1
5406 0
5407 1
5408 1
5409 1
5410 1
5411 1
5412 0
5413 0
5414 0
5415 2
5416 0
5417 1
5418 1
5419 1
5420 0
5421 1
5422 1
5423 1
5424 1
5425 2
5426 2
5427 1
5428 1
5429 1
5430 1
5431 0
5432 0
5433 0
5434 0
5435 0
5436 0
5437 0
5438 1
5439 0
5440 1
5441 1
5442 2
5443 1
5444 1
5445 2
5446 2
5447 1
5448 0
5449 0
5450 1
5451 2
5452 0
5453 2
5454 2
5455 0
5456 1
5457 0
5458 2
5459 1
5460 1
5461 1
5462 1
5463 1
5464 1
5465 1
5466 1
5467 1
5468 1
5469 0
5470 1
5471 2
5472 1
5473 1
5474 0
5475 1
5476 0
5477 1
5478 1
5479 1
5480 2
5481 2
5482 0
5483 0
5484 1
5485 1
5486 0
5487 1
5488 1
5489 1
5490 1
5491 2
5492 1
5493 0
5494 0
5495 1
5496 1
5497 1
5498 1
5499 1
5500 1
5501 1
5502 1
5503 0
5504 2
5505 1
5506 2
5507 2
5508 1
5509 1
5510 0
5511 0
5512 1
5513 1
5514 1
5515 1
5516 0
5517 1
5518 1
5519 1
5520 1
5521 1
5522 1
5523 1
5524 0
5525 1
5526 0
5527 1
5528 0
5529 1
5530 1
5531 1
5532 2
5533 2
5534 1
5535 1
5536 1
5537 2
5538 0
5539 0
5540 0
5541 2
5542 1
5543 0
5544 2
5545 2
5546 1
5547 1
5548 1
5549 0
5550 1
5551 1
5552 1
5553 0
5554 1
5555 1
5556 2
5557 1
5558 1
5559 1
5560 0
5561 0
5562 0
5563 0
5564 0
5565 0
5566 0
5567 0
5568 0
5569 0
5570 0
5571 1
5572 0
5573 0
5574 0
5575 0
5576 0
5577 0
5578 0
5579 0
5580 0
5581 0
5582 0
5583 0
5584 0
5585 0
5586 0
5587 0
5588 0
5589 0
5590 1
5591 0
5592 0
5593 0
5594 0
5595 0
5596 0
5597 0
5598 0
5599 1
5600 0
5601 0
5602 0
5603 0
5604 0
5605 0
5606 0
5607 0
5608 0
5609 0
5610 0
5611 0
5612 0
5613 0
5614 0
5615 0
5616 0
5617 0
5618 0
5619 0
5620 0
5621 0
5622 0
5623 0
5624 0
5625 0
5626 0
5627 0
5628 0
5629 0
5630 0
5631 0
5632 0
5633 0
5634 0
5635 0
5636 0
5637 0
5638 0
5639 0
5640 0
5641 0
5642 0
5643 0
5644 0
5645 0
5646 0
5647 0
5648 0
5649 0
5650 0
5651 0
5652 0
5653 0
5654 0
5655 0
5656 0
5657 0
5658 0
5659 0
5660 0
5661 0
5662 0
5663 0
5664 0
5665 0
5666 0
5667 0
5668 1
5669 1
5670 0
5671 0
5672 1
5673 0
5674 1
5675 1
5676 1
5677 1
5678 1
5679 0
5680 1
5681 0
5682 1
5683 1
5684 0
5685 1
5686 1
5687 1
5688 1
5689 1
5690 0
5691 1
5692 1
5693 1
5694 1
5695 0
5696 1
5697 1
5698 0
5699 1
5700 2
5701 1
5702 1
5703 1
5704 2
5705 1
5706 0
5707 0
5708 1
5709 1
5710 1
5711 2
5712 2
5713 0
5714 2
5715 0
5716 1
5717 0
5718 2
5719 1
5720 1
5721 1
5722 1
5723 2
5724 1
5725 1
5726 0
5727 1
5728 0
5729 0
5730 1
5731 0
5732 1
5733 0
5734 1
5735 1
5736 1
5737 0
5738 0
5739 0
5740 0
5741 1
5742 2
5743 1
5744 1
5745 1
5746 1
5747 1
5748 0
5749 1
5750 1
5751 0
5752 0
5753 0
5754 1
5755 0
5756 0
5757 0
5758 1
5759 1
5760 0
5761 1
5762 1
5763 0
5764 1
5765 1
5766 2
5767 1
5768 1
5769 1
5770 1
5771 1
5772 0
5773 2
5774 1
5775 0
5776 1
5777 1
5778 1
5779 2
5780 0
5781 0
5782 2
5783 0
5784 0
5785 1
5786 2
5787 1
5788 0
5789 1
5790 0
5791 0
5792 0
5793 0
5794 0
5795 0
5796 0
5797 0
5798 0
5799 0
5800 0
5801 0
5802 0
5803 0
5804 0
5805 0
5806 0
5807 0
5808 0
5809 0
5810 0
5811 0
5812 1
5813 1
5814 1
5815 1
5816 1
5817 1
5818 1
5819 1
5820 1
5821 0
5822 1
5823 0
5824 1
5825 0
5826 1
5827 1
5828 0
5829 1
5830 1
5831 1
5832 1
5833 0
5834 2
5835 2
5836 1
5837 1
5838 0
5839 1
5840 0
5841 0
5842 1
5843 0
5844 2
5845 2
5846 0
5847 1
5848 1
5849 0
5850 0
5851 1
5852 1
5853 2
5854 1
5855 2
5856 1
5857 1
5858 1
5859 1
5860 1
5861 1
5862 0
5863 1
5864 1
5865 1
5866 1
5867 1
5868 2
5869 1
5870 1
5871 0
5872 1
5873 0
5874 1
5875 1
5876 1
5877 0
5878 1
5879 0
5880 0
5881 2
5882 2
5883 1
5884 1
5885 1
5886 1
5887 0
5888 0
5889 0
5890 1
5891 0
5892 1
5893 1
5894 1
5895 1
5896 1
5897 2
5898 1
5899 0
5900 1
5901 1
5902 1
5903 1
5904 0
5905 0
5906 2
5907 0
5908 1
5909 1
5910 1
5911 0
5912 2
5913 1
5914 0
5915 1
5916 1
5917 1
5918 2
5919 1
5920 1
5921 1
5922 2
5923 0
5924 0
5925 1
5926 0
5927 0
5928 1
5929 1
5930 1
5931 2
5932 2
5933 2
5934 0
5935 1
5936 2
5937 2
5938 0
5939 1
5940 2
5941 2
5942 1
5943 1
5944 1
5945 1
5946 2
5947 1
5948 0
5949 2
5950 2
5951 1
5952 0
5953 0
5954 2
5955 1
5956 0
5957 1
5958 3
5959 2
5960 1
5961 2
5962 2
5963 1
5964 1
5965 2
5966 0
5967 0
5968 1
5969 0
5970 0
5971 0
5972 0
5973 0
5974 0
5975 0
5976 0
5977 0
5978 0
5979 0
5980 0
5981 1
5982 0
5983 0
5984 0
5985 1
5986 0
5987 0
5988 0
5989 0
5990 0
5991 1
5992 1
5993 1
5994 1
5995 0
5996 0
5997 0
5998 1
5999 0
6000 0
6001 0
6002 2
6003 2
6004 1
6005 1
6006 0
6007 0
6008 1
6009 1
6010 1
6011 2
6012 1
6013 2
6014 1
6015 2
6016 2
6017 0
6018 0
6019 0
6020 1
6021 2
6022 1
6023 1
6024 1
6025 2
6026 0
6027 1
6028 2
6029 1
6030 1
6031 1
6032 2
6033 1
6034 0
6035 1
6036 1
6037 1
6038 1
6039 2
6040 0
6041 0
6042 0
6043 1
6044 1
6045 1
6046 1
6047 1
6048 1
6049 1
6050 2
6051 1
6052 1
6053 1
6054 1
6055 1
6056 1
6057 0
6058 0
6059 0
6060 1
6061 1
6062 1
6063 1
6064 2
6065 1
6066 1
6067 0
6068 1
6069 1
6070 1
6071 0
6072 1
6073 1
6074 1
6075 0
6076 1
6077 1
6078 1
6079 1
6080 0
6081 1
6082 1
6083 1
6084 1
6085 1
6086 1
6087 1
6088 0
6089 1
6090 2
6091 1
6092 1
6093 1
6094 0
6095 1
6096 0
6097 1
6098 2
6099 1
6100 1
6101 2
6102 2
6103 1
6104 2
6105 1
6106 1
6107 1
6108 1
6109 1
6110 0
6111 1
6112 0
6113 1
6114 1
6115 1
6116 0
6117 1
6118 0
6119 0
6120 0
6121 2
6122 0
6123 2
6124 1
6125 1
6126 0
6127 0
6128 0
6129 1
6130 0
6131 2
6132 1
6133 1
6134 1
6135 1
6136 0
6137 1
6138 1
6139 1
6140 1
6141 1
6142 0
6143 2
6144 1
6145 1
6146 1
6147 1
6148 1
6149 1
6150 2
6151 1
6152 2
6153 1
6154 1
6155 2
6156 1
6157 0
6158 2
6159 1
6160 0
6161 1
6162 0
6163 1
6164 2
6165 2
6166 0
6167 1
6168 2
6169 1
6170 1
6171 0
6172 0
6173 0
6174 2
6175 1
6176 1
6177 0
6178 1
6179 1
6180 0
6181 1
6182 1
6183 2
6184 2
6185 1
6186 1
6187 0
6188 0
6189 1
6190 2
6191 0
6192 0
6193 2
6194 1
6195 1
6196 1
6197 2
6198 0
6199 0
6200 1
6201 0
6202 1
6203 1
6204 2
6205 1
6206 0
6207 0
6208 2
6209 1
6210 0
6211 0
6212 2
6213 0
6214 0
6215 1
6216 1
6217 0
6218 1
6219 1
6220 2
6221 1
6222 2
6223 1
6224 1
6225 0
6226 1
6227 1
6228 0
6229 1
6230 2
6231 1
6232 1
6233 2
6234 1
6235 0
6236 2
6237 1
6238 1
6239 0
6240 1
6241 1
6242 1
6243 0
6244 1
6245 1
6246 0
6247 0
6248 0
6249 1
6250 0
6251 1
6252 0
6253 1
6254 1
6255 1
6256 1
6257 0
6258 0
6259 1
6260 1
6261 1
6262 1
6263 1
6264 1
6265 2
6266 0
6267 0
6268 0
6269 0
6270 1
6271 2
6272 1
6273 1
6274 1
6275 1
6276 1
6277 0
6278 2
6279 0
6280 0
6281 2
6282 1
6283 1
6284 2
6285 1
6286 0
6287 1
6288 0
6289 2
6290 2
6291 1
6292 1
6293 0
6294 1
6295 1
6296 1
6297 1
6298 1
6299 2
6300 0
6301 1
6302 1
6303 1
6304 1
6305 0
6306 1
6307 1
6308 2
6309 1
6310 2
6311 1
6312 0
6313 0
6314 1
6315 1
6316 1
6317 1
6318 1
6319 0
6320 1
6321 0
6322 0
6323 2
6324 2
6325 0
6326 0
6327 1
6328 0
6329 0
6330 1
6331 1
6332 1
6333 1
6334 0
6335 1
6336 1
6337 0
6338 1
6339 1
6340 1
6341 1
6342 0
6343 0
6344 2
6345 1
6346 1
6347 0
6348 0
6349 1
6350 0
6351 1
6352 1
6353 1
6354 1
6355 1
6356 0
6357 1
6358 1
6359 1
6360 1
6361 0
6362 0
6363 1
6364 3
6365 0
6366 0
6367 1
6368 1
6369 0
6370 1
6371 0
6372 0
6373 0
6374 1
6375 0
6376 1
6377 0
6378 2
6379 0
6380 1
6381 0
6382 1
6383 1
6384 1
6385 1
6386 1
6387 1
6388 1
6389 1
6390 0
6391 1
6392 1
6393 0
6394 1
6395 1
6396 1
6397 1
6398 1
6399 1
6400 1
6401 1
6402 1
6403 1
6404 1
6405 0
6406 0
6407 0
6408 0
6409 1
6410 0
6411 1
6412 0
6413 1
6414 1
6415 1
6416 0
6417 1
6418 1
6419 1
6420 0
6421 1
6422 1
6423 2
6424 0
6425 0
6426 1
6427 1
6428 0
6429 1
6430 0
6431 1
6432 1
6433 1
6434 1
6435 1
6436 1
6437 0
6438 0
6439 1
6440 1
6441 1
6442 1
6443 1
6444 1
6445 1
6446 1
6447 0
6448 1
6449 1
6450 1
6451 1
6452 1
6453 1
6454 0
6455 0
6456 0
6457 1
6458 0
6459 1
6460 0
6461 1
6462 1
6463 1
6464 1
6465 0
6466 1
6467 1
6468 0
6469 1
6470 1
6471 1
6472 1
6473 0
6474 1
6475 1
6476 1
6477 1
6478 1
6479 0
6480 1
6481 1
6482 1
6483 1
6484 1
6485 1
6486 0
6487 1
6488 1
6489 0
6490 2
6491 2
6492 1
6493 1
6494 1
6495 0
6496 2
6497 1
6498 0
6499 0
6500 0
6501 1
6502 2
6503 1
6504 0
6505 1
6506 0
6507 1
6508 1
6509 0
6510 0
6511 1
6512 1
6513 0
6514 1
6515 0
6516 1
6517 1
6518 0
6519 0
6520 1
6521 0
6522 0
6523 1
6524 1
6525 1
6526 1
6527 0
6528 1
6529 1
6530 1
6531 0
6532 1
6533 1
6534 1
6535 1
6536 1
6537 1
6538 1
6539 1
6540 1
6541 1
6542 1
6543 1
6544 1
6545 0
6546 2
6547 0
6548 2
6549 0
6550 1
6551 1
6552 1
6553 1
6554 0
6555 1
6556 0
6557 1
6558 1
6559 1
6560 0
6561 0
6562 0
6563 1
6564 1
6565 0
6566 1
6567 1
6568 0
6569 0
6570 1
6571 1
6572 1
6573 1
6574 0
6575 1
6576 0
6577 0
6578 1
6579 1
6580 1
6581 0
6582 0
6583 0
6584 1
6585 1
6586 0
6587 1
6588 1
6589 1
6590 1
6591 0
6592 1
6593 1
6594 1
6595 1
6596 0
6597 1
6598 1
6599 1
6600 1
6601 0
6602 0
6603 1
6604 0
6605 0
6606 0
6607 1
6608 1
6609 1
6610 1
6611 0
6612 1
6613 1
6614 1
6615 0
6616 1
6617 0
6618 1
6619 0
6620 1
6621 1
6622 1
6623 1
6624 2
6625 0
6626 0
6627 2
6628 0
6629 1
6630 0
6631 0
6632 1
6633 1
6634 1
6635 1
6636 1
6637 1
6638 0
6639 0
6640 0
6641 2
6642 2
6643 1
6644 1
6645 0
6646 0
6647 1
6648 0
6649 1
6650 1
6651 1
6652 1
6653 0
6654 1
6655 2
6656 1
6657 0
6658 0
6659 1
6660 2
6661 0
6662 1
6663 1
6664 1
6665 0
6666 2
6667 0
6668 1
6669 1
6670 1
6671 0
6672 2
6673 1
6674 0
6675 1
6676 0
6677 1
6678 1
6679 0
6680 1
6681 1
6682 2
6683 0
6684 1
6685 1
6686 1
6687 0
6688 1
6689 0
6690 1
6691 0
6692 1
6693 1
6694 1
6695 0
6696 1
6697 1
6698 0
6699 0
6700 1
6701 1
6702 1
6703 1
6704 0
6705 0
6706 0
6707 0
6708 1
6709 2
6710 0
6711 1
6712 1
6713 1
6714 1
6715 0
6716 0
6717 1
6718 0
6719 1
6720 1
6721 0
6722 1
6723 0
6724 0
6725 2
6726 0
6727 0
6728 1
6729 1
6730 1
6731 1
6732 1
6733 0
6734 1
6735 1
6736 1
6737 0
6738 0
6739 1
6740 0
6741 0
6742 0
6743 1
6744 2
6745 0
6746 0
6747 1
6748 1
6749 0
6750 0
6751 1
6752 1
6753 1
6754 1
6755 1
6756 0
6757 1
6758 1
6759 2
6760 0
6761 2
6762 0
6763 1
6764 0
6765 0
6766 0
6767 1
6768 1
6769 1
6770 1
6771 0
6772 1
6773 0
6774 0
6775 1
6776 0
6777 0
6778 1
6779 2
6780 1
6781 1
6782 1
6783 0
6784 1
6785 1
6786 0
6787 1
6788 1
6789 1
6790 1
6791 1
6792 1
6793 0
6794 1
6795 1
6796 1
6797 1
6798 1
6799 1
6800 0
6801 1
6802 0
6803 0
6804 2
6805 2
6806 2
6807 1
6808 1
6809 1
6810 0
6811 1
6812 0
6813 1
6814 1
6815 1
6816 1
6817 1
6818 0
6819 1
6820 1
6821 1
6822 0
6823 0
6824 1
6825 0
6826 0
6827 1
6828 2
6829 0
6830 1
6831 1
6832 1
6833 0
6834 0
6835 1
6836 1
6837 1
6838 0
6839 1
6840 1
6841 0
6842 0
6843 1
6844 1
6845 2
6846 1
6847 1
6848 1
6849 1
6850 0
6851 1
6852 0
6853 1
6854 1
6855 0
6856 0
6857 1
6858 0
6859 1
6860 1
6861 1
6862 2
6863 0
6864 0
6865 0
6866 0
6867 0
6868 1
6869 1
6870 1
6871 1
6872 0
6873 1
6874 1
6875 0
6876 1
6877 1
6878 1
6879 1
6880 0
6881 0
6882 1
6883 0
6884 0
6885 1
6886 2
6887 1
6888 1
6889 0
6890 1
6891 1
6892 1
6893 1
6894 1
6895 0
6896 0
6897 0
6898 1
6899 0
6900 1
6901 1
6902 0
6903 1
6904 0
6905 2
6906 1
6907 1
6908 2
6909 1
6910 0
6911 1
6912 0
6913 0
6914 0
6915 1
6916 1
6917 1
6918 0
6919 0
6920 0
6921 0
6922 0
6923 1
6924 2
6925 1
6926 1
6927 1
6928 1
6929 0
6930 1
6931 1
6932 1
6933 0
6934 0
6935 0
6936 1
6937 0
6938 1
6939 1
6940 1
6941 0
6942 1
6943 0
6944 0
6945 1
6946 1
6947 1
6948 1
6949 1
6950 1
6951 0
6952 1
6953 1
6954 1
6955 1
6956 1
6957 1
6958 2
6959 1
6960 1
6961 0
6962 0
6963 1
6964 2
6965 1
6966 1
6967 2
6968 0
6969 0
6970 1
6971 1
6972 1
6973 0
6974 1
6975 2
6976 1
6977 1
6978 1
6979 1
6980 0
6981 0
6982 1
6983 2
6984 1
6985 0
6986 0
6987 1
6988 0
6989 1
6990 1
6991 1
6992 1
6993 1
6994 0
6995 1
6996 2
6997 1
6998 1
6999 0
7000 1
7001 0
7002 1
7003 2
7004 1
7005 2
7006 1
7007 1
7008 0
7009 1
7010 0
7011 2
7012 1
7013 1
7014 0
7015 0
7016 1
7017 0
7018 0
7019 0
7020 2
7021 1
7022 1
7023 1
7024 0
7025 1
7026 0
7027 2
7028 0
7029 1
7030 1
7031 0
7032 1
7033 2
7034 2
7035 1
7036 2
7037 0
7038 1
7039 1
7040 0
7041 1
7042 1
7043 1
7044 0
7045 0
7046 2
7047 1
7048 1
7049 0
7050 1
7051 0
7052 1
7053 1
7054 0
7055 2
7056 1
7057 0
7058 2
7059 0
7060 0
7061 2
7062 0
7063 1
7064 1
7065 1
7066 1
7067 0
7068 1
7069 1
7070 1
7071 0
7072 1
7073 0
7074 1
7075 2
7076 1
7077 1
7078 1
7079 2
7080 0
7081 0
7082 2
7083 1
7084 0
7085 1
7086 1
7087 1
7088 1
7089 0
7090 1
7091 1
7092 2
7093 1
7094 2
7095 1
7096 1
7097 1
7098 0
7099 1
7100 1
7101 1
7102 1
7103 2
7104 0
7105 1
7106 1
7107 0
7108 2
7109 1
7110 0
7111 1
7112 1
7113 2
7114 1
7115 1
7116 0
7117 0
7118 0
7119 2
7120 1
7121 1
7122 1
7123 1
7124 1
7125 0
7126 0
7127 2
7128 2
7129 1
7130 1
7131 0
7132 1
7133 0
7134 0
7135 0
7136 1
7137 1
7138 1
7139 0
7140 1
7141 1
7142 1
7143 1
7144 0
7145 1
7146 1
7147 0
7148 1
7149 1
7150 1
7151 0
7152 2
7153 0
7154 0
7155 2
7156 0
7157 1
7158 1
7159 0
7160 0
7161 0
7162 0
7163 1
7164 2
7165 1
7166 1
7167 1
7168 1
7169 0
7170 1
7171 1
7172 1
7173 1
7174 0
7175 1
7176 1
7177 0
7178 1
7179 1
7180 0
7181 2
7182 1
7183 2
7184 2
7185 2
7186 1
7187 1
7188 1
7189 1
7190 1
7191 2
7192 1
7193 1
7194 0
7195 1
7196 0
7197 2
7198 1
7199 1
7200 1
7201 1
7202 1
7203 0
7204 0
7205 1
7206 2
7207 0
7208 0
7209 0
7210 1
7211 1
7212 1
7213 0
7214 0
7215 2
7216 0
7217 0
7218 1
7219 0
7220 0
7221 1
7222 0
7223 1
7224 1
7225 1
7226 1
7227 1
7228 1
7229 1
7230 1
7231 0
7232 0
7233 1
7234 1
7235 1
7236 1
7237 0
7238 0
7239 0
7240 0
7241 0
7242 1
7243 1
7244 1
7245 1
7246 1
7247 0
7248 1
7249 1
7250 0
7251 0
7252 1
7253 1
7254 1
7255 1
7256 2
7257 1
7258 2
7259 1
7260 0
7261 1
7262 1
7263 1
7264 1
7265 1
7266 1
7267 0
7268 1
7269 0
7270 1
7271 1
7272 0
7273 0
7274 2
7275 0
7276 1
7277 2
7278 1
7279 2
7280 0
7281 0
7282 1
7283 1
7284 1
7285 0
7286 0
7287 2
7288 1
7289 0
7290 2
7291 1
7292 1
7293 1
7294 0
7295 1
7296 2
7297 1
7298 1
7299 1
7300 1
7301 0
7302 1
7303 0
7304 2
7305 1
7306 1
7307 1
7308 1
7309 1
7310 1
7311 1
7312 1
7313 1
7314 1
7315 0
7316 1
7317 1
7318 0
7319 0
7320 1
7321 0
7322 1
7323 1
7324 0
7325 1
7326 2
7327 1
7328 1
7329 1
7330 2
7331 1
7332 0
7333 2
7334 1
7335 0
7336 1
7337 1
7338 1
7339 1
7340 2
7341 1
7342 1
7343 1
7344 1
7345 0
7346 2
7347 0
7348 1
7349 1
7350 1
7351 1
7352 0
7353 0
7354 1
7355 1
7356 0
7357 1
7358 0
7359 1
7360 1
7361 0
7362 0
7363 0
7364 1
7365 1
7366 1
7367 2
7368 0
7369 0
7370 1
7371 0
7372 1
7373 1
7374 1
7375 0
7376 1
7377 1
7378 1
7379 2
7380 1
7381 1
7382 1
7383 0
7384 0
7385 1
7386 1
7387 1
7388 1
7389 0
7390 0
7391 1
7392 1
7393 1
7394 1
7395 1
7396 1
7397 1
7398 1
7399 0
7400 1
7401 0
7402 0
7403 1
7404 0
7405 0
7406 0
7407 0
7408 1
7409 2
7410 0
7411 1
7412 1
7413 1
7414 2
7415 2
7416 1
7417 1
7418 1
7419 0
7420 2
7421 0
7422 1
7423 1
7424 1
7425 1
7426 1
7427 1
7428 1
7429 2
7430 1
7431 1
7432 1
7433 1
7434 1
7435 0
7436 1
7437 1
7438 2
7439 2
7440 1
7441 1
7442 1
7443 1
7444 0
7445 1
7446 1
7447 1
7448 1
7449 1
7450 0
7451 0
7452 1
7453 0
7454 1
7455 1
7456 0
7457 1
7458 0
7459 0
7460 0
7461 1
7462 2
7463 1
7464 0
7465 1
7466 1
7467 1
7468 0
7469 1
7470 0
7471 1
7472 0
7473 1
7474 0
7475 1
7476 1
7477 1
7478 1
7479 1
7480 0
7481 1
7482 0
7483 1
7484 1
7485 0
7486 0
7487 0
7488 0
7489 2
7490 1
7491 1
7492 1
7493 0
7494 0
7495 0
7496 0
7497 1
7498 1
7499 2
7500 0
7501 1
7502 1
7503 1
7504 2
7505 1
7506 0
7507 0
7508 2
7509 0
7510 0
7511 2
7512 0
7513 1
7514 1
7515 1
7516 0
7517 1
7518 0
7519 1
7520 1
7521 1
7522 1
7523 1
7524 1
7525 1
7526 0
7527 1
7528 1
7529 1
7530 1
7531 1
7532 1
7533 0
7534 1
7535 0
7536 1
7537 0
7538 1
7539 2
7540 0
7541 0
7542 2
7543 0
7544 1
7545 1
7546 1
7547 1
7548 1
7549 1
7550 2
7551 0
7552 0
7553 1
7554 1
7555 1
7556 1
7557 0
7558 1
7559 2
7560 2
7561 1
7562 0
7563 1
7564 1
7565 0
7566 1
7567 1
7568 1
7569 1
7570 1
7571 1
7572 1
7573 1
7574 1
7575 1
7576 1
7577 1
7578 1
7579 2
7580 1
7581 1
7582 1
7583 1
7584 1
7585 1
7586 1
7587 0
7588 2
7589 1
7590 1
7591 1
7592 1
7593 1
7594 1
7595 1
7596 0
7597 1
7598 0
7599 1
7600 1
7601 1
7602 0
7603 0
7604 1
7605 1
7606 0
7607 2
7608 1
7609 0
7610 1
7611 1
7612 1
7613 0
7614 1
7615 1
7616 1
7617 1
7618 1
7619 1
7620 1
7621 1
7622 3
7623 1
7624 1
7625 0
7626 1
7627 1
7628 2
7629 1
7630 2
7631 1
7632 1
7633 2
7634 1
7635 0
7636 1
7637 0
7638 1
7639 1
7640 1
7641 1
7642 2
7643 1
7644 2
7645 0
7646 1
7647 0
7648 1
7649 1
7650 1
7651 0
7652 0
7653 0
7654 0
7655 1
7656 1
7657 1
7658 2
7659 1
7660 0
7661 2
7662 1
7663 0
7664 1
7665 1
7666 1
7667 1
7668 1
7669 2
7670 0
7671 0
7672 2
7673 1
7674 2
7675 0
7676 1
7677 1
7678 0
7679 2
7680 1
7681 1
7682 1
7683 0
7684 0
7685 2
7686 1
7687 1
7688 1
7689 2
7690 1
7691 1
7692 1
7693 0
7694 2
7695 1
7696 2
7697 1
7698 2
7699 0
7700 0
7701 2
7702 2
7703 1
7704 0
7705 1
7706 1
7707 2
7708 2
7709 1
7710 0
7711 0
7712 0
7713 0
7714 1
7715 0
7716 1
7717 0
7718 2
7719 1
7720 2
7721 1
7722 1
7723 2
7724 0
7725 1
7726 2
7727 0
7728 1
7729 0
7730 1
7731 0
7732 0
7733 2
7734 1
7735 0
7736 0
7737 2
7738 2
7739 1
7740 0
7741 1
7742 1
7743 1
7744 1
7745 1
7746 0
7747 0
7748 1
7749 2
7750 1
7751 1
7752 1
7753 1
7754 1
7755 1
7756 0
7757 0
7758 2
7759 0
7760 2
7761 0
7762 0
7763 1
7764 0
7765 0
7766 2
7767 1
7768 0
7769 2
7770 2
7771 1
7772 0
7773 1
7774 0
7775 1
7776 1
7777 0
7778 0
7779 1
7780 1
7781 1
7782 1
7783 1
7784 0
7785 1
7786 1
7787 0
7788 0
7789 1
7790 1
7791 0
7792 2
7793 1
7794 1
7795 1
7796 1
7797 1
7798 1
7799 2
7800 2
7801 1
7802 0
7803 1
7804 1
7805 1
7806 1
7807 2
7808 1
7809 1
7810 0
7811 1
7812 1
7813 1
7814 1
7815 1
7816 1
7817 1
7818 1
7819 1
7820 0
7821 0
7822 0
7823 1
7824 2
7825 1
7826 0
7827 1
7828 1
7829 0
7830 1
7831 1
7832 1
7833 2
7834 2
7835 1
7836 1
7837 2
7838 0
7839 0
7840 1
7841 1
7842 1
7843 1
7844 1
7845 1
7846 1
7847 1
7848 0
7849 1
7850 1
7851 2
7852 1
7853 1
7854 1
7855 0
7856 0
7857 0
7858 1
7859 1
7860 1
7861 1
7862 1
7863 2
7864 1
7865 0
7866 1
7867 1
7868 1
7869 1
7870 1
7871 0
7872 2
7873 2
7874 1
7875 0
7876 0
7877 1
7878 1
7879 0
7880 0
7881 2
7882 1
7883 1
7884 0
7885 2
7886 1
7887 1
7888 1
7889 2
7890 1
7891 1
7892 1
7893 1
7894 1
7895 2
7896 1
7897 0
7898 1
7899 1
7900 1
7901 1
7902 1
7903 0
7904 1
7905 1
7906 1
7907 0
7908 1
7909 1
7910 0
7911 0
7912 0
7913 1
7914 1
7915 1
7916 1
7917 1
7918 0
7919 0
7920 1
7921 1
7922 1
7923 1
7924 1
7925 1
7926 1
7927 2
7928 1
7929 1
7930 1
7931 2
7932 0
7933 2
7934 0
7935 1
7936 1
7937 1
7938 1
7939 1
7940 0
7941 1
7942 1
7943 1
7944 0
7945 0
7946 0
7947 0
7948 1
7949 1
7950 0
7951 1
7952 0
7953 2
7954 0
7955 0
7956 0
7957 0
7958 1
7959 1
7960 1
7961 2
7962 1
7963 1
7964 2
7965 1
7966 1
7967 0
7968 1
7969 0
7970 0
7971 0
7972 1
7973 1
7974 0
7975 1
7976 1
7977 1
7978 2
7979 1
7980 0
7981 1
7982 0
7983 1
7984 0
7985 0
7986 0
7987 1
7988 2
7989 1
7990 2
7991 2
7992 1
7993 1
7994 1
7995 2
7996 0
7997 1
7998 1
7999 1
8000 2
8001 1
8002 0
8003 0
8004 1
8005 1
8006 0
8007 1
8008 1
8009 1
8010 1
8011 1
8012 2
8013 1
8014 1
8015 1
8016 1
8017 0
8018 2
8019 0
8020 0
8021 1
8022 0
8023 2
8024 1
8025 1
8026 1
8027 1
8028 1
8029 1
8030 1
8031 0
8032 1
8033 1
8034 0
8035 1
8036 1
8037 1
8038 0
8039 1
8040 1
8041 0
8042 2
8043 0
8044 2
8045 0
8046 1
8047 2
8048 1
8049 1
8050 0
8051 1
8052 1
8053 1
8054 0
8055 1
8056 1
8057 1
8058 1
8059 2
8060 1
8061 1
8062 2
8063 0
8064 2
8065 0
8066 0
8067 1
8068 0
8069 1
8070 2
8071 0
8072 1
8073 2
8074 1
8075 2
8076 1
8077 1
8078 1
8079 1
8080 1
8081 1
8082 0
8083 1
8084 0
8085 1
8086 0
8087 1
8088 0
8089 1
8090 1
8091 1
8092 1
8093 1
8094 0
8095 0
8096 0
8097 1
8098 1
8099 1
8100 0
8101 0
8102 1
8103 0
8104 1
8105 0
8106 1
8107 1
8108 0
8109 2
8110 1
8111 0
8112 1
8113 0
8114 0
8115 1
8116 0
8117 1
8118 0
8119 1
8120 0
8121 1
8122 1
8123 0
8124 0
8125 1
8126 1
8127 0
8128 1
8129 0
8130 0
8131 1
8132 1
8133 0
8134 1
8135 1
8136 1
8137 1
8138 1
8139 0
8140 1
8141 1
8142 1
8143 1
8144 0
8145 1
8146 2
8147 1
8148 1
8149 1
8150 2
8151 0
8152 1
8153 1
8154 1
8155 2
8156 1
8157 1
8158 2
8159 0
8160 1
8161 1
8162 1
8163 1
8164 1
8165 1
8166 0
8167 1
8168 0
8169 1
8170 0
8171 2
8172 1
8173 0
8174 0
8175 1
8176 0
8177 1
8178 1
8179 0
8180 1
8181 2
8182 2
8183 1
8184 0
8185 0
8186 1
8187 1
8188 1
8189 1
8190 0
8191 1
8192 2
8193 2
8194 1
8195 2
8196 1
8197 1
8198 1
8199 1
8200 0
8201 2
8202 0
8203 0
8204 2
8205 1
8206 0
8207 1
8208 0
8209 2
8210 1
8211 1
8212 2
8213 1
8214 0
8215 1
8216 1
8217 0
8218 0
8219 2
8220 1
8221 1
8222 0
8223 1
8224 0
8225 1
8226 1
8227 0
8228 1
8229 1
8230 0
8231 1
8232 0
8233 2
8234 1
8235 1
8236 1
8237 1
8238 1
8239 1
8240 1
8241 1
8242 0
8243 1
8244 0
8245 1
8246 0
8247 2
8248 2
8249 1
8250 1
8251 1
8252 2
8253 1
8254 1
8255 2
8256 0
8257 1
8258 0
8259 0
8260 0
8261 1
8262 1
8263 1
8264 1
8265 1
8266 0
8267 1
8268 0
8269 1
8270 1
8271 1
8272 2
8273 0
8274 1
8275 0
8276 0
8277 0
8278 2
8279 0
8280 0
8281 2
8282 1
8283 1
8284 0
8285 1
8286 2
8287 1
8288 1
8289 1
8290 1
8291 0
8292 0
8293 1
8294 1
8295 0
8296 1
8297 0
8298 0
8299 1
8300 1
8301 0
8302 0
8303 2
8304 1
8305 2
8306 1
8307 0
8308 1
8309 0
8310 1
8311 1
8312 1
8313 1
8314 1
8315 0
8316 2
8317 0
8318 1
8319 1
8320 0
8321 1
8322 2
8323 1
8324 1
8325 1
8326 1
8327 0
8328 1
8329 1
8330 1
8331 0
8332 1
8333 0
8334 0
8335 0
8336 0
8337 0
8338 0
8339 1
8340 1
8341 1
8342 1
8343 1
8344 1
8345 1
8346 1
8347 1
8348 0
8349 2
8350 1
8351 1
8352 0
8353 1
8354 1
8355 1
8356 1
8357 1
8358 1
8359 0
8360 1
8361 0
8362 2
8363 2
8364 1
8365 1
8366 0
8367 0
8368 1
8369 1
8370 2
8371 1
8372 1
8373 0
8374 0
8375 0
8376 1
8377 0
8378 1
8379 0
8380 0
8381 1
8382 1
8383 1
8384 0
8385 1
8386 1
8387 0
8388 1
8389 1
8390 1
8391 0
8392 0
8393 0
8394 1
8395 2
8396 1
8397 1
8398 1
8399 0
8400 0
8401 0
8402 0
8403 0
8404 2
8405 1
8406 1
8407 2
8408 1
8409 0
8410 0
8411 1
8412 1
8413 2
8414 1
8415 2
8416 1
8417 1
8418 1
8419 1
8420 1
8421 0
8422 1
8423 1
8424 2
8425 1
8426 0
8427 0
8428 0
8429 1
8430 1
8431 0
8432 2
8433 1
8434 1
8435 0
8436 1
8437 1
8438 2
8439 1
8440 1
8441 1
8442 1
8443 1
8444 2
8445 0
8446 1
8447 0
8448 1
8449 1
8450 1
8451 2
8452 1
8453 1
8454 2
8455 0
8456 1
8457 1
8458 1
8459 2
8460 1
8461 0
8462 1
8463 1
8464 0
8465 1
8466 1
8467 1
8468 0
8469 1
8470 1
8471 1
8472 1
8473 0
8474 1
8475 1
8476 1
8477 1
8478 1
8479 0
8480 1
8481 1
8482 2
8483 0
8484 1
8485 1
8486 1
8487 1
8488 1
8489 0
8490 1
8491 1
8492 1
8493 1
8494 1
8495 1
8496 1
8497 1
8498 1
8499 0
8500 1
8501 1
8502 1
8503 1
8504 0
8505 0
8506 1
8507 0
8508 0
8509 1
8510 1
8511 1
8512 0
8513 1
8514 1
8515 1
8516 0
8517 0
8518 1
8519 1
8520 0
8521 1
8522 1
8523 1
8524 0
8525 1
8526 0
8527 1
8528 1
8529 1
8530 1
8531 1
8532 0
8533 0
8534 2
8535 0
8536 1
8537 0
8538 0
8539 1
8540 1
8541 1
8542 1
8543 1
8544 1
8545 0
8546 1
8547 2
8548 1
8549 2
8550 1
8551 1
8552 1
8553 0
8554 1
8555 1
8556 1
8557 1
8558 1
8559 0
8560 0
8561 1
8562 1
8563 1
8564 1
8565 1
8566 0
8567 1
8568 1
8569 0
8570 1
8571 1
8572 1
8573 0
8574 1
8575 1
8576 1
8577 1
8578 1
8579 1
8580 0
8581 1
8582 1
8583 1
8584 1
8585 1
8586 1
8587 1
8588 1
8589 1
8590 1
8591 1
8592 1
8593 1
8594 1
8595 0
8596 1
8597 1
8598 0
8599 1
8600 1
8601 1
8602 1
8603 1
8604 1
8605 1
8606 1
8607 1
8608 1
8609 2
8610 1
8611 0
8612 1
8613 1
8614 1
8615 2
8616 1
8617 1
8618 1
8619 0
8620 1
8621 2
8622 1
8623 1
8624 1
8625 0
8626 0
8627 1
8628 0
8629 1
8630 1
8631 0
8632 1
8633 1
8634 1
8635 1
8636 1
8637 1
8638 1
8639 1
8640 1
8641 0
8642 1
8643 1
8644 1
8645 1
8646 0
8647 0
8648 0
8649 1
8650 1
8651 1
8652 0
8653 1
8654 0
8655 1
8656 1
8657 1
8658 1
8659 1
8660 2
8661 1
8662 1
8663 1
8664 1
8665 0
8666 1
8667 1
8668 1
8669 0
8670 1
8671 1
8672 1
8673 1
8674 1
8675 0
8676 1
8677 1
8678 1
8679 0
8680 1
8681 1
8682 1
8683 0
8684 1
8685 1
8686 0
8687 0
8688 1
8689 0
8690 1
8691 1
8692 1
8693 1
8694 1
8695 1
8696 1
8697 1
8698 1
8699 1
8700 1
8701 0
8702 1
8703 0
8704 1
8705 1
8706 1
8707 1
8708 1
8709 1
8710 1
8711 1
8712 1
8713 0
8714 1
8715 0
8716 1
8717 1
8718 1
8719 0
8720 1
8721 2
8722 1
8723 1
8724 1
8725 1
8726 1
8727 1
8728 1
8729 1
8730 1
8731 1
8732 1
8733 1
8734 0
8735 1
8736 1
8737 1
8738 1
8739 0
8740 1
8741 1
8742 1
8743 1
8744 2
8745 1
8746 1
8747 2
8748 1
8749 1
8750 2
8751 0
8752 1
8753 0
8754 1
8755 1
8756 1
8757 1
8758 1
8759 0
8760 1
8761 1
8762 0
8763 1
8764 1
8765 1
8766 1
8767 2
8768 1
8769 2
8770 1
8771 1
8772 1
8773 1
8774 1
8775 2
8776 0
8777 1
8778 0
8779 0
8780 1
8781 1
8782 1
8783 1
8784 1
8785 2
8786 1
8787 1
8788 1
8789 1
8790 1
8791 0
8792 0
8793 0
8794 1
8795 1
8796 1
8797 1
8798 1
8799 0
8800 1
8801 0
8802 1
8803 0
8804 0
8805 1
8806 1
8807 0
8808 1
8809 1
8810 1
8811 1
8812 1
8813 0
8814 1
8815 1
8816 1
8817 1
8818 1
8819 1
8820 1
8821 1
8822 1
8823 1
8824 1
8825 1
8826 1
8827 1
8828 1
8829 1
8830 1
8831 1
8832 1
8833 1
8834 1
8835 0
8836 0
8837 0
8838 1
8839 1
8840 1
8841 2
8842 1
8843 1
8844 2
8845 1
8846 1
8847 2
8848 2
8849 1
8850 0
8851 1
8852 1
8853 1
8854 1
8855 1
8856 1
8857 1
8858 1
8859 1
8860 0
8861 1
8862 1
8863 1
8864 1
8865 2
8866 1
8867 1
8868 0
8869 1
8870 1
8871 1
8872 1
8873 0
8874 1
8875 2
8876 1
8877 1
8878 0
8879 1
8880 1
8881 0
8882 1
8883 2
8884 1
8885 1
8886 0
8887 1
8888 1
8889 1
8890 1
8891 1
8892 0
8893 1
8894 1
8895 1
8896 1
8897 1
8898 1
8899 2
8900 1
8901 1
8902 1
8903 1
8904 0
8905 0
8906 2
8907 1
8908 1
8909 2
8910 0
8911 1
8912 0
8913 0
8914 1
8915 1
8916 0
8917 0
8918 1
8919 1
8920 1
8921 0
8922 2
8923 1
8924 1
8925 1
8926 1
8927 1
8928 1
8929 1
8930 2
8931 1
8932 0
8933 1
8934 1
8935 0
8936 2
8937 1
8938 1
8939 1
8940 0
8941 1
8942 1
8943 0
8944 0
8945 1
8946 1
8947 1
8948 2
8949 2
8950 1
8951 1
8952 0
8953 0
8954 0
8955 0
8956 0
8957 1
8958 1
8959 0
8960 1
8961 0
8962 1
8963 1
8964 0
8965 0
8966 1
8967 1
8968 1
8969 0
8970 0
8971 0
8972 0
8973 1
8974 1
8975 0
8976 1
8977 0
8978 1
8979 0
8980 1
8981 0
8982 0
8983 1
8984 0
8985 1
8986 1
8987 0
8988 0
8989 0
8990 1
8991 0
8992 1
8993 0
8994 0
8995 0
8996 1
8997 1
8998 1
8999 1
9000 1
9001 1
9002 1
9003 1
9004 1
9005 0
9006 1
9007 1
9008 0
9009 1
9010 1
9011 0
9012 1
9013 0
9014 1
9015 1
9016 0
9017 1
9018 1
9019 1
9020 0
9021 1
9022 1
9023 1
9024 1
9025 1
9026 1
9027 1
9028 1
9029 1
9030 1
9031 0
9032 1
9033 1
9034 1
9035 0
9036 1
9037 1
9038 1
9039 1
9040 1
9041 0
9042 1
9043 1
9044 1
9045 1
9046 0
9047 1
9048 0
9049 1
9050 1
9051 0
9052 1
9053 1
9054 1
9055 0
9056 1
9057 1
9058 1
9059 1
9060 1
9061 1
9062 1
9063 1
9064 1
9065 1
9066 0
9067 0
9068 1
9069 1
9070 1
9071 1
9072 1
9073 1
9074 2
9075 0
9076 0
9077 1
9078 2
9079 1
9080 1
9081 0
9082 1
9083 1
9084 0
9085 1
9086 1
9087 1
9088 1
9089 1
9090 1
9091 0
9092 1
9093 1
9094 0
9095 1
9096 0
9097 1
9098 2
9099 1
9100 1
9101 0
9102 1
9103 1
9104 1
9105 1
9106 1
9107 0
9108 0
9109 1
9110 0
9111 0
9112 1
9113 1
9114 0
9115 1
9116 1
9117 0
9118 1
9119 0
9120 1
9121 1
9122 0
9123 1
9124 0
9125 0
9126 1
9127 1
9128 0
9129 1
9130 1
9131 1
9132 1
9133 1
9134 1
9135 0
9136 0
9137 0
9138 1
9139 1
9140 1
9141 1
9142 1
9143 1
9144 1
9145 1
9146 1
9147 0
9148 1
9149 0
9150 1
9151 1
9152 1
9153 0
9154 1
9155 1
9156 1
9157 1
9158 1
9159 0
9160 1
9161 1
9162 1
9163 1
9164 1
9165 1
9166 1
9167 1
9168 0
9169 1
9170 1
9171 1
9172 1
9173 1
9174 0
9175 1
9176 0
9177 1
9178 1
9179 1
9180 2
9181 1
9182 0
9183 1
9184 1
9185 1
9186 1
9187 1
9188 1
9189 1
9190 0
9191 0
9192 0
9193 1
9194 1
9195 1
9196 1
9197 0
9198 0
9199 1
9200 0
9201 1
9202 0
9203 0
9204 1
9205 1
9206 1
9207 0
9208 1
9209 1
9210 1
9211 1
9212 1
9213 2
9214 1
9215 1
9216 1
9217 2
9218 1
9219 1
9220 1
9221 2
9222 1
9223 1
9224 0
9225 1
9226 1
9227 1
9228 0
9229 1
9230 1
9231 1
9232 2
9233 1
9234 0
9235 1
9236 0
9237 1
9238 0
9239 1
9240 1
9241 1
9242 1
9243 0
9244 0
9245 1
9246 1
9247 0
9248 1
9249 0
9250 1
9251 1
9252 1
9253 1
9254 1
9255 1
9256 1
9257 0
9258 1
9259 1
9260 1
9261 1
9262 1
9263 1
9264 1
9265 1
9266 1
9267 0
9268 1
9269 2
9270 2
9271 1
9272 1
9273 1
9274 1
9275 1
9276 1
9277 1
9278 1
9279 1
9280 1
9281 1
9282 0
9283 0
9284 0
9285 0
9286 1
9287 1
9288 1
9289 1
9290 1
9291 1
9292 1
9293 1
9294 1
9295 0
9296 0
9297 0
9298 0
9299 1
9300 0
9301 0
9302 0
9303 0
9304 0
9305 0
9306 0
9307 0
9308 0
9309 1
9310 0
9311 0
9312 1
9313 0
9314 0
9315 0
9316 1
9317 1
9318 0
9319 0
9320 0
9321 0
9322 1
9323 0
9324 1
9325 0
9326 1
9327 1
9328 1
9329 0
9330 0
9331 1
9332 0
9333 1
9334 0
9335 0
9336 0
9337 0
9338 1
9339 1
9340 0
9341 1
9342 0
9343 0
9344 1
9345 1
9346 0
9347 0
9348 0
9349 0
9350 0
9351 1
9352 0
9353 1
9354 0
9355 0
9356 0
9357 0
9358 0
9359 1
9360 1
9361 1
9362 1
9363 0
9364 1
9365 0
9366 1
9367 0
9368 1
9369 1
9370 0
9371 0
9372 1
9373 1
9374 1
9375 1
9376 0
9377 0
9378 0
9379 1
9380 1
9381 1
9382 0
9383 0
9384 0
9385 0
9386 0
9387 0
9388 1
9389 0
9390 0
9391 1
9392 1
9393 1
9394 0
9395 1
9396 0
9397 0
9398 0
9399 1
9400 1
9401 0
9402 1
9403 1
9404 0
9405 1
9406 1
9407 0
9408 0
9409 0
9410 1
9411 1
9412 1
9413 0
9414 0
9415 0
9416 0
9417 1
9418 0
9419 0
9420 1
9421 0
9422 0
9423 1
9424 0
9425 0
9426 0
9427 0
9428 0
9429 0
9430 1
9431 1
9432 1
9433 1
9434 0
9435 1
9436 1
9437 0
9438 0
9439 1
9440 0
9441 0
9442 1
9443 1
9444 0
9445 0
9446 0
9447 0
9448 1
9449 0
9450 1
9451 0
9452 0
9453 1
9454 1
9455 0
9456 0
9457 0
9458 1
9459 0
9460 0
9461 1
9462 0
9463 0
9464 0
9465 0
9466 0
9467 0
9468 1
9469 0
9470 1
9471 0
9472 1
9473 1
9474 0
9475 0
9476 0
9477 0
9478 1
9479 0
9480 0
9481 0
9482 0
9483 0
9484 1
9485 0
9486 1
9487 1
9488 0
9489 1
9490 0
9491 0
9492 0
9493 0
9494 0
9495 0
9496 0
9497 0
9498 0
9499 0
9500 0
9501 0
9502 1
9503 0
9504 1
9505 1
9506 1
9507 0
9508 0
9509 0
9510 0
9511 0
9512 0
9513 0
9514 1
9515 0
9516 0
9517 0
9518 0
9519 0
9520 0
9521 0
9522 0
9523 1
9524 0
9525 1
9526 1
9527 0
9528 0
9529 0
9530 0
9531 0
9532 0
9533 0
9534 1
9535 0
9536 0
9537 1
9538 0
9539 0
9540 0
9541 0
9542 0
9543 1
9544 0
9545 0
9546 0
9547 0
9548 0
9549 1
9550 1
9551 1
9552 0
9553 1
9554 0
9555 0
9556 0
9557 0
9558 0
9559 1
9560 0
9561 0
9562 0
9563 0
9564 0
9565 0
9566 0
9567 0
9568 0
9569 0
9570 0
9571 0
9572 0
9573 0
9574 1
9575 0
9576 1
9577 1
9578 0
9579 1
9580 1
9581 0
9582 0
9583 0
9584 0
9585 0
9586 0
9587 1
9588 0
9589 0
9590 0
9591 0
9592 0
9593 0
9594 0
9595 0
9596 0
9597 0
9598 0
9599 0
9600 0
9601 0
9602 0
9603 0
9604 0
9605 0
9606 0
9607 0
9608 0
9609 0
9610 0
9611 0
9612 0
9613 1
9614 0
9615 0
9616 0
9617 0
9618 0
9619 1
9620 1
9621 0
9622 0
9623 0
9624 0
9625 0
9626 1
9627 0
9628 0
9629 0
9630 0
9631 0
9632 0
9633 0
9634 1
9635 0
9636 0
9637 0
9638 0
9639 0
9640 1
9641 0
9642 0
9643 0
9644 0
9645 0
9646 0
9647 0
9648 0
9649 0
9650 0
9651 1
9652 0
9653 0
9654 0
9655 1
9656 0
9657 0
9658 0
9659 0
9660 0
9661 1
9662 0
9663 0
9664 0
9665 0
9666 0
9667 1
9668 0
9669 0
9670 0
9671 1
9672 0
9673 0
9674 0
9675 1
9676 0
9677 0
9678 0
9679 0
9680 1
9681 0
9682 1
9683 0
9684 0
9685 1
9686 0
9687 0
9688 0
9689 1
9690 1
9691 1
9692 0
9693 0
9694 0
9695 0
9696 0
9697 0
9698 0
9699 0
9700 0
9701 0
9702 0
9703 0
9704 0
9705 1
9706 0
9707 1
9708 0
9709 0
9710 0
9711 1
9712 1
9713 0
9714 0
9715 0
9716 1
9717 0
9718 0
9719 1
9720 0
9721 1
9722 1
9723 0
9724 0
9725 0
9726 1
9727 1
9728 0
9729 1
9730 0
9731 0
9732 0
9733 0
9734 0
9735 0
9736 0
9737 0
9738 0
9739 0
9740 0
9741 0
9742 1
9743 0
9744 0
9745 0
9746 0
9747 0
9748 0
9749 0
9750 0
9751 0
9752 1
9753 0
9754 0
9755 0
9756 0
9757 0
9758 0
9759 0
9760 0
9761 0
9762 1
9763 0
9764 0
9765 0
9766 1
9767 1
9768 0
9769 1
9770 0
9771 0
9772 0
9773 0
9774 0
9775 0
9776 0
9777 0
9778 1
9779 0
9780 0
9781 0
9782 0
9783 0
9784 1
9785 0
9786 1
9787 0
9788 1
9789 0
9790 0
9791 0
9792 0
9793 1
9794 0
9795 0
9796 1
9797 0
9798 1
9799 0
9800 0
9801 0
9802 0
9803 0
9804 0
9805 0
9806 0
9807 1
9808 0
9809 1
9810 0
9811 0
9812 0
9813 0
9814 1
9815 1
9816 0
9817 1
9818 0
9819 1
9820 1
9821 1
9822 1
9823 0
9824 1
9825 1
9826 0
9827 0
9828 0
9829 0
9830 1
9831 0
9832 1
9833 0
9834 0
9835 0
9836 0
9837 0
9838 1
9839 0
9840 0
9841 0
9842 1
9843 1
9844 1
9845 1
9846 1
9847 0
9848 1
9849 0
9850 1
9851 1
9852 1
9853 1
9854 1
9855 0
9856 1
9857 0
9858 1
9859 1
9860 1
9861 1
9862 1
9863 1
9864 1
9865 1
9866 1
9867 1
9868 1
9869 0
9870 1
9871 0
9872 0
9873 0
9874 0
9875 1
9876 1
9877 0
9878 1
9879 1
9880 1
9881 1
9882 1
9883 1
9884 1
9885 0
9886 1
9887 1
9888 1
9889 1
9890 1
9891 1
9892 0
9893 1
9894 0
9895 0
9896 0
9897 1
9898 1
9899 1
9900 0
9901 0
9902 1
9903 1
9904 1
9905 0
9906 0
9907 1
9908 1
9909 0
9910 0
9911 1
9912 1
9913 1
9914 1
9915 1
9916 1
9917 1
9918 1
9919 1
9920 1
9921 1
9922 2
9923 1
9924 2
9925 0
9926 0
9927 0
9928 1
9929 0
9930 1
9931 1
9932 1
9933 1
9934 0
9935 2
9936 0
9937 1
9938 0
9939 1
9940 0
9941 0
9942 1
9943 1
9944 0
9945 0
9946 1
9947 0
9948 0
9949 0
9950 1
9951 1
9952 1
9953 1
9954 1
9955 0
9956 0
9957 1
9958 1
9959 1
9960 1
9961 1
9962 0
9963 0
9964 1
9965 2
9966 1
9967 1
9968 1
9969 0
9970 0
9971 0
9972 0
9973 1
9974 0
9975 0
9976 1
9977 0
9978 0
9979 1
9980 1
9981 1
9982 0
9983 0
9984 1
9985 1
9986 0
9987 1
9988 0
9989 1
9990 0
9991 2
9992 1
9993 0
9994 0
9995 2
9996 1
9997 1
9998 0
9999 1
10000 1
10001 1
