1 2
2 1
3 1
4 0
5 1
6 0
7 1
8 2
9 1
10 1
11 2
12 0
13 1
14 2
15 1
16 2
17 0
18 2
19 1
20 1
21 2
22 1
23 1
24 1
25 0
26 1
27 1
28 0
29 1
30 2
31 2
32 1
33 2
34 0
35 1
36 1
37 2
38 1
39 1
40 0
41 2
42 2
43 2
44 1
45 1
46 3
47 2
48 2
49 2
50 2
51 2
52 0
53 1
54 1
55 2
56 2
57 2
58 1
59 0
60 1
61 1
62 1
63 1
64 2
65 1
66 2
67 1
68 1
69 1
70 2
71 2
72 1
73 2
74 2
75 1
76 1
77 1
78 0
79 2
80 2
81 1
82 0
83 1
84 1
85 1
86 2
87 1
88 3
89 0
90 1
91 1
92 1
93 1
94 2
95 2
96 0
97 2
98 2
99 1
100 0
101 1
102 2
103 2
104 1
105 1
106 2
107 0
108 1
109 3
110 1
111 1
112 2
113 2
114 1
115 1
116 1
117 2
118 1
119 2
120 1
121 1
122 0
123 1
124 1
125 0
126 0
127 1
128 0
129 0
130 1
131 1
132 0
133 1
134 0
135 0
136 0
137 0
138 1
139 0
140 1
141 0
142 0
143 1
144 0
145 0
146 0
147 0
148 0
149 1
150 0
151 0
152 0
153 1
154 2
155 3
156 1
157 1
158 2
159 2
160 2
161 0
162 2
163 1
164 2
165 2
166 2
167 2
168 1
169 0
170 1
171 0
172 0
173 1
174 1
175 1
176 1
177 0
178 1
179 1
180 0
181 0
182 0
183 0
184 0
185 1
186 1
187 2
188 0
189 0
190 0
191 1
192 0
193 1
194 1
195 1
196 1
197 0
198 1
199 1
200 1
201 1
202 1
203 0
204 0
205 0
206 0
207 1
208 1
209 0
210 1
211 1
212 1
213 2
214 2
215 1
216 1
217 3
218 1
219 1
220 2
221 1
222 0
223 0
224 1
225 1
226 0
227 1
228 1
229 1
230 1
231 2
232 1
233 2
234 2
235 1
236 1
237 3
238 2
239 1
240 2
241 2
242 2
243 1
244 0
245 1
246 1
247 1
248 2
249 1
250 1
251 3
252 2
253 1
254 1
255 2
256 0
257 2
258 1
259 2
260 2
261 1
262 2
263 1
264 2
265 0
266 1
267 1
268 2
269 2
270 1
271 1
272 2
273 0
274 2
275 2
276 1
277 2
278 1
279 1
280 1
281 2
282 1
283 0
284 2
285 2
286 1
287 1
288 1
289 1
290 2
291 2
292 0
293 1
294 1
295 2
296 2
297 2
298 2
299 2
300 1
301 1
302 1
303 0
304 0
305 1
306 2
307 2
308 0
309 1
310 1
311 1
312 1
313 2
314 1
315 2
316 2
317 2
318 1
319 2
320 2
321 0
322 1
323 1
324 1
325 1
326 1
327 0
328 1
329 1
330 0
331 0
332 0
333 0
334 0
335 1
336 0
337 1
338 0
339 0
340 1
341 1
342 0
343 0
344 1
345 0
346 0
347 0
348 0
349 0
350 0
351 1
352 0
353 0
354 0
355 1
356 0
357 0
358 0
359 0
360 0
361 0
362 0
363 0
364 1
365 2
366 2
367 0
368 0
369 1
370 2
371 2
372 2
373 1
374 0
375 1
376 2
377 2
378 2
379 1
380 1
381 2
382 1
383 1
384 1
385 2
386 2
387 1
388 2
389 1
390 2
391 3
392 2
393 2
394 1
395 2
396 2
397 1
398 1
399 1
400 1
401 1
402 1
403 1
404 1
405 1
406 1
407 1
408 1
409 2
410 1
411 0
412 1
413 1
414 2
415 2
416 1
417 1
418 1
419 1
420 2
421 2
422 2
423 2
424 2
425 1
426 1
427 0
428 0
429 1
430 1
431 0
432 1
433 1
434 0
435 0
436 1
437 2
438 2
439 1
440 2
441 1
442 0
443 2
444 1
445 2
446 1
447 1
448 0
449 1
450 2
451 0
452 0
453 2
454 1
455 1
456 2
457 3
458 1
459 1
460 2
461 2
462 1
463 2
464 1
465 1
466 2
467 2
468 1
469 1
470 2
471 2
472 1
473 2
474 3
475 0
476 1
477 3
478 1
479 1
480 1
481 1
482 1
483 1
484 1
485 1
486 1
487 1
488 0
489 1
490 0
491 1
492 2
493 2
494 1
495 2
496 1
497 1
498 2
499 1
500 2
501 1
502 1
503 1
504 1
505 2
506 2
507 2
508 2
509 1
510 1
511 2
512 1
513 1
514 1
515 1
516 1
517 1
518 2
519 1
520 2
521 2
522 0
523 0
524 0
525 0
526 0
527 0
528 0
529 0
530 0
531 0
532 0
533 0
534 0
535 0
536 0
537 0
538 0
539 0
540 0
541 1
542 1
543 0
544 0
545 0
546 0
547 0
548 1
549 1
550 1
551 0
552 0
553 0
554 0
555 0
556 0
557 0
558 0
559 0
560 1
561 1
562 0
563 0
564 0
565 0
566 0
567 0
568 0
569 0
570 0
571 0
572 0
573 0
574 0
575 0
576 0
577 0
578 0
579 1
580 1
581 1
582 1
583 0
584 0
585 1
586 0
587 0
588 0
589 0
590 1
591 0
592 0
593 1
594 0
595 1
596 0
597 0
598 1
599 0
600 0
601 1
602 0
603 0
604 1
605 0
606 0
607 0
608 0
609 1
610 1
611 0
612 1
613 0
614 0
615 1
616 1
617 0
618 0
619 0
620 0
621 0
622 1
623 0
624 0
625 0
626 0
627 0
628 0
629 0
630 0
631 1
632 0
633 0
634 0
635 0
636 0
637 0
638 0
639 1
640 1
641 0
642 0
643 1
644 0
645 1
646 1
647 1
648 0
649 0
650 1
651 1
652 1
653 0
654 0
655 1
656 1
657 1
658 1
659 0
660 0
661 1
662 0
663 0
664 1
665 0
666 0
667 1
668 0
669 0
670 1
671 1
672 0
673 0
674 0
675 0
676 0
677 0
678 0
679 0
680 0
681 0
682 0
683 0
684 0
685 1
686 1
687 0
688 0
689 0
690 0
691 0
692 0
693 0
694 0
695 0
696 0
697 0
698 0
699 0
700 0
701 0
702 0
703 0
704 0
705 1
706 1
707 0
708 0
709 0
710 0
711 0
712 0
713 0
714 1
715 0
716 0
717 0
718 1
719 0
720 0
721 0
722 0
723 0
724 0
725 0
726 1
727 2
728 1
729 1
730 1
731 2
732 1
733 2
734 2
735 1
736 1
737 1
738 1
739 0
740 2
741 1
742 1
743 1
744 1
745 1
746 1
747 1
748 2
749 2
750 1
751 2
752 1
753 3
754 2
755 2
756 2
757 2
758 1
759 1
760 2
761 0
762 2
763 3
764 2
765 1
766 1
767 1
768 0
769 1
770 1
771 2
772 0
773 2
774 0
775 2
776 1
777 1
778 1
779 1
780 1
781 0
782 0
783 0
784 0
785 1
786 1
787 0
788 0
789 2
790 1
791 0
792 0
793 0
794 1
795 0
796 1
797 0
798 2
799 2
800 0
801 0
802 0
803 0
804 2
805 0
806 0
807 0
808 0
809 0
810 0
811 0
812 0
813 0
814 0
815 0
816 1
817 0
818 0
819 0
820 0
821 0
822 1
823 0
824 1
825 2
826 0
827 2
828 2
829 2
830 2
831 2
832 3
833 2
834 1
835 2
836 2
837 3
838 2
839 2
840 1
841 2
842 1
843 1
844 1
845 0
846 1
847 0
848 1
849 2
850 2
851 0
852 1
853 1
854 2
855 1
856 0
857 1
858 2
859 1
860 1
861 1
862 1
863 1
864 2
865 2
866 2
867 0
868 1
869 2
870 0
871 2
872 2
873 1
874 1
875 0
876 1
877 1
878 0
879 2
880 1
881 1
882 2
883 3
884 1
885 2
886 0
887 2
888 1
889 2
890 1
891 1
892 2
893 3
894 1
895 1
896 2
897 1
898 2
899 0
900 2
901 3
902 0
903 1
904 1
905 2
906 0
907 1
908 1
909 1
910 0
911 2
912 2
913 0
914 0
915 0
916 1
917 1
918 1
919 1
920 1
921 2
922 2
923 1
924 0
925 0
926 1
927 1
928 1
929 1
930 0
931 1
932 1
933 1
934 1
935 1
936 1
937 0
938 0
939 1
940 1
941 1
942 0
943 1
944 1
945 0
946 1
947 1
948 1
949 1
950 2
951 1
952 2
953 2
954 2
955 0
956 2
957 2
958 0
959 1
960 1
961 2
962 1
963 1
964 1
965 0
966 0
967 0
968 0
969 1
970 0
971 0
972 0
973 1
974 1
975 1
976 1
977 0
978 0
979 0
980 1
981 0
982 0
983 0
984 1
985 0
986 1
987 1
988 1
989 1
990 2
991 2
992 1
993 1
994 0
995 2
996 1
997 1
998 3
999 2
1000 0
1001 1
1002 1
1003 2
1004 2
1005 2
1006 1
1007 1
1008 1
1009 1
1010 1
1011 2
1012 1
1013 1
1014 2
1015 0
1016 0
1017 0
1018 2
1019 1
1020 1
1021 1
1022 2
1023 2
1024 0
1025 1
1026 0
1027 1
1028 0
1029 1
1030 0
1031 1
1032 0
1033 0
1034 0
1035 1
1036 1
1037 1
1038 0
1039 0
1040 1
1041 1
1042 1
1043 1
1044 0
1045 0
1046 1
1047 0
1048 0
1049 0
1050 1
1051 0
1052 0
1053 0
1054 0
1055 0
1056 0
1057 0
1058 0
1059 1
1060 0
1061 0
1062 0
1063 0
1064 0
1065 1
1066 0
1067 1
1068 0
1069 0
1070 1
1071 1
1072 0
1073 1
1074 0
1075 1
1076 0
1077 0
1078 0
1079 0
1080 1
1081 0
1082 0
1083 0
1084 1
1085 0
1086 1
1087 1
1088 1
1089 1
1090 0
1091 1
1092 0
1093 0
1094 1
1095 0
1096 0
1097 0
1098 0
1099 0
1100 0
1101 0
1102 0
1103 1
1104 1
1105 1
1106 2
1107 3
1108 0
1109 1
1110 2
1111 1
1112 1
1113 2
1114 2
1115 1
1116 1
1117 1
1118 1
1119 1
1120 1
1121 0
1122 2
1123 0
1124 1
1125 1
1126 1
1127 1
1128 2
1129 2
1130 1
1131 2
1132 1
1133 2
1134 1
1135 2
1136 2
1137 0
1138 0
1139 2
1140 2
1141 2
1142 0
1143 1
1144 2
1145 2
1146 1
1147 2
1148 2
1149 2
1150 2
1151 1
1152 2
1153 1
1154 2
1155 1
1156 2
1157 1
1158 2
1159 1
1160 2
1161 2
1162 1
1163 0
1164 0
1165 1
1166 1
1167 2
1168 1
1169 2
1170 2
1171 0
1172 0
1173 1
1174 1
1175 1
1176 2
1177 2
1178 2
1179 1
1180 2
1181 1
1182 2
1183 2
1184 1
1185 0
1186 0
1187 2
1188 0
1189 0
1190 0
1191 2
1192 3
1193 1
1194 2
1195 1
1196 1
1197 2
1198 1
1199 1
1200 1
1201 1
1202 1
1203 2
1204 1
1205 2
1206 1
1207 1
1208 2
1209 2
1210 1
1211 2
1212 1
1213 1
1214 2
1215 3
1216 1
1217 2
1218 2
1219 2
1220 1
1221 0
1222 1
1223 2
1224 2
1225 2
1226 0
1227 2
1228 0
1229 1
1230 2
1231 1
1232 2
1233 0
1234 1
1235 0
1236 2
1237 2
1238 1
1239 2
1240 2
1241 1
1242 2
1243 2
1244 1
1245 1
1246 2
1247 2
1248 1
1249 2
1250 0
1251 2
1252 1
1253 3
1254 1
1255 2
1256 3
1257 1
1258 3
1259 2
1260 1
1261 0
1262 1
1263 1
1264 1
1265 1
1266 2
1267 1
1268 0
1269 1
1270 2
1271 1
1272 2
1273 1
1274 1
1275 2
1276 1
1277 1
1278 1
1279 2
1280 1
1281 1
1282 2
1283 1
1284 2
1285 2
1286 1
1287 1
1288 1
1289 0
1290 0
1291 1
1292 1
1293 1
1294 1
1295 1
1296 1
1297 1
1298 1
1299 3
1300 1
1301 2
1302 0
1303 2
1304 2
1305 1
1306 1
1307 2
1308 2
1309 1
1310 1
1311 2
1312 2
1313 2
1314 1
1315 2
1316 1
1317 2
1318 2
1319 2
1320 1
1321 1
1322 1
1323 0
1324 1
1325 1
1326 1
1327 1
1328 2
1329 1
1330 0
1331 2
1332 2
1333 2
1334 2
1335 1
1336 1
1337 1
1338 0
1339 2
1340 1
1341 2
1342 1
1343 0
1344 1
1345 2
1346 1
1347 1
1348 2
1349 2
1350 1
1351 0
1352 1
1353 2
1354 1
1355 2
1356 2
1357 0
1358 1
1359 0
1360 1
1361 1
1362 1
1363 1
1364 1
1365 2
1366 2
1367 1
1368 2
1369 2
1370 0
1371 1
1372 3
1373 1
1374 2
1375 1
1376 0
1377 1
1378 2
1379 0
1380 1
1381 1
1382 1
1383 2
1384 1
1385 2
1386 2
1387 1
1388 2
1389 2
1390 2
1391 0
1392 2
1393 1
1394 0
1395 2
1396 2
1397 1
1398 0
1399 1
1400 2
1401 2
1402 2
1403 2
1404 1
1405 1
1406 2
1407 1
1408 2
1409 2
1410 2
1411 2
1412 2
1413 2
1414 1
1415 2
1416 1
1417 1
1418 2
1419 2
1420 1
1421 1
1422 0
1423 0
1424 2
1425 1
1426 1
1427 1
1428 1
1429 1
1430 1
1431 1
1432 2
1433 3
1434 1
1435 2
1436 0
1437 0
1438 2
1439 1
1440 2
1441 2
1442 1
1443 2
1444 2
1445 1
1446 1
1447 0
1448 2
1449 1
1450 2
1451 2
1452 1
1453 1
1454 2
1455 1
1456 3
1457 1
1458 2
1459 0
1460 0
1461 1
1462 0
1463 0
1464 0
1465 0
1466 1
1467 0
1468 0
1469 0
1470 0
1471 0
1472 0
1473 0
1474 2
1475 1
1476 0
1477 0
1478 1
1479 0
1480 0
1481 0
1482 0
1483 0
1484 0
1485 0
1486 0
1487 0
1488 0
1489 0
1490 0
1491 0
1492 0
1493 0
1494 0
1495 0
1496 0
1497 1
1498 0
1499 0
1500 1
1501 0
1502 0
1503 0
1504 0
1505 0
1506 0
1507 0
1508 0
1509 1
1510 0
1511 0
1512 0
1513 0
1514 1
1515 0
1516 0
1517 0
1518 0
1519 0
1520 0
1521 0
1522 0
1523 1
1524 1
1525 2
1526 1
1527 1
1528 1
1529 2
1530 3
1531 1
1532 2
1533 0
1534 0
1535 1
1536 1
1537 1
1538 2
1539 2
1540 0
1541 2
1542 1
1543 1
1544 2
1545 2
1546 2
1547 1
1548 2
1549 2
1550 1
1551 2
1552 1
1553 2
1554 2
1555 1
1556 0
1557 1
1558 1
1559 0
1560 0
1561 1
1562 1
1563 1
1564 2
1565 1
1566 2
1567 1
1568 3
1569 1
1570 2
1571 1
1572 1
1573 1
1574 0
1575 1
1576 2
1577 0
1578 2
1579 0
1580 1
1581 1
1582 2
1583 2
1584 1
1585 2
1586 0
1587 1
1588 1
1589 2
1590 0
1591 2
1592 2
1593 0
1594 1
1595 1
1596 2
1597 2
1598 0
1599 3
1600 3
1601 2
1602 0
1603 1
1604 1
1605 1
1606 3
1607 2
1608 2
1609 1
1610 1
1611 1
1612 0
1613 0
1614 1
1615 2
1616 0
1617 1
1618 2
1619 2
1620 2
1621 0
1622 2
1623 2
1624 2
1625 1
1626 1
1627 2
1628 1
1629 1
1630 1
1631 1
1632 2
1633 1
1634 1
1635 2
1636 1
1637 1
1638 2
1639 2
1640 0
1641 2
1642 1
1643 0
1644 3
1645 2
1646 3
1647 1
1648 1
1649 1
1650 2
1651 0
1652 0
1653 2
1654 1
1655 2
1656 1
1657 0
1658 1
1659 2
1660 3
1661 1
1662 0
1663 2
1664 2
1665 2
1666 2
1667 1
1668 1
1669 2
1670 1
1671 2
1672 1
1673 1
1674 2
1675 1
1676 2
1677 3
1678 1
1679 1
1680 1
1681 3
1682 1
1683 3
1684 2
1685 3
1686 1
1687 2
1688 2
1689 2
1690 0
1691 1
1692 0
1693 0
1694 0
1695 1
1696 0
1697 1
1698 1
1699 2
1700 1
1701 1
1702 2
1703 2
1704 0
1705 1
1706 2
1707 1
1708 1
1709 1
1710 1
1711 1
1712 1
1713 0
1714 2
1715 1
1716 0
1717 1
1718 2
1719 2
1720 2
1721 2
1722 2
1723 1
1724 1
1725 1
1726 2
1727 0
1728 1
1729 2
1730 2
1731 1
1732 2
1733 1
1734 1
1735 1
1736 1
1737 2
1738 0
1739 1
1740 3
1741 1
1742 0
1743 1
1744 2
1745 1
1746 1
1747 0
1748 2
1749 1
1750 2
1751 1
1752 1
1753 2
1754 2
1755 1
1756 1
1757 1
1758 2
1759 3
1760 1
1761 1
1762 2
1763 2
1764 1
1765 2
1766 1
1767 1
1768 1
1769 2
1770 2
1771 1
1772 1
1773 1
1774 2
1775 0
1776 1
1777 1
1778 1
1779 1
1780 0
1781 0
1782 2
1783 2
1784 1
1785 1
1786 2
1787 3
1788 2
1789 0
1790 0
1791 0
1792 0
1793 1
1794 1
1795 1
1796 0
1797 1
1798 0
1799 1
1800 0
1801 1
1802 1
1803 0
1804 0
1805 1
1806 1
1807 1
1808 1
1809 0
1810 0
1811 0
1812 0
1813 0
1814 1
1815 0
1816 1
1817 1
1818 0
1819 0
1820 0
1821 0
1822 0
1823 0
1824 0
1825 0
1826 0
1827 0
1828 0
1829 0
1830 1
1831 0
1832 1
1833 2
1834 2
1835 2
1836 1
1837 2
1838 1
1839 1
1840 2
1841 0
1842 1
1843 2
1844 1
1845 2
1846 1
1847 2
1848 2
1849 2
1850 1
1851 2
1852 1
1853 2
1854 1
1855 0
1856 0
1857 0
1858 1
1859 0
1860 0
1861 1
1862 0
1863 0
1864 0
1865 0
1866 1
1867 0
1868 1
1869 1
1870 0
1871 0
1872 2
1873 0
1874 0
1875 0
1876 0
1877 1
1878 2
1879 1
1880 1
1881 2
1882 2
1883 0
1884 1
1885 1
1886 1
1887 1
1888 1
1889 1
1890 1
1891 0
1892 1
1893 2
1894 1
1895 3
1896 1
1897 1
1898 1
1899 1
1900 1
1901 0
1902 1
1903 0
1904 1
1905 0
1906 0
1907 1
1908 0
1909 0
1910 1
1911 0
1912 0
1913 0
1914 0
1915 0
1916 0
1917 1
1918 1
1919 0
1920 0
1921 1
1922 0
1923 0
1924 0
1925 2
1926 1
1927 1
1928 0
1929 0
1930 0
1931 0
1932 0
1933 1
1934 1
1935 0
1936 1
1937 1
1938 0
1939 2
1940 1
1941 1
1942 0
1943 1
1944 1
1945 0
1946 2
1947 1
1948 1
1949 1
1950 1
1951 0
1952 1
1953 0
1954 1
1955 0
1956 0
1957 1
1958 0
1959 0
1960 0
1961 1
1962 1
1963 2
1964 1
1965 2
1966 1
1967 3
1968 2
1969 1
1970 2
1971 0
1972 0
1973 0
1974 1
1975 2
1976 0
1977 2
1978 2
1979 1
1980 2
1981 0
1982 1
1983 1
1984 0
1985 0
1986 0
1987 1
1988 0
1989 1
1990 0
1991 0
1992 1
1993 0
1994 0
1995 0
1996 0
1997 1
1998 0
1999 0
2000 0
2001 0
2002 0
2003 0
2004 0
2005 0
2006 0
2007 1
2008 0
2009 0
2010 1
2011 0
2012 0
2013 1
2014 1
2015 0
2016 0
2017 1
2018 0
2019 0
2020 0
2021 0
2022 0
2023 1
2024 0
2025 0
2026 0
2027 1
2028 0
2029 0
2030 0
2031 1
2032 0
2033 1
2034 1
2035 0
2036 0
2037 1
2038 0
2039 0
2040 1
2041 0
2042 1
2043 1
2044 0
2045 0
2046 1
2047 1
2048 1
2049 1
2050 1
2051 1
2052 0
2053 0
2054 0
2055 0
2056 0
2057 1
2058 0
2059 0
2060 0
2061 1
2062 1
2063 2
2064 1
2065 0
2066 1
2067 0
2068 1
2069 0
2070 0
2071 1
2072 1
2073 0
2074 1
2075 0
2076 1
2077 0
2078 1
2079 1
2080 1
2081 0
2082 0
2083 0
2084 1
2085 1
2086 1
2087 0
2088 1
2089 1
2090 1
2091 1
2092 1
2093 0
2094 1
2095 0
2096 0
2097 0
2098 1
2099 0
2100 0
2101 0
2102 1
2103 0
2104 0
2105 1
2106 0
2107 0
2108 0
2109 0
2110 1
2111 0
2112 1
2113 1
2114 1
2115 1
2116 0
2117 1
2118 0
2119 2
2120 1
2121 0
2122 1
2123 1
2124 1
2125 0
2126 0
2127 1
2128 0
2129 1
2130 1
2131 1
2132 1
2133 1
2134 1
2135 0
2136 1
2137 0
2138 1
2139 1
2140 1
2141 2
2142 2
2143 2
2144 1
2145 1
2146 1
2147 2
2148 2
2149 3
2150 1
2151 1
2152 2
2153 1
2154 1
2155 0
2156 0
2157 2
2158 2
2159 1
2160 0
2161 0
2162 2
2163 2
2164 2
2165 2
2166 2
2167 1
2168 0
2169 2
2170 1
2171 1
2172 2
2173 2
2174 2
2175 1
2176 1
2177 2
2178 1
2179 2
2180 3
2181 1
2182 1
2183 1
2184 3
2185 1
2186 1
2187 1
2188 1
2189 3
2190 0
2191 2
2192 0
2193 2
2194 1
2195 1
2196 1
2197 1
2198 3
2199 1
2200 1
2201 1
2202 2
2203 3
2204 2
2205 2
2206 2
2207 1
2208 2
2209 0
2210 2
2211 2
2212 2
2213 2
2214 0
2215 1
2216 0
2217 2
2218 1
2219 1
2220 2
2221 2
2222 2
2223 1
2224 0
2225 1
2226 2
2227 1
2228 0
2229 2
2230 1
2231 1
2232 2
2233 1
2234 1
2235 2
2236 0
2237 2
2238 1
2239 0
2240 1
2241 1
2242 0
2243 0
2244 1
2245 1
2246 0
2247 1
2248 0
2249 1
2250 0
2251 0
2252 0
2253 0
2254 0
2255 0
2256 0
2257 0
2258 0
2259 1
2260 1
2261 0
2262 0
2263 1
2264 1
2265 1
2266 1
2267 0
2268 1
2269 1
2270 1
2271 0
2272 1
2273 0
2274 1
2275 0
2276 0
2277 1
2278 0
2279 1
2280 0
2281 0
2282 0
2283 1
2284 1
2285 1
2286 0
2287 0
2288 0
2289 0
2290 1
2291 2
2292 1
2293 1
2294 1
2295 1
2296 0
2297 0
2298 0
2299 0
2300 1
2301 1
2302 1
2303 0
2304 0
2305 1
2306 0
2307 0
2308 1
2309 1
2310 0
2311 0
2312 0
2313 0
2314 0
2315 0
2316 0
2317 0
2318 0
2319 1
2320 1
2321 0
2322 1
2323 0
2324 0
2325 0
2326 1
2327 1
2328 0
2329 0
2330 0
2331 0
2332 1
2333 0
2334 1
2335 0
2336 0
2337 0
2338 0
2339 0
2340 1
2341 0
2342 1
2343 1
2344 0
2345 1
2346 0
2347 0
2348 1
2349 1
2350 1
2351 0
2352 1
2353 1
2354 0
2355 1
2356 0
2357 1
2358 1
2359 1
2360 1
2361 1
2362 1
2363 2
2364 1
2365 2
2366 2
2367 1
2368 1
2369 2
2370 2
2371 1
2372 1
2373 1
2374 0
2375 0
2376 0
2377 0
2378 1
2379 0
2380 1
2381 2
2382 0
2383 0
2384 0
2385 0
2386 1
2387 1
2388 0
2389 0
2390 0
2391 1
2392 1
2393 0
2394 1
2395 0
2396 0
2397 1
2398 1
2399 1
2400 2
2401 1
2402 1
2403 2
2404 2
2405 1
2406 1
2407 1
2408 1
2409 2
2410 1
2411 2
2412 1
2413 1
2414 0
2415 2
2416 1
2417 1
2418 2
2419 2
2420 2
2421 1
2422 1
2423 2
2424 2
2425 1
2426 0
2427 1
2428 1
2429 0
2430 1
2431 1
2432 2
2433 2
2434 1
2435 1
2436 0
2437 1
2438 1
2439 1
2440 2
2441 0
2442 2
2443 2
2444 0
2445 1
2446 2
2447 2
2448 3
2449 0
2450 0
2451 1
2452 0
2453 1
2454 1
2455 2
2456 2
2457 0
2458 1
2459 2
2460 0
2461 2
2462 2
2463 1
2464 2
2465 0
2466 1
2467 0
2468 1
2469 1
2470 1
2471 0
2472 3
2473 2
2474 1
2475 2
2476 1
2477 1
2478 1
2479 1
2480 1
2481 1
2482 1
2483 1
2484 2
2485 1
2486 0
2487 2
2488 2
2489 1
2490 2
2491 1
2492 1
2493 1
2494 1
2495 2
2496 0
2497 1
2498 1
2499 2
2500 2
2501 1
2502 2
2503 1
2504 3
2505 2
2506 2
2507 1
2508 1
2509 0
2510 2
2511 2
2512 0
2513 1
2514 2
2515 2
2516 2
2517 2
2518 1
2519 1
2520 2
2521 3
2522 2
2523 2
2524 1
2525 2
2526 1
2527 1
2528 1
2529 1
2530 3
2531 1
2532 2
2533 2
2534 3
2535 0
2536 2
2537 1
2538 0
2539 1
2540 2
2541 2
2542 2
2543 0
2544 1
2545 2
2546 1
2547 1
2548 0
2549 0
2550 0
2551 1
2552 1
2553 0
2554 0
2555 0
2556 0
2557 1
2558 1
2559 0
2560 1
2561 0
2562 0
2563 0
2564 0
2565 0
2566 0
2567 0
2568 0
2569 0
2570 1
2571 1
2572 1
2573 0
2574 1
2575 0
2576 0
2577 0
2578 1
2579 1
2580 0
2581 0
2582 0
2583 0
2584 1
2585 1
2586 0
2587 0
2588 0
2589 0
2590 1
2591 2
2592 0
2593 0
2594 0
2595 0
2596 0
2597 1
2598 2
2599 2
2600 2
2601 1
2602 2
2603 1
2604 1
2605 1
2606 1
2607 1
2608 2
2609 1
2610 2
2611 2
2612 0
2613 2
2614 0
2615 2
2616 2
2617 2
2618 2
2619 2
2620 3
2621 1
2622 2
2623 3
2624 1
2625 2
2626 2
2627 1
2628 2
2629 1
2630 1
2631 1
2632 1
2633 2
2634 2
2635 1
2636 3
2637 0
2638 1
2639 1
2640 1
2641 1
2642 1
2643 2
2644 1
2645 1
2646 1
2647 1
2648 2
2649 3
2650 1
2651 2
2652 2
2653 0
2654 1
2655 1
2656 0
2657 2
2658 1
2659 1
2660 1
2661 0
2662 0
2663 1
2664 0
2665 0
2666 1
2667 0
2668 1
2669 1
2670 0
2671 0
2672 0
2673 2
2674 0
2675 0
2676 0
2677 0
2678 0
2679 0
2680 0
2681 0
2682 0
2683 1
2684 1
2685 0
2686 0
2687 0
2688 1
2689 0
2690 0
2691 0
2692 0
2693 0
2694 0
2695 0
2696 0
2697 0
2698 0
2699 0
2700 1
2701 0
2702 0
2703 0
2704 0
2705 0
2706 0
2707 0
2708 1
2709 0
2710 0
2711 0
2712 0
2713 0
2714 0
2715 0
2716 0
2717 0
2718 0
2719 0
2720 0
2721 0
2722 1
2723 0
2724 0
2725 0
2726 0
2727 0
2728 0
2729 1
2730 0
2731 1
2732 1
2733 1
2734 1
2735 0
2736 1
2737 0
2738 0
2739 0
2740 0
2741 0
2742 1
2743 0
2744 0
2745 0
2746 0
2747 0
2748 1
2749 2
2750 2
2751 2
2752 2
2753 1
2754 2
2755 0
2756 2
2757 0
2758 1
2759 0
2760 1
2761 1
2762 1
2763 0
2764 2
2765 1
2766 0
2767 2
2768 2
2769 1
2770 1
2771 1
2772 1
2773 1
2774 1
2775 1
2776 2
2777 0
2778 2
2779 0
2780 1
2781 1
2782 1
2783 2
2784 0
2785 2
2786 2
2787 2
2788 1
2789 1
2790 1
2791 2
2792 0
2793 2
2794 1
2795 1
2796 2
2797 1
2798 1
2799 2
2800 1
2801 1
2802 1
2803 0
2804 1
2805 1
2806 3
2807 2
2808 1
2809 0
2810 0
2811 0
2812 1
2813 0
2814 0
2815 0
2816 0
2817 0
2818 1
2819 1
2820 0
2821 1
2822 0
2823 1
2824 1
2825 1
2826 1
2827 1
2828 2
2829 1
2830 2
2831 1
2832 1
2833 1
2834 2
2835 1
2836 2
2837 1
2838 1
2839 1
2840 2
2841 0
2842 1
2843 0
2844 1
2845 0
2846 1
2847 1
2848 2
2849 1
2850 2
2851 1
2852 1
2853 1
2854 1
2855 2
2856 1
2857 1
2858 0
2859 2
2860 1
2861 1
2862 1
2863 1
2864 2
2865 1
2866 2
2867 2
2868 1
2869 1
2870 2
2871 2
2872 2
2873 2
2874 1
2875 1
2876 1
2877 2
2878 3
2879 1
2880 2
2881 2
2882 2
2883 2
2884 2
2885 1
2886 2
2887 1
2888 2
2889 1
2890 1
2891 1
2892 2
2893 2
2894 1
2895 2
2896 1
2897 1
2898 0
2899 2
2900 1
2901 1
2902 1
2903 2
2904 1
2905 1
2906 2
2907 2
2908 1
2909 1
2910 2
2911 1
2912 0
2913 2
2914 2
2915 1
2916 1
2917 1
2918 1
2919 2
2920 0
2921 2
2922 0
2923 1
2924 1
2925 2
2926 1
2927 2
2928 1
2929 1
2930 1
2931 2
2932 1
2933 0
2934 2
2935 1
2936 1
2937 1
2938 1
2939 3
2940 3
2941 2
2942 2
2943 2
2944 2
2945 2
2946 2
2947 1
2948 0
2949 0
2950 2
2951 0
2952 1
2953 1
2954 2
2955 1
2956 1
2957 0
2958 1
2959 1
2960 1
2961 1
2962 2
2963 2
2964 2
2965 2
2966 1
2967 2
2968 2
2969 1
2970 2
2971 0
2972 1
2973 1
2974 2
2975 0
2976 1
2977 2
2978 2
2979 1
2980 1
2981 0
2982 1
2983 0
2984 2
2985 2
2986 2
2987 2
2988 2
2989 1
2990 2
2991 1
2992 1
2993 1
2994 1
2995 1
2996 2
2997 1
2998 1
2999 0
3000 2
3001 3
3002 1
3003 2
3004 1
3005 1
3006 2
3007 0
3008 1
3009 1
3010 1
3011 1
3012 1
3013 2
3014 2
3015 0
3016 1
3017 1
3018 2
3019 2
3020 2
3021 2
3022 2
3023 0
3024 2
3025 1
3026 2
3027 0
3028 1
3029 2
3030 0
3031 0
3032 2
3033 0
3034 0
3035 1
3036 2
3037 1
3038 2
3039 2
3040 0
3041 2
3042 3
3043 0
3044 2
3045 2
3046 1
3047 0
3048 1
3049 1
3050 1
3051 1
3052 2
3053 1
3054 1
3055 1
3056 3
3057 2
3058 1
3059 1
3060 0
3061 2
3062 1
3063 2
3064 2
3065 1
3066 0
3067 1
3068 2
3069 2
3070 2
3071 2
3072 0
3073 0
3074 0
3075 0
3076 0
3077 1
3078 0
3079 0
3080 1
3081 1
3082 1
3083 0
3084 0
3085 0
3086 1
3087 1
3088 0
3089 1
3090 1
3091 0
3092 1
3093 0
3094 1
3095 1
3096 1
3097 1
3098 1
3099 0
3100 1
3101 1
3102 1
3103 1
3104 1
3105 0
3106 0
3107 0
3108 0
3109 0
3110 0
3111 0
3112 0
3113 0
3114 0
3115 1
3116 0
3117 0
3118 0
3119 0
3120 1
3121 0
3122 0
3123 1
3124 0
3125 0
3126 0
3127 0
3128 0
3129 0
3130 0
3131 0
3132 0
3133 0
3134 0
3135 0
3136 0
3137 0
3138 1
3139 2
3140 1
3141 2
3142 1
3143 1
3144 2
3145 2
3146 2
3147 2
3148 1
3149 0
3150 2
3151 1
3152 1
3153 0
3154 1
3155 2
3156 1
3157 2
3158 2
3159 3
3160 1
3161 1
3162 0
3163 1
3164 1
3165 1
3166 2
3167 2
3168 2
3169 0
3170 2
3171 2
3172 3
3173 1
3174 2
3175 2
3176 2
3177 0
3178 1
3179 2
3180 2
3181 1
3182 2
3183 1
3184 0
3185 2
3186 1
3187 1
3188 3
3189 2
3190 2
3191 2
3192 1
3193 2
3194 0
3195 2
3196 1
3197 0
3198 0
3199 2
3200 0
3201 2
3202 1
3203 1
3204 1
3205 2
3206 0
3207 2
3208 2
3209 1
3210 2
3211 0
3212 2
3213 1
3214 1
3215 2
3216 2
3217 1
3218 2
3219 1
3220 2
3221 2
3222 1
3223 1
3224 1
3225 2
3226 2
3227 1
3228 2
3229 1
3230 2
3231 1
3232 0
3233 1
3234 1
3235 0
3236 3
3237 1
3238 1
3239 2
3240 0
3241 1
3242 2
3243 2
3244 1
3245 1
3246 1
3247 2
3248 0
3249 0
3250 2
3251 0
3252 1
3253 2
3254 2
3255 2
3256 2
3257 2
3258 1
3259 1
3260 1
3261 0
3262 1
3263 1
3264 2
3265 2
3266 1
3267 1
3268 1
3269 2
3270 2
3271 0
3272 2
3273 2
3274 2
3275 2
3276 1
3277 1
3278 2
3279 1
3280 2
3281 2
3282 1
3283 2
3284 1
3285 0
3286 1
3287 1
3288 1
3289 2
3290 1
3291 2
3292 0
3293 2
3294 2
3295 2
3296 3
3297 1
3298 2
3299 1
3300 2
3301 2
3302 1
3303 1
3304 1
3305 0
3306 1
3307 2
3308 0
3309 2
3310 1
3311 0
3312 1
3313 1
3314 3
3315 2
3316 1
3317 0
3318 1
3319 0
3320 0
3321 1
3322 1
3323 0
3324 1
3325 0
3326 1
3327 0
3328 1
3329 1
3330 0
3331 0
3332 0
3333 0
3334 0
3335 1
3336 1
3337 1
3338 1
3339 0
3340 0
3341 0
3342 1
3343 0
3344 1
3345 0
3346 0
3347 0
3348 1
3349 1
3350 2
3351 1
3352 3
3353 2
3354 1
3355 2
3356 2
3357 1
3358 1
3359 1
3360 2
3361 2
3362 1
3363 2
3364 2
3365 2
3366 2
3367 1
3368 2
3369 2
3370 2
3371 1
3372 1
3373 2
3374 2
3375 1
3376 1
3377 2
3378 2
3379 2
3380 2
3381 1
3382 1
3383 1
3384 1
3385 2
3386 0
3387 2
3388 0
3389 1
3390 2
3391 1
3392 1
3393 1
3394 1
3395 3
3396 3
3397 1
3398 2
3399 1
3400 1
3401 1
3402 3
3403 1
3404 1
3405 1
3406 1
3407 0
3408 1
3409 0
3410 1
3411 2
3412 2
3413 1
3414 0
3415 2
3416 1
3417 1
3418 1
3419 1
3420 1
3421 0
3422 2
3423 1
3424 0
3425 1
3426 1
3427 1
3428 1
3429 1
3430 1
3431 2
3432 2
3433 1
3434 1
3435 1
3436 0
3437 3
3438 0
3439 1
3440 2
3441 0
3442 0
3443 1
3444 2
3445 1
3446 0
3447 2
3448 1
3449 1
3450 1
3451 2
3452 0
3453 0
3454 0
3455 1
3456 1
3457 2
3458 2
3459 1
3460 1
3461 1
3462 1
3463 1
3464 0
3465 1
3466 1
3467 0
3468 1
3469 2
3470 2
3471 2
3472 0
3473 2
3474 1
3475 1
3476 1
3477 2
3478 2
3479 2
3480 2
3481 2
3482 3
3483 2
3484 0
3485 1
3486 2
3487 2
3488 2
3489 2
3490 2
3491 0
3492 1
3493 1
3494 2
3495 1
3496 1
3497 2
3498 2
3499 2
3500 2
3501 2
3502 2
3503 1
3504 1
3505 1
3506 1
3507 1
3508 1
3509 2
3510 2
3511 0
3512 2
3513 0
3514 2
3515 1
3516 0
3517 2
3518 2
3519 0
3520 2
3521 2
3522 2
3523 1
3524 1
3525 2
3526 2
3527 1
3528 0
3529 1
3530 1
3531 2
3532 2
3533 3
3534 2
3535 2
3536 1
3537 1
3538 2
3539 1
3540 1
3541 1
3542 2
3543 0
3544 1
3545 2
3546 2
3547 2
3548 1
3549 0
3550 1
3551 1
3552 2
3553 2
3554 1
3555 3
3556 2
3557 1
3558 1
3559 1
3560 0
3561 2
3562 1
3563 2
3564 2
3565 1
3566 2
3567 1
3568 0
3569 0
3570 2
3571 2
3572 2
3573 1
3574 1
3575 1
3576 1
3577 1
3578 2
3579 0
3580 0
3581 0
3582 0
3583 0
3584 0
3585 0
3586 0
3587 0
3588 0
3589 0
3590 0
3591 0
3592 0
3593 0
3594 0
3595 0
3596 0
3597 0
3598 0
3599 0
3600 2
3601 0
3602 0
3603 0
3604 0
3605 1
3606 0
3607 0
3608 1
3609 0
3610 1
3611 0
3612 0
3613 0
3614 1
3615 0
3616 0
3617 0
3618 1
3619 0
3620 0
3621 0
3622 0
3623 0
3624 0
3625 0
3626 0
3627 0
3628 0
3629 2
3630 0
3631 1
3632 1
3633 0
3634 0
3635 0
3636 1
3637 1
3638 2
3639 2
3640 1
3641 2
3642 0
3643 2
3644 0
3645 1
3646 0
3647 1
3648 1
3649 2
3650 2
3651 1
3652 0
3653 1
3654 0
3655 0
3656 0
3657 1
3658 0
3659 0
3660 0
3661 0
3662 1
3663 0
3664 0
3665 0
3666 0
3667 0
3668 0
3669 0
3670 0
3671 0
3672 0
3673 0
3674 0
3675 1
3676 0
3677 0
3678 0
3679 0
3680 1
3681 0
3682 0
3683 0
3684 1
3685 0
3686 1
3687 0
3688 0
3689 0
3690 0
3691 0
3692 0
3693 1
3694 0
3695 1
3696 0
3697 0
3698 1
3699 0
3700 0
3701 0
3702 1
3703 0
3704 0
3705 1
3706 1
3707 0
3708 1
3709 0
3710 1
3711 0
3712 0
3713 0
3714 0
3715 0
3716 0
3717 1
3718 0
3719 0
3720 1
3721 0
3722 0
3723 0
3724 0
3725 0
3726 1
3727 0
3728 0
3729 0
3730 0
3731 0
3732 0
3733 0
3734 1
3735 0
3736 0
3737 0
3738 0
3739 1
3740 1
3741 0
3742 1
3743 0
3744 0
3745 0
3746 0
3747 1
3748 0
3749 0
3750 1
3751 1
3752 2
3753 1
3754 0
3755 2
3756 1
3757 2
3758 2
3759 2
3760 0
3761 1
3762 0
3763 1
3764 2
3765 0
3766 2
3767 0
3768 1
3769 2
3770 0
3771 1
3772 1
3773 2
3774 1
3775 2
3776 0
3777 1
3778 0
3779 2
3780 2
3781 1
3782 1
3783 1
3784 2
3785 2
3786 1
3787 0
3788 2
3789 2
3790 2
3791 1
3792 0
3793 1
3794 2
3795 2
3796 2
3797 2
3798 1
3799 1
3800 2
3801 1
3802 2
3803 2
3804 1
3805 1
3806 0
3807 1
3808 0
3809 2
3810 3
3811 1
3812 1
3813 1
3814 1
3815 1
3816 2
3817 1
3818 2
3819 2
3820 2
3821 2
3822 1
3823 2
3824 1
3825 1
3826 1
3827 1
3828 2
3829 1
3830 1
3831 1
3832 2
3833 0
3834 0
3835 1
3836 0
3837 1
3838 1
3839 3
3840 2
3841 2
3842 1
3843 1
3844 2
3845 1
3846 2
3847 1
3848 1
3849 3
3850 2
3851 2
3852 1
3853 0
3854 2
3855 1
3856 2
3857 1
3858 1
3859 1
3860 2
3861 1
3862 1
3863 1
3864 1
3865 2
3866 1
3867 1
3868 2
3869 2
3870 1
3871 1
3872 1
3873 1
3874 2
3875 2
3876 1
3877 2
3878 1
3879 1
3880 1
3881 0
3882 1
3883 2
3884 2
3885 2
3886 1
3887 1
3888 1
3889 0
3890 0
3891 0
3892 0
3893 0
3894 0
3895 1
3896 1
3897 1
3898 1
3899 0
3900 1
3901 0
3902 0
3903 0
3904 0
3905 0
3906 0
3907 0
3908 0
3909 0
3910 1
3911 1
3912 0
3913 0
3914 1
3915 0
3916 0
3917 1
3918 0
3919 0
3920 0
3921 0
3922 1
3923 0
3924 0
3925 0
3926 1
3927 0
3928 1
3929 2
3930 1
3931 0
3932 0
3933 0
3934 1
3935 1
3936 1
3937 0
3938 1
3939 0
3940 0
3941 1
3942 0
3943 1
3944 0
3945 1
3946 0
3947 0
3948 1
3949 0
3950 0
3951 1
3952 0
3953 0
3954 1
3955 1
3956 1
3957 0
3958 0
3959 1
3960 0
3961 0
3962 0
3963 1
3964 0
3965 0
3966 0
3967 0
3968 0
3969 0
3970 0
3971 0
3972 0
3973 1
3974 0
3975 1
3976 0
3977 0
3978 0
3979 0
3980 0
3981 1
3982 0
3983 0
3984 0
3985 0
3986 0
3987 0
3988 0
3989 0
3990 0
3991 0
3992 0
3993 1
3994 0
3995 0
3996 1
3997 0
3998 0
3999 1
4000 0
4001 0
4002 0
4003 0
4004 0
4005 0
4006 0
4007 0
4008 1
4009 1
4010 1
4011 2
4012 2
4013 1
4014 1
4015 0
4016 2
4017 1
4018 1
4019 2
4020 2
4021 1
4022 1
4023 2
4024 1
4025 0
4026 2
4027 1
4028 2
4029 1
4030 2
4031 2
4032 1
4033 2
4034 0
4035 1
4036 0
4037 1
4038 2
4039 1
4040 1
4041 0
4042 2
4043 0
4044 2
4045 0
4046 2
4047 2
4048 2
4049 3
4050 2
4051 2
4052 1
4053 0
4054 0
4055 1
4056 1
4057 2
4058 0
4059 2
4060 0
4061 1
4062 2
4063 0
4064 2
4065 1
4066 1
4067 2
4068 2
4069 2
4070 2
4071 1
4072 1
4073 1
4074 1
4075 2
4076 3
4077 2
4078 1
4079 1
4080 1
4081 2
4082 1
4083 1
4084 1
4085 0
4086 1
4087 1
4088 2
4089 1
4090 1
4091 2
4092 2
4093 2
4094 1
4095 1
4096 2
4097 0
4098 0
4099 0
4100 0
4101 0
4102 0
4103 0
4104 1
4105 1
4106 1
4107 1
4108 0
4109 0
4110 0
4111 0
4112 0
4113 0
4114 0
4115 1
4116 1
4117 1
4118 0
4119 1
4120 0
4121 0
4122 0
4123 0
4124 1
4125 0
4126 0
4127 1
4128 1
4129 1
4130 0
4131 0
4132 0
4133 0
4134 1
4135 0
4136 0
4137 1
4138 0
4139 0
4140 0
4141 0
4142 0
4143 0
4144 1
4145 0
4146 1
4147 0
4148 0
4149 0
4150 2
4151 2
4152 1
4153 1
4154 1
4155 1
4156 0
4157 0
4158 0
4159 1
4160 1
4161 0
4162 1
4163 1
4164 1
4165 0
4166 0
4167 1
4168 0
4169 0
4170 0
4171 0
4172 1
4173 1
4174 2
4175 2
4176 0
4177 1
4178 1
4179 1
4180 1
4181 1
4182 2
4183 1
4184 2
4185 2
4186 1
4187 3
4188 1
4189 1
4190 0
4191 2
4192 0
4193 1
4194 1
4195 1
4196 1
4197 1
4198 2
4199 0
4200 2
4201 2
4202 2
4203 2
4204 2
4205 1
4206 1
4207 1
4208 1
4209 1
4210 1
4211 1
4212 1
4213 1
4214 2
4215 1
4216 2
4217 1
4218 2
4219 2
4220 2
4221 2
4222 1
4223 2
4224 1
4225 2
4226 2
4227 1
4228 1
4229 0
4230 2
4231 2
4232 2
4233 1
4234 1
4235 1
4236 1
4237 1
4238 1
4239 2
4240 1
4241 2
4242 1
4243 0
4244 1
4245 0
4246 1
4247 2
4248 1
4249 1
4250 1
4251 1
4252 0
4253 2
4254 1
4255 2
4256 1
4257 2
4258 2
4259 1
4260 1
4261 1
4262 2
4263 2
4264 1
4265 0
4266 1
4267 2
4268 0
4269 2
4270 2
4271 2
4272 1
4273 2
4274 2
4275 0
4276 1
4277 2
4278 0
4279 2
4280 1
4281 1
4282 3
4283 2
4284 2
4285 2
4286 0
4287 1
4288 3
4289 1
4290 1
4291 1
4292 1
4293 2
4294 1
4295 2
4296 1
4297 1
4298 2
4299 1
4300 0
4301 1
4302 1
4303 1
4304 1
4305 2
4306 1
4307 0
4308 1
4309 2
4310 1
4311 1
4312 1
4313 2
4314 1
4315 1
4316 1
4317 2
4318 2
4319 2
4320 2
4321 0
4322 0
4323 1
4324 1
4325 2
4326 2
4327 1
4328 1
4329 1
4330 2
4331 3
4332 1
4333 2
4334 0
4335 1
4336 1
4337 1
4338 1
4339 1
4340 0
4341 2
4342 1
4343 3
4344 2
4345 2
4346 2
4347 2
4348 2
4349 1
4350 3
4351 2
4352 1
4353 2
4354 1
4355 2
4356 1
4357 1
4358 2
4359 2
4360 1
4361 2
4362 1
4363 2
4364 1
4365 2
4366 0
4367 1
4368 1
4369 1
4370 2
4371 1
4372 2
4373 0
4374 2
4375 1
4376 2
4377 2
4378 2
4379 2
4380 2
4381 1
4382 1
4383 0
4384 1
4385 1
4386 1
4387 3
4388 1
4389 3
4390 1
4391 0
4392 1
4393 0
4394 2
4395 1
4396 0
4397 2
4398 1
4399 1
4400 3
4401 2
4402 0
4403 0
4404 0
4405 0
4406 0
4407 0
4408 0
4409 0
4410 0
4411 0
4412 1
4413 2
4414 1
4415 2
4416 2
4417 1
4418 1
4419 2
4420 2
4421 1
4422 1
4423 1
4424 1
4425 1
4426 1
4427 1
4428 1
4429 1
4430 1
4431 1
4432 2
4433 2
4434 0
4435 1
4436 1
4437 0
4438 1
4439 0
4440 1
4441 2
4442 1
4443 2
4444 0
4445 0
4446 2
4447 0
4448 1
4449 1
4450 1
4451 3
4452 1
4453 1
4454 2
4455 2
4456 1
4457 2
4458 2
4459 3
4460 2
4461 1
4462 2
4463 2
4464 2
4465 3
4466 3
4467 2
4468 1
4469 2
4470 1
4471 1
4472 2
4473 0
4474 0
4475 1
4476 0
4477 1
4478 2
4479 2
4480 1
4481 2
4482 1
4483 0
4484 1
4485 2
4486 1
4487 1
4488 1
4489 2
4490 0
4491 1
4492 2
4493 2
4494 0
4495 2
4496 2
4497 1
4498 0
4499 2
4500 0
4501 1
4502 0
4503 2
4504 3
4505 1
4506 2
4507 2
4508 1
4509 0
4510 0
4511 1
4512 3
4513 2
4514 2
4515 2
4516 1
4517 2
4518 0
4519 0
4520 0
4521 1
4522 0
4523 1
4524 0
4525 0
4526 0
4527 0
4528 0
4529 0
4530 0
4531 0
4532 0
4533 1
4534 1
4535 0
4536 1
4537 0
4538 0
4539 0
4540 0
4541 0
4542 0
4543 0
4544 0
4545 0
4546 0
4547 0
4548 0
4549 0
4550 2
4551 0
4552 0
4553 0
4554 0
4555 0
4556 0
4557 1
4558 0
4559 1
4560 0
4561 0
4562 0
4563 0
4564 0
4565 0
4566 1
4567 0
4568 0
4569 1
4570 2
4571 1
4572 2
4573 2
4574 1
4575 2
4576 0
4577 0
4578 1
4579 1
4580 1
4581 1
4582 1
4583 2
4584 1
4585 2
4586 1
4587 2
4588 0
4589 1
4590 1
4591 2
4592 2
4593 1
4594 1
4595 2
4596 1
4597 1
4598 2
4599 2
4600 0
4601 0
4602 1
4603 0
4604 1
4605 0
4606 0
4607 0
4608 1
4609 0
4610 1
4611 0
4612 0
4613 0
4614 0
4615 0
4616 1
4617 0
4618 1
4619 1
4620 1
4621 0
4622 1
4623 0
4624 0
4625 0
4626 0
4627 0
4628 1
4629 1
4630 1
4631 0
4632 1
4633 1
4634 0
4635 1
4636 1
4637 0
4638 0
4639 0
4640 0
4641 1
4642 1
4643 0
4644 0
4645 1
4646 0
4647 0
4648 1
4649 1
4650 1
4651 0
4652 1
4653 1
4654 0
4655 0
4656 1
4657 0
4658 1
4659 1
4660 0
4661 0
4662 0
4663 0
4664 0
4665 0
4666 0
4667 1
4668 0
4669 0
4670 0
4671 0
4672 0
4673 0
4674 0
4675 1
4676 1
4677 0
4678 1
4679 0
4680 1
4681 0
4682 0
4683 1
4684 1
4685 0
4686 1
4687 1
4688 0
4689 0
4690 0
4691 1
4692 0
4693 0
4694 0
4695 0
4696 0
4697 0
4698 1
4699 0
4700 0
4701 1
4702 0
4703 0
4704 0
4705 0
4706 0
4707 0
4708 0
4709 2
4710 0
4711 0
4712 0
4713 1
4714 1
4715 0
4716 2
4717 0
4718 0
4719 0
4720 0
4721 1
4722 0
4723 0
4724 0
4725 0
4726 0
4727 0
4728 1
4729 0
4730 0
4731 0
4732 0
4733 0
4734 0
4735 0
4736 1
4737 0
4738 0
4739 1
4740 1
4741 1
4742 0
4743 0
4744 0
4745 0
4746 0
4747 0
4748 0
4749 0
4750 0
4751 0
4752 0
4753 1
4754 0
4755 1
4756 0
4757 0
4758 1
4759 0
4760 0
4761 0
4762 0
4763 0
4764 0
4765 0
4766 0
4767 0
4768 0
4769 0
4770 0
4771 0
4772 0
4773 0
4774 1
4775 1
4776 0
4777 0
4778 0
4779 0
4780 0
4781 1
4782 0
4783 2
4784 1
4785 2
4786 1
4787 1
4788 1
4789 1
4790 1
4791 1
4792 1
4793 2
4794 2
4795 1
4796 2
4797 1
4798 2
4799 1
4800 1
4801 0
4802 2
4803 1
4804 0
4805 1
4806 2
4807 1
4808 0
4809 0
4810 0
4811 1
4812 0
4813 1
4814 0
4815 1
4816 2
4817 1
4818 2
4819 1
4820 1
4821 0
4822 2
4823 2
4824 2
4825 3
4826 1
4827 2
4828 1
4829 1
4830 1
4831 1
4832 3
4833 1
4834 2
4835 2
4836 2
4837 1
4838 1
4839 1
4840 1
4841 2
4842 0
4843 0
4844 0
4845 2
4846 2
4847 1
4848 1
4849 1
4850 2
4851 2
4852 2
4853 1
4854 2
4855 2
4856 2
4857 1
4858 2
4859 1
4860 1
4861 0
4862 1
4863 1
4864 0
4865 1
4866 2
4867 0
4868 0
4869 0
4870 0
4871 0
4872 1
4873 0
4874 0
4875 0
4876 0
4877 1
4878 0
4879 0
4880 1
4881 0
4882 0
4883 1
4884 1
4885 1
4886 1
4887 1
4888 0
4889 1
4890 1
4891 1
4892 2
4893 1
4894 1
4895 0
4896 0
4897 0
4898 0
4899 0
4900 1
4901 1
4902 1
4903 0
4904 0
4905 0
4906 0
4907 1
4908 1
4909 2
4910 2
4911 2
4912 2
4913 2
4914 2
4915 2
4916 0
4917 0
4918 0
4919 0
4920 0
4921 0
4922 0
4923 1
4924 1
4925 2
4926 0
4927 2
4928 1
4929 0
4930 3
4931 0
4932 2
4933 2
4934 1
4935 2
4936 2
4937 2
4938 0
4939 2
4940 0
4941 1
4942 2
4943 1
4944 1
4945 1
4946 1
4947 1
4948 2
4949 2
4950 1
4951 2
4952 2
4953 1
4954 0
4955 1
4956 1
4957 2
4958 2
4959 2
4960 2
4961 1
4962 2
4963 1
4964 1
4965 1
4966 1
4967 0
4968 0
4969 1
4970 0
4971 1
4972 1
4973 0
4974 1
4975 1
4976 0
4977 0
4978 0
4979 1
4980 0
4981 0
4982 0
4983 0
4984 1
4985 0
4986 0
4987 0
4988 1
4989 0
4990 0
4991 0
4992 0
4993 1
4994 1
4995 0
4996 1
4997 0
4998 0
4999 0
5000 1
5001 1
5002 1
5003 1
5004 0
5005 1
5006 1
5007 0
5008 0
5009 1
5010 0
5011 1
5012 0
5013 1
5014 1
5015 0
5016 1
5017 1
5018 0
5019 1
5020 1
5021 0
5022 0
5023 1
5024 1
5025 1
5026 0
5027 0
5028 0
5029 1
5030 1
5031 0
5032 0
5033 0
5034 1
5035 0
5036 0
5037 1
5038 0
5039 0
5040 0
5041 1
5042 1
5043 1
5044 0
5045 1
5046 2
5047 1
5048 1
5049 2
5050 2
5051 1
5052 1
5053 1
5054 0
5055 0
5056 1
5057 0
5058 0
5059 0
5060 1
5061 0
5062 0
5063 0
5064 1
5065 1
5066 0
5067 1
5068 0
5069 1
5070 1
5071 0
5072 1
5073 0
5074 0
5075 1
5076 0
5077 0
5078 0
5079 0
5080 0
5081 0
5082 0
5083 0
5084 0
5085 1
5086 0
5087 0
5088 0
5089 2
5090 1
5091 0
5092 1
5093 1
5094 1
5095 0
5096 1
5097 1
5098 1
5099 1
5100 2
5101 1
5102 1
5103 2
5104 0
5105 3
5106 1
5107 0
5108 1
5109 3
5110 2
5111 2
5112 1
5113 2
5114 1
5115 0
5116 2
5117 2
5118 1
5119 2
5120 1
5121 1
5122 3
5123 0
5124 1
5125 2
5126 1
5127 2
5128 0
5129 2
5130 1
5131 1
5132 1
5133 0
5134 2
5135 2
5136 1
5137 2
5138 0
5139 2
5140 1
5141 2
5142 0
5143 2
5144 1
5145 2
5146 2
5147 1
5148 2
5149 0
5150 1
5151 2
5152 2
5153 2
5154 1
5155 0
5156 2
5157 0
5158 1
5159 1
5160 0
5161 1
5162 2
5163 0
5164 3
5165 1
5166 1
5167 2
5168 1
5169 1
5170 2
5171 2
5172 1
5173 1
5174 0
5175 1
5176 1
5177 2
5178 2
5179 1
5180 1
5181 1
5182 1
5183 1
5184 0
5185 2
5186 2
5187 2
5188 2
5189 1
5190 1
5191 1
5192 1
5193 1
5194 1
5195 1
5196 1
5197 2
5198 2
5199 2
5200 1
5201 1
5202 0
5203 1
5204 1
5205 1
5206 1
5207 2
5208 3
5209 1
5210 1
5211 2
5212 1
5213 2
5214 2
5215 1
5216 3
5217 2
5218 2
5219 1
5220 2
5221 1
5222 2
5223 0
5224 2
5225 2
5226 1
5227 2
5228 2
5229 1
5230 1
5231 1
5232 0
5233 1
5234 1
5235 2
5236 0
5237 1
5238 2
5239 0
5240 2
5241 1
5242 3
5243 1
5244 0
5245 0
5246 2
5247 2
5248 1
5249 2
5250 2
5251 1
5252 1
5253 2
5254 2
5255 1
5256 1
5257 3
5258 1
5259 2
5260 1
5261 1
5262 2
5263 1
5264 2
5265 0
5266 0
5267 1
5268 1
5269 1
5270 0
5271 1
5272 1
5273 0
5274 0
5275 1
5276 2
5277 2
5278 0
5279 1
5280 0
5281 3
5282 1
5283 1
5284 1
5285 1
5286 2
5287 0
5288 1
5289 1
5290 1
5291 2
5292 0
5293 1
5294 1
5295 1
5296 2
5297 2
5298 2
5299 1
5300 1
5301 1
5302 2
5303 1
5304 1
5305 1
5306 2
5307 0
5308 0
5309 2
5310 2
5311 1
5312 2
5313 2
5314 2
5315 2
5316 2
5317 1
5318 0
5319 1
5320 3
5321 1
5322 1
5323 0
5324 1
5325 2
5326 1
5327 2
5328 2
5329 2
5330 1
5331 0
5332 0
5333 1
5334 1
5335 2
5336 2
5337 1
5338 2
5339 2
5340 2
5341 1
5342 2
5343 2
5344 1
5345 2
5346 1
5347 2
5348 3
5349 0
5350 0
5351 2
5352 1
5353 1
5354 0
5355 0
5356 0
5357 0
5358 1
5359 1
5360 1
5361 2
5362 1
5363 1
5364 1
5365 1
5366 1
5367 2
5368 2
5369 2
5370 1
5371 1
5372 1
5373 2
5374 0
5375 1
5376 2
5377 1
5378 2
5379 2
5380 1
5381 1
5382 1
5383 1
5384 2
5385 1
5386 1
5387 1
5388 2
5389 1
5390 1
5391 2
5392 1
5393 1
5394 1
5395 0
5396 2
5397 0
5398 1
5399 0
5400 2
5401 0
5402 1
5403 3
5404 1
5405 2
5406 1
5407 2
5408 2
5409 1
5410 1
5411 0
5412 2
5413 3
5414 1
5415 1
5416 1
5417 2
5418 2
5419 0
5420 2
5421 1
5422 2
5423 3
5424 1
5425 1
5426 2
5427 1
5428 2
5429 0
5430 2
5431 2
5432 2
5433 0
5434 2
5435 2
5436 1
5437 2
5438 2
5439 2
5440 2
5441 0
5442 2
5443 2
5444 2
5445 1
5446 1
5447 2
5448 2
5449 1
5450 1
5451 1
5452 1
5453 1
5454 1
5455 2
5456 1
5457 3
5458 2
5459 1
5460 2
5461 0
5462 1
5463 0
5464 2
5465 2
5466 1
5467 2
5468 0
5469 1
5470 1
5471 2
5472 2
5473 1
5474 1
5475 1
5476 2
5477 0
5478 2
5479 1
5480 0
5481 0
5482 1
5483 0
5484 1
5485 0
5486 0
5487 1
5488 1
5489 0
5490 0
5491 0
5492 1
5493 0
5494 0
5495 0
5496 0
5497 0
5498 0
5499 0
5500 1
5501 1
5502 1
5503 1
5504 1
5505 1
5506 1
5507 2
5508 1
5509 1
5510 1
5511 1
5512 2
5513 1
5514 1
5515 3
5516 1
5517 2
5518 1
5519 2
5520 1
5521 0
5522 1
5523 1
5524 1
5525 2
5526 2
5527 1
5528 1
5529 3
5530 2
5531 2
5532 1
5533 1
5534 2
5535 0
5536 1
5537 2
5538 1
5539 2
5540 1
5541 2
5542 2
5543 0
5544 2
5545 2
5546 1
5547 1
5548 1
5549 1
5550 1
5551 2
5552 1
5553 1
5554 1
5555 1
5556 2
5557 2
5558 0
5559 2
5560 1
5561 1
5562 2
5563 2
5564 1
5565 1
5566 2
5567 3
5568 2
5569 1
5570 2
5571 2
5572 1
5573 1
5574 2
5575 1
5576 2
5577 1
5578 2
5579 2
5580 2
5581 1
5582 1
5583 1
5584 1
5585 1
5586 1
5587 2
5588 1
5589 1
5590 2
5591 2
5592 1
5593 2
5594 2
5595 2
5596 2
5597 2
5598 2
5599 1
5600 2
5601 1
5602 1
5603 1
5604 3
5605 1
5606 1
5607 2
5608 2
5609 1
5610 2
5611 1
5612 4
5613 2
5614 0
5615 2
5616 1
5617 0
5618 1
5619 1
5620 1
5621 1
5622 1
5623 2
5624 0
5625 0
5626 1
5627 2
5628 1
5629 1
5630 0
5631 1
5632 0
5633 1
5634 0
5635 1
5636 1
5637 1
5638 2
5639 1
5640 1
5641 1
5642 2
5643 2
5644 2
5645 1
5646 1
5647 1
5648 2
5649 2
5650 2
5651 2
5652 1
5653 2
5654 2
5655 1
5656 0
5657 1
5658 2
5659 1
5660 1
5661 1
5662 2
5663 1
5664 0
5665 2
5666 1
5667 3
5668 1
5669 2
5670 2
5671 1
5672 2
5673 1
5674 0
5675 0
5676 0
5677 0
5678 2
5679 1
5680 1
5681 1
5682 2
5683 1
5684 1
5685 2
5686 2
5687 0
5688 1
5689 2
5690 2
5691 2
5692 1
5693 2
5694 1
5695 0
5696 2
5697 2
5698 3
5699 2
5700 1
5701 2
5702 2
5703 3
5704 1
5705 1
5706 2
5707 2
5708 2
5709 2
5710 1
5711 1
5712 1
5713 1
5714 1
5715 1
5716 2
5717 1
5718 1
5719 1
5720 2
5721 0
5722 2
5723 1
5724 2
5725 0
5726 1
5727 2
5728 2
5729 1
5730 3
5731 0
5732 0
5733 1
5734 2
5735 1
5736 2
5737 2
5738 2
5739 2
5740 1
5741 2
5742 3
5743 2
5744 1
5745 2
5746 0
5747 2
5748 1
5749 2
5750 3
5751 1
5752 2
5753 1
5754 1
5755 1
5756 0
5757 1
5758 3
5759 0
5760 2
5761 1
5762 1
5763 2
5764 3
5765 1
5766 1
5767 2
5768 2
5769 2
5770 0
5771 1
5772 2
5773 1
5774 1
5775 2
5776 1
5777 0
5778 2
5779 1
5780 1
5781 1
5782 3
5783 2
5784 2
5785 1
5786 2
5787 2
5788 2
5789 3
5790 2
5791 2
5792 2
5793 1
5794 0
5795 2
5796 0
5797 1
5798 0
5799 2
5800 1
5801 2
5802 2
5803 2
5804 1
5805 2
5806 2
5807 1
5808 0
5809 2
5810 1
5811 1
5812 1
5813 2
5814 1
5815 2
5816 1
5817 0
5818 2
5819 2
5820 2
5821 2
5822 2
5823 1
5824 0
5825 2
5826 2
5827 2
5828 1
5829 0
5830 2
5831 1
5832 2
5833 2
5834 2
5835 2
5836 3
5837 2
5838 1
5839 3
5840 0
5841 2
5842 1
5843 1
5844 0
5845 2
5846 3
5847 1
5848 1
5849 2
5850 1
5851 2
5852 2
5853 1
5854 2
5855 1
5856 2
5857 2
5858 1
5859 2
5860 2
5861 2
5862 2
5863 1
5864 2
5865 2
5866 1
5867 1
5868 2
5869 2
5870 2
5871 3
5872 1
5873 0
5874 1
5875 1
5876 2
5877 1
5878 1
5879 1
5880 0
5881 2
5882 2
5883 1
5884 0
5885 2
5886 1
5887 2
5888 1
5889 1
5890 2
5891 0
5892 0
5893 1
5894 1
5895 1
5896 1
5897 1
5898 0
5899 2
5900 2
5901 1
5902 2
5903 1
5904 1
5905 1
5906 0
5907 0
5908 0
5909 0
5910 0
5911 1
5912 0
5913 1
5914 0
5915 0
5916 1
5917 1
5918 1
5919 0
5920 1
5921 1
5922 1
5923 1
5924 1
5925 0
5926 0
5927 1
5928 0
5929 1
5930 1
5931 1
5932 0
5933 0
5934 0
5935 0
5936 1
5937 1
5938 1
5939 1
5940 2
5941 0
5942 0
5943 1
5944 3
5945 2
5946 1
5947 2
5948 1
5949 1
5950 1
5951 2
5952 1
5953 1
5954 1
5955 2
5956 2
5957 1
5958 0
5959 1
5960 2
5961 1
5962 1
5963 1
5964 2
5965 1
5966 0
5967 2
5968 2
5969 2
5970 0
5971 1
5972 1
5973 2
5974 2
5975 1
5976 3
5977 0
5978 1
5979 2
5980 0
5981 1
5982 2
5983 0
5984 2
5985 2
5986 1
5987 2
5988 1
5989 2
5990 2
5991 1
5992 1
5993 2
5994 2
5995 1
5996 0
5997 0
5998 0
5999 0
6000 2
6001 1
6002 2
6003 2
6004 2
6005 1
6006 2
6007 2
6008 2
6009 1
6010 0
6011 0
6012 0
6013 1
6014 1
6015 1
6016 0
6017 0
6018 0
6019 0
6020 0
6021 0
6022 0
6023 0
6024 0
6025 0
6026 0
6027 0
6028 0
6029 0
6030 0
6031 0
6032 0
6033 0
6034 0
6035 1
6036 0
6037 0
6038 2
6039 2
6040 2
6041 1
6042 1
6043 2
6044 2
6045 2
6046 1
6047 1
6048 0
6049 0
6050 2
6051 1
6052 1
6053 0
6054 0
6055 2
6056 2
6057 0
6058 1
6059 0
6060 1
6061 0
6062 2
6063 2
6064 2
6065 1
6066 2
6067 0
6068 1
6069 2
6070 2
6071 1
6072 0
6073 0
6074 0
6075 0
6076 0
6077 0
6078 0
6079 0
6080 0
6081 0
6082 0
6083 0
6084 0
6085 0
6086 0
6087 0
6088 0
6089 0
6090 0
6091 0
6092 0
6093 0
6094 1
6095 0
6096 1
6097 0
6098 0
6099 0
6100 0
6101 0
6102 0
6103 0
6104 0
6105 0
6106 0
6107 0
6108 0
6109 1
6110 0
6111 1
6112 0
6113 0
6114 1
6115 0
6116 1
6117 1
6118 1
6119 1
6120 2
6121 1
6122 1
6123 1
6124 1
6125 2
6126 1
6127 2
6128 1
6129 1
6130 1
6131 1
6132 1
6133 1
6134 1
6135 2
6136 2
6137 2
6138 2
6139 0
6140 1
6141 2
6142 1
6143 2
6144 1
6145 1
6146 1
6147 0
6148 1
6149 1
6150 2
6151 3
6152 1
6153 0
6154 1
6155 0
6156 2
6157 2
6158 1
6159 2
6160 1
6161 2
6162 1
6163 2
6164 0
6165 2
6166 1
6167 1
6168 0
6169 0
6170 1
6171 2
6172 0
6173 1
6174 2
6175 1
6176 1
6177 1
6178 1
6179 2
6180 1
6181 2
6182 0
6183 1
6184 1
6185 2
6186 1
6187 1
6188 1
6189 1
6190 2
6191 1
6192 1
6193 1
6194 2
6195 0
6196 0
6197 1
6198 1
6199 2
6200 1
6201 1
6202 1
6203 1
6204 1
6205 3
6206 1
6207 1
6208 1
6209 1
6210 1
6211 0
6212 1
6213 1
6214 1
6215 1
6216 2
6217 0
6218 0
6219 2
6220 1
6221 3
6222 1
6223 1
6224 0
6225 2
6226 1
6227 2
6228 1
6229 2
6230 0
6231 2
6232 1
6233 1
6234 1
6235 1
6236 2
6237 2
6238 1
6239 2
6240 0
6241 2
6242 3
6243 1
6244 1
6245 1
6246 2
6247 1
6248 1
6249 1
6250 1
6251 0
6252 0
6253 0
6254 0
6255 1
6256 0
6257 0
6258 0
6259 0
6260 0
6261 0
6262 0
6263 0
6264 0
6265 0
6266 1
6267 1
6268 2
6269 1
6270 0
6271 2
6272 2
6273 3
6274 2
6275 1
6276 1
6277 2
6278 1
6279 2
6280 1
6281 2
6282 2
6283 1
6284 1
6285 1
6286 2
6287 2
6288 2
6289 1
6290 1
6291 2
6292 2
6293 1
6294 1
6295 2
6296 2
6297 2
6298 2
6299 2
6300 2
6301 1
6302 1
6303 2
6304 1
6305 1
6306 2
6307 2
6308 3
6309 2
6310 1
6311 1
6312 1
6313 2
6314 1
6315 0
6316 2
6317 2
6318 2
6319 1
6320 2
6321 1
6322 1
6323 1
6324 2
6325 1
6326 2
6327 1
6328 2
6329 2
6330 1
6331 2
6332 2
6333 2
6334 2
6335 1
6336 2
6337 2
6338 1
6339 2
6340 1
6341 1
6342 2
6343 0
6344 1
6345 0
6346 0
6347 2
6348 2
6349 2
6350 2
6351 1
6352 2
6353 3
6354 2
6355 0
6356 0
6357 1
6358 0
6359 1
6360 2
6361 1
6362 3
6363 2
6364 2
6365 2
6366 2
6367 2
6368 1
6369 2
6370 2
6371 2
6372 2
6373 2
6374 2
6375 1
6376 2
6377 2
6378 0
6379 1
6380 1
6381 3
6382 2
6383 2
6384 1
6385 0
6386 1
6387 2
6388 2
6389 1
6390 1
6391 1
6392 1
6393 1
6394 0
6395 1
6396 1
6397 1
6398 1
6399 2
6400 2
6401 0
6402 1
6403 0
6404 2
6405 1
6406 2
6407 1
6408 1
6409 2
6410 0
6411 2
6412 1
6413 1
6414 1
6415 1
6416 1
6417 2
6418 2
6419 2
6420 1
6421 2
6422 3
6423 2
6424 0
6425 1
6426 2
6427 2
6428 1
6429 1
6430 0
6431 1
6432 2
6433 1
6434 0
6435 0
6436 0
6437 2
6438 0
6439 1
6440 2
6441 3
6442 2
6443 1
6444 2
6445 2
6446 1
6447 2
6448 1
6449 1
6450 1
6451 0
6452 2
6453 1
6454 2
6455 2
6456 1
6457 1
6458 2
6459 1
6460 1
6461 1
6462 0
6463 1
6464 1
6465 1
6466 2
6467 2
6468 1
6469 2
6470 1
6471 2
6472 1
6473 1
6474 2
6475 2
6476 2
6477 0
6478 2
6479 2
6480 2
6481 0
6482 1
6483 0
6484 1
6485 1
6486 0
6487 2
6488 1
6489 1
6490 2
6491 0
6492 0
6493 0
6494 0
6495 0
6496 1
6497 0
6498 0
6499 1
6500 0
6501 1
6502 1
6503 1
6504 0
6505 0
6506 1
6507 0
6508 0
6509 0
6510 0
6511 1
6512 0
6513 1
6514 0
6515 0
6516 0
6517 0
6518 1
6519 0
6520 0
6521 0
6522 1
6523 0
6524 1
6525 1
6526 1
6527 0
6528 0
6529 0
6530 1
6531 0
6532 0
6533 0
6534 0
6535 1
6536 1
6537 0
6538 2
6539 0
6540 2
6541 1
6542 3
6543 1
6544 2
6545 2
6546 1
6547 1
6548 1
6549 1
6550 1
6551 2
6552 2
6553 2
6554 1
6555 1
6556 0
6557 2
6558 0
6559 1
6560 1
6561 1
6562 2
6563 1
6564 0
6565 1
6566 1
6567 2
6568 2
6569 1
6570 0
6571 1
6572 1
6573 1
6574 1
6575 1
6576 2
6577 1
6578 2
6579 2
6580 1
6581 1
6582 1
6583 1
6584 2
6585 1
6586 2
6587 2
6588 2
6589 2
6590 2
6591 1
6592 2
6593 2
6594 2
6595 0
6596 2
6597 1
6598 1
6599 1
6600 2
6601 2
6602 1
6603 2
6604 1
6605 1
6606 2
6607 1
6608 2
6609 1
6610 2
6611 0
6612 2
6613 1
6614 1
6615 0
6616 1
6617 1
6618 2
6619 2
6620 1
6621 2
6622 2
6623 2
6624 1
6625 0
6626 1
6627 1
6628 2
6629 0
6630 1
6631 1
6632 1
6633 1
6634 1
6635 2
6636 1
6637 2
6638 1
6639 1
6640 1
6641 1
6642 1
6643 2
6644 0
6645 0
6646 1
6647 1
6648 0
6649 0
6650 2
6651 1
6652 1
6653 1
6654 1
6655 0
6656 0
6657 0
6658 0
6659 1
6660 0
6661 0
6662 0
6663 0
6664 0
6665 1
6666 0
6667 1
6668 0
6669 0
6670 1
6671 0
6672 1
6673 0
6674 0
6675 0
6676 1
6677 0
6678 1
6679 0
6680 0
6681 0
6682 1
6683 0
6684 1
6685 2
6686 2
6687 3
6688 1
6689 2
6690 2
6691 2
6692 0
6693 1
6694 2
6695 1
6696 2
6697 2
6698 3
6699 0
6700 1
6701 0
6702 2
6703 0
6704 3
6705 2
6706 2
6707 1
6708 1
6709 0
6710 1
6711 1
6712 1
6713 2
6714 1
6715 1
6716 1
6717 1
6718 1
6719 1
6720 0
6721 2
6722 1
6723 2
6724 2
6725 2
6726 1
6727 1
6728 1
6729 2
6730 1
6731 1
6732 1
6733 2
6734 1
6735 2
6736 0
6737 1
6738 1
6739 0
6740 1
6741 1
6742 0
6743 2
6744 3
6745 1
6746 1
6747 1
6748 2
6749 2
6750 2
6751 0
6752 2
6753 1
6754 1
6755 2
6756 1
6757 2
6758 2
6759 1
6760 2
6761 1
6762 2
6763 2
6764 2
6765 1
6766 1
6767 0
6768 0
6769 0
6770 0
6771 0
6772 0
6773 0
6774 1
6775 0
6776 0
6777 0
6778 0
6779 0
6780 0
6781 1
6782 1
6783 0
6784 1
6785 1
6786 1
6787 1
6788 1
6789 0
6790 0
6791 2
6792 0
6793 1
6794 1
6795 2
6796 0
6797 1
6798 1
6799 2
6800 1
6801 1
6802 1
6803 1
6804 2
6805 2
6806 1
6807 1
6808 3
6809 1
6810 0
6811 0
6812 1
6813 1
6814 1
6815 1
6816 2
6817 1
6818 1
6819 1
6820 0
6821 0
6822 2
6823 0
6824 0
6825 1
6826 1
6827 1
6828 2
6829 2
6830 3
6831 2
6832 0
6833 1
6834 1
6835 0
6836 0
6837 0
6838 0
6839 0
6840 1
6841 0
6842 0
6843 1
6844 1
6845 0
6846 1
6847 1
6848 0
6849 1
6850 0
6851 0
6852 1
6853 0
6854 0
6855 0
6856 0
6857 0
6858 0
6859 0
6860 0
6861 1
6862 0
6863 0
6864 0
6865 0
6866 1
6867 0
6868 0
6869 0
6870 0
6871 0
6872 0
6873 1
6874 0
6875 0
6876 0
6877 1
6878 0
6879 1
6880 1
6881 1
6882 0
6883 1
6884 0
6885 0
6886 0
6887 1
6888 0
6889 0
6890 0
6891 0
6892 0
6893 0
6894 0
6895 0
6896 0
6897 2
6898 0
6899 1
6900 1
6901 0
6902 0
6903 1
6904 0
6905 1
6906 0
6907 0
6908 0
6909 0
6910 0
6911 0
6912 0
6913 1
6914 0
6915 0
6916 0
6917 1
6918 0
6919 1
6920 0
6921 0
6922 1
6923 1
6924 0
6925 0
6926 0
6927 0
6928 1
6929 0
6930 0
6931 0
6932 0
6933 0
6934 0
6935 0
6936 0
6937 1
6938 2
6939 1
6940 1
6941 0
6942 0
6943 0
6944 0
6945 0
6946 0
6947 0
6948 0
6949 0
6950 0
6951 0
6952 0
6953 0
6954 0
6955 1
6956 1
6957 0
6958 1
6959 0
6960 0
6961 1
6962 0
6963 1
6964 1
6965 0
6966 0
6967 0
6968 0
6969 0
6970 0
6971 1
6972 1
6973 1
6974 0
6975 0
6976 0
6977 0
6978 1
6979 0
6980 1
6981 1
6982 0
6983 0
6984 1
6985 0
6986 0
6987 0
6988 1
6989 0
6990 0
6991 0
6992 0
6993 1
6994 1
6995 1
6996 0
6997 0
6998 1
6999 1
7000 1
7001 0
7002 0
7003 0
7004 1
7005 0
7006 0
7007 1
7008 1
7009 1
7010 0
7011 0
7012 1
7013 0
7014 1
7015 1
7016 1
7017 1
7018 0
7019 0
7020 1
7021 2
7022 3
7023 3
7024 1
7025 2
7026 3
7027 1
7028 2
7029 1
7030 1
7031 2
7032 1
7033 0
7034 2
7035 2
7036 2
7037 1
7038 1
7039 1
7040 2
7041 1
7042 2
7043 2
7044 0
7045 2
7046 3
7047 1
7048 0
7049 1
7050 2
7051 1
7052 2
7053 2
7054 2
7055 2
7056 1
7057 2
7058 2
7059 2
7060 1
7061 1
7062 0
7063 2
7064 1
7065 2
7066 1
7067 3
7068 1
7069 2
7070 0
7071 2
7072 1
7073 2
7074 1
7075 1
7076 1
7077 1
7078 0
7079 1
7080 1
7081 1
7082 2
7083 2
7084 2
7085 1
7086 2
7087 2
7088 2
7089 2
7090 2
7091 1
7092 1
7093 2
7094 1
7095 1
7096 2
7097 1
7098 2
7099 1
7100 1
7101 0
7102 2
7103 1
7104 2
7105 1
7106 2
7107 2
7108 1
7109 2
7110 0
7111 2
7112 2
7113 0
7114 1
7115 1
7116 1
7117 2
7118 1
7119 1
7120 2
7121 1
7122 2
7123 0
7124 1
7125 3
7126 2
7127 1
7128 2
7129 0
7130 1
7131 0
7132 2
7133 1
7134 2
7135 2
7136 0
7137 0
7138 1
7139 2
7140 1
7141 1
7142 2
7143 0
7144 3
7145 2
7146 1
7147 0
7148 2
7149 1
7150 2
7151 2
7152 0
7153 1
7154 0
7155 2
7156 2
7157 2
7158 0
7159 2
7160 1
7161 2
7162 2
7163 1
7164 2
7165 2
7166 2
7167 1
7168 0
7169 1
7170 2
7171 2
7172 1
7173 0
7174 1
7175 0
7176 1
7177 2
7178 0
7179 0
7180 0
7181 1
7182 0
7183 2
7184 1
7185 0
7186 0
7187 2
7188 2
7189 2
7190 1
7191 0
7192 3
7193 1
7194 2
7195 2
7196 1
7197 1
7198 2
7199 2
7200 0
7201 2
7202 1
7203 1
7204 2
7205 1
7206 1
7207 2
7208 2
7209 2
7210 1
7211 1
7212 2
7213 2
7214 2
7215 2
7216 1
7217 2
7218 2
7219 1
7220 1
7221 2
7222 0
7223 1
7224 2
7225 1
7226 2
7227 0
7228 1
7229 1
7230 2
7231 2
7232 1
7233 1
7234 2
7235 2
7236 2
7237 2
7238 0
7239 1
7240 1
7241 1
7242 0
7243 1
7244 0
7245 2
7246 1
7247 1
7248 2
7249 1
7250 1
7251 1
7252 1
7253 2
7254 2
7255 2
7256 0
7257 1
7258 0
7259 1
7260 2
7261 1
7262 2
7263 3
7264 0
7265 1
7266 1
7267 2
7268 1
7269 1
7270 1
7271 1
7272 1
7273 1
7274 1
7275 2
7276 2
7277 2
7278 1
7279 0
7280 1
7281 1
7282 0
7283 1
7284 1
7285 2
7286 1
7287 2
7288 1
7289 1
7290 0
7291 0
7292 0
7293 1
7294 1
7295 1
7296 0
7297 0
7298 0
7299 0
7300 1
7301 1
7302 1
7303 1
7304 0
7305 0
7306 2
7307 1
7308 0
7309 1
7310 1
7311 1
7312 1
7313 1
7314 1
7315 1
7316 0
7317 1
7318 1
7319 0
7320 1
7321 0
7322 0
7323 0
7324 1
7325 0
7326 0
7327 0
7328 1
7329 0
7330 0
7331 0
7332 1
7333 1
7334 0
7335 0
7336 0
7337 1
7338 1
7339 2
7340 2
7341 0
7342 0
7343 1
7344 1
7345 0
7346 0
7347 0
7348 1
7349 0
7350 0
7351 1
7352 1
7353 1
7354 0
7355 0
7356 0
7357 0
7358 0
7359 0
7360 1
7361 0
7362 0
7363 0
7364 0
7365 0
7366 1
7367 0
7368 1
7369 1
7370 0
7371 0
7372 1
7373 1
7374 1
7375 0
7376 0
7377 0
7378 1
7379 0
7380 1
7381 0
7382 0
7383 0
7384 0
7385 0
7386 0
7387 0
7388 0
7389 0
7390 0
7391 0
7392 0
7393 0
7394 1
7395 0
7396 0
7397 0
7398 1
7399 0
7400 0
7401 1
7402 1
7403 0
7404 0
7405 0
7406 0
7407 1
7408 1
7409 0
7410 2
7411 1
7412 0
7413 1
7414 1
7415 2
7416 0
7417 3
7418 2
7419 2
7420 1
7421 2
7422 2
7423 1
7424 2
7425 1
7426 1
7427 1
7428 1
7429 1
7430 2
7431 0
7432 2
7433 2
7434 1
7435 1
7436 0
7437 0
7438 1
7439 0
7440 0
7441 0
7442 1
7443 1
7444 0
7445 1
7446 1
7447 0
7448 0
7449 0
7450 0
7451 0
7452 0
7453 0
7454 0
7455 0
7456 0
7457 0
7458 1
7459 0
7460 0
7461 0
7462 0
7463 0
7464 1
7465 1
7466 1
7467 1
7468 1
7469 1
7470 1
7471 1
7472 0
7473 0
7474 1
7475 1
7476 0
7477 1
7478 1
7479 0
7480 0
7481 1
7482 1
7483 0
7484 0
7485 0
7486 0
7487 1
7488 1
7489 1
7490 0
7491 1
7492 0
7493 0
7494 0
7495 1
7496 1
7497 0
7498 1
7499 0
7500 0
7501 1
7502 0
7503 1
7504 1
7505 3
7506 1
7507 1
7508 0
7509 0
7510 0
7511 0
7512 1
7513 0
7514 1
7515 0
7516 0
7517 0
7518 1
7519 1
7520 0
7521 0
7522 1
7523 1
7524 0
7525 0
7526 0
7527 0
7528 1
7529 1
7530 0
7531 1
7532 1
7533 0
7534 0
7535 1
7536 1
7537 1
7538 0
7539 1
7540 0
7541 1
7542 1
7543 1
7544 1
7545 1
7546 1
7547 2
7548 1
7549 0
7550 0
7551 0
7552 0
7553 0
7554 0
7555 0
7556 0
7557 0
7558 1
7559 0
7560 0
7561 0
7562 0
7563 0
7564 0
7565 0
7566 0
7567 0
7568 0
7569 1
7570 1
7571 1
7572 1
7573 1
7574 1
7575 0
7576 0
7577 0
7578 2
7579 1
7580 0
7581 0
7582 1
7583 2
7584 0
7585 0
7586 0
7587 2
7588 2
7589 1
7590 2
7591 3
7592 1
7593 3
7594 1
7595 2
7596 1
7597 1
7598 1
7599 2
7600 2
7601 1
7602 1
7603 1
7604 0
7605 1
7606 1
7607 2
7608 2
7609 1
7610 2
7611 1
7612 1
7613 2
7614 1
7615 0
7616 1
7617 1
7618 1
7619 1
7620 0
7621 0
7622 0
7623 0
7624 0
7625 0
7626 0
7627 1
7628 0
7629 1
7630 0
7631 1
7632 1
7633 0
7634 0
7635 0
7636 0
7637 0
7638 1
7639 1
7640 0
7641 1
7642 0
7643 0
7644 0
7645 0
7646 0
7647 0
7648 0
7649 0
7650 0
7651 0
7652 1
7653 1
7654 1
7655 1
7656 0
7657 0
7658 0
7659 0
7660 1
7661 0
7662 0
7663 0
7664 0
7665 1
7666 0
7667 1
7668 0
7669 0
7670 0
7671 0
7672 0
7673 1
7674 2
7675 1
7676 1
7677 0
7678 0
7679 1
7680 0
7681 0
7682 0
7683 1
7684 0
7685 1
7686 0
7687 0
7688 0
7689 0
7690 0
7691 1
7692 1
7693 0
7694 0
7695 0
7696 0
7697 0
7698 0
7699 0
7700 0
7701 1
7702 0
7703 0
7704 2
7705 1
7706 0
7707 0
7708 2
7709 3
7710 2
7711 2
7712 2
7713 1
7714 2
7715 1
7716 2
7717 2
7718 1
7719 1
7720 1
7721 1
7722 2
7723 2
7724 1
7725 2
7726 3
7727 2
7728 2
7729 2
7730 1
7731 2
7732 2
7733 2
7734 2
7735 2
7736 0
7737 0
7738 1
7739 2
7740 2
7741 1
7742 2
7743 1
7744 1
7745 0
7746 1
7747 1
7748 1
7749 1
7750 1
7751 2
7752 2
7753 2
7754 1
7755 1
7756 1
7757 1
7758 2
7759 0
7760 2
7761 1
7762 1
7763 1
7764 0
7765 1
7766 1
7767 2
7768 2
7769 2
7770 1
7771 1
7772 1
7773 2
7774 0
7775 0
7776 1
7777 1
7778 1
7779 1
7780 2
7781 1
7782 1
7783 1
7784 1
7785 2
7786 1
7787 1
7788 1
7789 3
7790 2
7791 2
7792 1
7793 2
7794 2
7795 0
7796 1
7797 1
7798 2
7799 2
7800 1
7801 2
7802 2
7803 1
7804 2
7805 1
7806 2
7807 1
7808 0
7809 3
7810 0
7811 0
7812 1
7813 2
7814 1
7815 1
7816 1
7817 2
7818 2
7819 2
7820 1
7821 1
7822 1
7823 1
7824 2
7825 3
7826 2
7827 1
7828 2
7829 2
7830 1
7831 1
7832 1
7833 2
7834 0
7835 1
7836 2
7837 0
7838 1
7839 1
7840 3
7841 2
7842 0
7843 1
7844 2
7845 2
7846 1
7847 2
7848 0
7849 1
7850 2
7851 2
7852 2
7853 2
7854 1
7855 1
7856 1
7857 1
7858 2
7859 2
7860 1
7861 2
7862 1
7863 1
7864 1
7865 1
7866 1
7867 1
7868 2
7869 2
7870 2
7871 1
7872 1
7873 0
7874 1
7875 0
7876 1
7877 0
7878 0
7879 1
7880 1
7881 2
7882 1
7883 2
7884 3
7885 2
7886 2
7887 1
7888 0
7889 1
7890 1
7891 0
7892 3
7893 1
7894 2
7895 2
7896 2
7897 2
7898 1
7899 2
7900 1
7901 2
7902 2
7903 2
7904 1
7905 2
7906 2
7907 2
7908 1
7909 2
7910 2
7911 2
7912 0
7913 1
7914 1
7915 1
7916 1
7917 1
7918 2
7919 2
7920 2
7921 1
7922 2
7923 1
7924 1
7925 2
7926 2
7927 1
7928 1
7929 1
7930 2
7931 1
7932 2
7933 1
7934 2
7935 0
7936 1
7937 1
7938 0
7939 1
7940 0
7941 0
7942 0
7943 2
7944 1
7945 1
7946 2
7947 0
7948 0
7949 2
7950 3
7951 2
7952 1
7953 3
7954 2
7955 2
7956 2
7957 1
7958 1
7959 0
7960 1
7961 1
7962 2
7963 2
7964 1
7965 1
7966 1
7967 2
7968 1
7969 1
7970 2
7971 2
7972 1
7973 1
7974 1
7975 0
7976 1
7977 1
7978 2
7979 0
7980 1
7981 2
7982 1
7983 0
7984 2
7985 2
7986 2
7987 1
7988 1
7989 1
7990 0
7991 1
7992 1
7993 2
7994 2
7995 0
7996 3
7997 2
7998 2
7999 2
8000 1
8001 2
8002 2
8003 2
8004 2
8005 2
8006 0
8007 1
8008 1
8009 1
8010 1
8011 1
8012 3
8013 0
8014 0
8015 0
8016 0
8017 0
8018 0
8019 0
8020 0
8021 0
8022 0
8023 0
8024 0
8025 0
8026 1
8027 1
8028 0
8029 0
8030 1
8031 2
8032 1
8033 1
8034 1
8035 0
8036 1
8037 0
8038 0
8039 1
8040 1
8041 1
8042 0
8043 1
8044 2
8045 2
8046 1
8047 0
8048 1
8049 0
8050 0
8051 1
8052 0
8053 0
8054 1
8055 0
8056 0
8057 0
8058 1
8059 0
8060 1
8061 1
8062 1
8063 1
8064 1
8065 2
8066 2
8067 2
8068 2
8069 2
8070 1
8071 1
8072 2
8073 0
8074 0
8075 2
8076 1
8077 1
8078 0
8079 1
8080 2
8081 1
8082 1
8083 2
8084 1
8085 3
8086 1
8087 3
8088 2
8089 0
8090 3
8091 2
8092 0
8093 2
8094 2
8095 1
8096 0
8097 2
8098 1
8099 1
8100 1
8101 1
8102 0
8103 1
8104 1
8105 1
8106 0
8107 1
8108 1
8109 2
8110 2
8111 0
8112 2
8113 0
8114 1
8115 2
8116 2
8117 1
8118 2
8119 2
8120 0
8121 2
8122 1
8123 1
8124 1
8125 1
8126 1
8127 1
8128 1
8129 2
8130 2
8131 1
8132 1
8133 1
8134 0
8135 1
8136 1
8137 2
8138 1
8139 1
8140 1
8141 1
8142 2
8143 1
8144 1
8145 1
8146 2
8147 0
8148 1
8149 1
8150 2
8151 0
8152 1
8153 0
8154 2
8155 2
8156 1
8157 1
8158 1
8159 2
8160 2
8161 2
8162 2
8163 2
8164 1
8165 1
8166 0
8167 2
8168 1
8169 0
8170 1
8171 1
8172 1
8173 1
8174 2
8175 1
8176 1
8177 0
8178 0
8179 0
8180 0
8181 0
8182 0
8183 0
8184 1
8185 2
8186 1
8187 1
8188 1
8189 1
8190 1
8191 0
8192 0
8193 1
8194 0
8195 0
8196 0
8197 0
8198 0
8199 0
8200 1
8201 0
8202 0
8203 0
8204 0
8205 0
8206 0
8207 0
8208 0
8209 0
8210 0
8211 0
8212 0
8213 0
8214 0
8215 0
8216 0
8217 0
8218 0
8219 0
8220 0
8221 0
8222 1
8223 0
8224 0
8225 1
8226 1
8227 1
8228 1
8229 2
8230 1
8231 0
8232 0
8233 1
8234 1
8235 1
8236 0
8237 1
8238 1
8239 1
8240 0
8241 1
8242 0
8243 0
8244 0
8245 0
8246 0
8247 0
8248 1
8249 1
8250 2
8251 1
8252 0
8253 0
8254 1
8255 0
8256 1
8257 0
8258 1
8259 0
8260 0
8261 0
8262 0
8263 0
8264 0
8265 0
8266 0
8267 0
8268 0
8269 0
8270 0
8271 0
8272 0
8273 0
8274 0
8275 0
8276 0
8277 0
8278 0
8279 0
8280 1
8281 2
8282 2
8283 2
8284 2
8285 2
8286 1
8287 1
8288 1
8289 1
8290 1
8291 1
8292 1
8293 2
8294 2
8295 1
8296 2
8297 1
8298 1
8299 2
8300 1
8301 1
8302 2
8303 2
8304 2
8305 2
8306 2
8307 1
8308 1
8309 1
8310 1
8311 1
8312 1
8313 1
8314 0
8315 0
8316 3
8317 1
8318 0
8319 3
8320 1
8321 1
8322 1
8323 1
8324 1
8325 2
8326 2
8327 2
8328 1
8329 3
8330 0
8331 1
8332 1
8333 1
8334 1
8335 2
8336 1
8337 0
8338 1
8339 2
8340 1
8341 1
8342 2
8343 2
8344 1
8345 2
8346 1
8347 2
8348 0
8349 1
8350 1
8351 1
8352 2
8353 1
8354 2
8355 2
8356 1
8357 2
8358 2
8359 1
8360 1
8361 1
8362 0
8363 1
8364 2
8365 2
8366 2
8367 1
8368 2
8369 1
8370 1
8371 2
8372 1
8373 0
8374 1
8375 2
8376 0
8377 2
8378 1
8379 1
8380 0
8381 1
8382 1
8383 1
8384 1
8385 2
8386 2
8387 1
8388 2
8389 2
8390 2
8391 1
8392 2
8393 1
8394 1
8395 1
8396 1
8397 1
8398 1
8399 2
8400 1
8401 1
8402 1
8403 2
8404 2
8405 1
8406 1
8407 1
8408 2
8409 2
8410 1
8411 2
8412 2
8413 1
8414 0
8415 2
8416 2
8417 0
8418 0
8419 2
8420 1
8421 2
8422 1
8423 2
8424 1
8425 1
8426 1
8427 1
8428 2
8429 1
8430 1
8431 2
8432 2
8433 2
8434 1
8435 1
8436 1
8437 2
8438 1
8439 2
8440 2
8441 0
8442 1
8443 2
8444 2
8445 2
8446 2
8447 1
8448 2
8449 1
8450 1
8451 1
8452 2
8453 1
8454 1
8455 0
8456 1
8457 2
8458 1
8459 0
8460 1
8461 1
8462 0
8463 0
8464 2
8465 1
8466 1
8467 0
8468 2
8469 1
8470 0
8471 1
8472 0
8473 1
8474 1
8475 2
8476 2
8477 1
8478 1
8479 1
8480 0
8481 0
8482 1
8483 0
8484 0
8485 0
8486 0
8487 2
8488 2
8489 1
8490 2
8491 1
8492 2
8493 2
8494 2
8495 1
8496 2
8497 1
8498 2
8499 0
8500 1
8501 2
8502 1
8503 1
8504 2
8505 2
8506 1
8507 1
8508 2
8509 1
8510 2
8511 1
8512 0
8513 2
8514 1
8515 2
8516 1
8517 1
8518 0
8519 0
8520 1
8521 2
8522 1
8523 2
8524 1
8525 2
8526 1
8527 1
8528 3
8529 1
8530 2
8531 2
8532 1
8533 3
8534 1
8535 1
8536 1
8537 1
8538 2
8539 0
8540 2
8541 2
8542 2
8543 1
8544 2
8545 2
8546 2
8547 2
8548 1
8549 1
8550 2
8551 2
8552 1
8553 3
8554 1
8555 1
8556 0
8557 2
8558 1
8559 2
8560 2
8561 1
8562 1
8563 3
8564 1
8565 1
8566 2
8567 1
8568 1
8569 2
8570 1
8571 2
8572 1
8573 1
8574 2
8575 2
8576 0
8577 3
8578 0
8579 2
8580 2
8581 2
8582 3
8583 0
8584 2
8585 1
8586 2
8587 2
8588 2
8589 1
8590 2
8591 2
8592 1
8593 1
8594 2
8595 0
8596 0
8597 3
8598 1
8599 1
8600 2
8601 2
8602 2
8603 2
8604 2
8605 1
8606 1
8607 2
8608 2
8609 1
8610 1
8611 2
8612 2
8613 2
8614 1
8615 2
8616 1
8617 2
8618 2
8619 1
8620 0
8621 1
8622 2
8623 2
8624 2
8625 1
8626 1
8627 0
8628 2
8629 1
8630 1
8631 0
8632 1
8633 0
8634 0
8635 1
8636 1
8637 1
8638 0
8639 0
8640 0
8641 0
8642 0
8643 0
8644 0
8645 0
8646 0
8647 0
8648 0
8649 0
8650 0
8651 0
8652 0
8653 1
8654 0
8655 0
8656 0
8657 0
8658 0
8659 0
8660 0
8661 0
8662 0
8663 0
8664 1
8665 0
8666 0
8667 0
8668 0
8669 0
8670 0
8671 0
8672 1
8673 0
8674 0
8675 1
8676 0
8677 0
8678 0
8679 0
8680 0
8681 0
8682 0
8683 0
8684 0
8685 1
8686 1
8687 0
8688 0
8689 1
8690 1
8691 3
8692 1
8693 1
8694 0
8695 1
8696 0
8697 3
8698 1
8699 1
8700 1
8701 2
8702 2
8703 2
8704 1
8705 1
8706 1
8707 2
8708 2
8709 2
8710 2
8711 2
8712 1
8713 2
8714 2
8715 2
8716 1
8717 1
8718 2
8719 2
8720 1
8721 2
8722 2
8723 2
8724 2
8725 1
8726 1
8727 2
8728 2
8729 1
8730 1
8731 1
8732 1
8733 2
8734 2
8735 2
8736 2
8737 0
8738 2
8739 1
8740 1
8741 1
8742 1
8743 2
8744 0
8745 1
8746 1
8747 2
8748 2
8749 1
8750 2
8751 1
8752 2
8753 1
8754 2
8755 1
8756 2
8757 0
8758 2
8759 1
8760 1
8761 2
8762 1
8763 2
8764 1
8765 2
8766 1
8767 2
8768 1
8769 0
8770 2
8771 1
8772 2
8773 1
8774 1
8775 2
8776 2
8777 2
8778 2
8779 0
8780 2
8781 1
8782 1
8783 2
8784 2
8785 2
8786 2
8787 1
8788 1
8789 2
8790 1
8791 2
8792 1
8793 1
8794 1
8795 1
8796 2
8797 2
8798 1
8799 1
8800 3
8801 2
8802 2
8803 1
8804 0
8805 2
8806 1
8807 1
8808 1
8809 1
8810 2
8811 0
8812 1
8813 0
8814 1
8815 1
8816 1
8817 2
8818 1
8819 2
8820 2
8821 2
8822 0
8823 1
8824 0
8825 2
8826 2
8827 1
8828 1
8829 2
8830 2
8831 2
8832 1
8833 1
8834 2
8835 1
8836 2
8837 0
8838 1
8839 1
8840 2
8841 2
8842 2
8843 2
8844 3
8845 1
8846 1
8847 1
8848 2
8849 1
8850 1
8851 0
8852 0
8853 2
8854 1
8855 1
8856 1
8857 0
8858 2
8859 0
8860 2
8861 2
8862 2
8863 1
8864 1
8865 2
8866 1
8867 2
8868 1
8869 1
8870 2
8871 2
8872 2
8873 1
8874 0
8875 1
8876 0
8877 1
8878 2
8879 1
8880 1
8881 1
8882 1
8883 1
8884 1
8885 2
8886 2
8887 0
8888 1
8889 1
8890 0
8891 0
8892 1
8893 2
8894 2
8895 2
8896 1
8897 1
8898 2
8899 1
8900 0
8901 2
8902 1
8903 1
8904 2
8905 2
8906 2
8907 1
8908 2
8909 0
8910 1
8911 1
8912 1
8913 1
8914 1
8915 1
8916 0
8917 1
8918 1
8919 1
8920 2
8921 2
8922 2
8923 2
8924 1
8925 2
8926 2
8927 1
8928 1
8929 0
8930 0
8931 1
8932 1
8933 0
8934 1
8935 2
8936 2
8937 1
8938 3
8939 1
8940 1
8941 1
8942 3
8943 2
8944 2
8945 1
8946 1
8947 2
8948 1
8949 0
8950 2
8951 1
8952 0
8953 1
8954 2
8955 0
8956 0
8957 0
8958 0
8959 0
8960 1
8961 2
8962 1
8963 0
8964 2
8965 1
8966 2
8967 2
8968 2
8969 0
8970 3
8971 0
8972 2
8973 1
8974 0
8975 1
8976 1
8977 0
8978 2
8979 2
8980 1
8981 2
8982 1
8983 1
8984 2
8985 1
8986 1
8987 1
8988 2
8989 1
8990 2
8991 2
8992 1
8993 2
8994 0
8995 2
8996 2
8997 2
8998 1
8999 1
9000 1
9001 2
9002 1
9003 0
9004 0
9005 2
9006 1
9007 1
9008 0
9009 0
9010 0
9011 0
9012 0
9013 0
9014 1
9015 1
9016 0
9017 1
9018 2
9019 1
9020 2
9021 1
9022 0
9023 0
9024 1
9025 1
9026 2
9027 3
9028 2
9029 2
9030 3
9031 1
9032 2
9033 2
9034 1
9035 2
9036 1
9037 2
9038 2
9039 1
9040 2
9041 2
9042 1
9043 2
9044 1
9045 1
9046 0
9047 1
9048 1
9049 0
9050 2
9051 2
9052 1
9053 0
9054 0
9055 0
9056 0
9057 0
9058 0
9059 0
9060 0
9061 1
9062 0
9063 0
9064 0
9065 1
9066 0
9067 2
9068 2
9069 2
9070 1
9071 1
9072 0
9073 2
9074 0
9075 2
9076 2
9077 1
9078 1
9079 0
9080 0
9081 1
9082 0
9083 1
9084 2
9085 1
9086 1
9087 1
9088 1
9089 1
9090 2
9091 2
9092 2
9093 0
9094 2
9095 1
9096 2
9097 2
9098 0
9099 1
9100 0
9101 2
9102 2
9103 1
9104 0
9105 2
9106 2
9107 1
9108 1
9109 2
9110 1
9111 2
9112 0
9113 1
9114 2
9115 2
9116 1
9117 0
9118 2
9119 2
9120 1
9121 1
9122 0
9123 1
9124 1
9125 2
9126 1
9127 2
9128 0
9129 2
9130 1
9131 0
9132 0
9133 1
9134 0
9135 1
9136 3
9137 2
9138 1
9139 2
9140 1
9141 1
9142 1
9143 0
9144 0
9145 1
9146 2
9147 1
9148 2
9149 1
9150 1
9151 2
9152 2
9153 1
9154 1
9155 1
9156 2
9157 2
9158 2
9159 1
9160 1
9161 1
9162 1
9163 1
9164 1
9165 2
9166 0
9167 2
9168 2
9169 2
9170 1
9171 0
9172 2
9173 1
9174 1
9175 0
9176 1
9177 0
9178 0
9179 1
9180 1
9181 1
9182 1
9183 1
9184 0
9185 1
9186 0
9187 1
9188 1
9189 1
9190 1
9191 0
9192 1
9193 0
9194 0
9195 0
9196 2
9197 3
9198 3
9199 1
9200 2
9201 2
9202 1
9203 1
9204 1
9205 1
9206 2
9207 2
9208 1
9209 1
9210 2
9211 2
9212 2
9213 2
9214 1
9215 1
9216 1
9217 1
9218 1
9219 2
9220 2
9221 2
9222 2
9223 1
9224 1
9225 1
9226 1
9227 1
9228 1
9229 2
9230 0
9231 1
9232 0
9233 2
9234 3
9235 1
9236 2
9237 2
9238 1
9239 2
9240 2
9241 1
9242 0
9243 1
9244 0
9245 0
9246 0
9247 1
9248 0
9249 0
9250 0
9251 0
9252 0
9253 1
9254 1
9255 0
9256 1
9257 0
9258 0
9259 1
9260 2
9261 1
9262 1
9263 2
9264 0
9265 0
9266 1
9267 0
9268 1
9269 1
9270 2
9271 1
9272 0
9273 0
9274 0
9275 1
9276 0
9277 1
9278 0
9279 0
9280 1
9281 0
9282 0
9283 1
9284 1
9285 1
9286 0
9287 1
9288 1
9289 1
9290 2
9291 1
9292 1
9293 2
9294 1
9295 2
9296 2
9297 2
9298 1
9299 0
9300 1
9301 1
9302 2
9303 0
9304 1
9305 2
9306 1
9307 2
9308 1
9309 1
9310 1
9311 0
9312 2
9313 0
9314 1
9315 1
9316 2
9317 0
9318 2
9319 1
9320 0
9321 1
9322 2
9323 2
9324 2
9325 2
9326 1
9327 2
9328 1
9329 1
9330 2
9331 2
9332 2
9333 1
9334 2
9335 2
9336 2
9337 2
9338 1
9339 2
9340 2
9341 1
9342 2
9343 2
9344 2
9345 2
9346 2
9347 1
9348 3
9349 1
9350 2
9351 1
9352 1
9353 2
9354 1
9355 1
9356 2
9357 2
9358 1
9359 1
9360 1
9361 0
9362 2
9363 1
9364 2
9365 3
9366 1
9367 1
9368 0
9369 1
9370 1
9371 2
9372 1
9373 1
9374 0
9375 1
9376 2
9377 1
9378 2
9379 2
9380 2
9381 1
9382 2
9383 1
9384 2
9385 2
9386 2
9387 2
9388 2
9389 0
9390 0
9391 2
9392 2
9393 1
9394 1
9395 2
9396 0
9397 0
9398 0
9399 2
9400 2
9401 2
9402 1
9403 1
9404 1
9405 1
9406 1
9407 2
9408 2
9409 2
9410 2
9411 2
9412 2
9413 1
9414 1
9415 2
9416 0
9417 3
9418 1
9419 2
9420 2
9421 2
9422 2
9423 2
9424 2
9425 2
9426 1
9427 2
9428 2
9429 2
9430 2
9431 1
9432 2
9433 2
9434 1
9435 1
9436 1
9437 2
9438 2
9439 3
9440 2
9441 1
9442 2
9443 0
9444 0
9445 1
9446 1
9447 2
9448 1
9449 1
9450 2
9451 1
9452 1
9453 2
9454 2
9455 1
9456 2
9457 1
9458 2
9459 0
9460 2
9461 1
9462 2
9463 3
9464 1
9465 2
9466 3
9467 2
9468 1
9469 2
9470 1
9471 0
9472 1
9473 1
9474 1
9475 1
9476 2
9477 2
9478 2
9479 2
9480 2
9481 2
9482 0
9483 1
9484 0
9485 2
9486 1
9487 2
9488 0
9489 3
9490 2
9491 1
9492 1
9493 1
9494 2
9495 1
9496 1
9497 1
9498 2
9499 1
9500 1
9501 0
9502 1
9503 0
9504 0
9505 0
9506 1
9507 0
9508 1
9509 1
9510 0
9511 2
9512 2
9513 2
9514 2
9515 1
9516 1
9517 1
9518 2
9519 1
9520 2
9521 1
9522 1
9523 2
9524 2
9525 1
9526 1
9527 2
9528 0
9529 2
9530 1
9531 2
9532 1
9533 1
9534 1
9535 2
9536 1
9537 0
9538 1
9539 0
9540 0
9541 3
9542 2
9543 1
9544 2
9545 2
9546 1
9547 1
9548 0
9549 2
9550 1
9551 0
9552 1
9553 0
9554 1
9555 1
9556 1
9557 2
9558 1
9559 1
9560 1
9561 1
9562 0
9563 1
9564 1
9565 0
9566 2
9567 1
9568 1
9569 2
9570 2
9571 2
9572 3
9573 1
9574 2
9575 3
9576 2
9577 1
9578 1
9579 1
9580 1
9581 2
9582 1
9583 2
9584 1
9585 1
9586 1
9587 1
9588 1
9589 2
9590 1
9591 1
9592 2
9593 1
9594 2
9595 3
9596 1
9597 2
9598 2
9599 1
9600 2
9601 2
9602 1
9603 0
9604 1
9605 2
9606 1
9607 3
9608 2
9609 1
9610 2
9611 2
9612 1
9613 1
9614 1
9615 0
9616 0
9617 0
9618 0
9619 0
9620 0
9621 0
9622 0
9623 0
9624 1
9625 0
9626 0
9627 0
9628 0
9629 0
9630 0
9631 0
9632 0
9633 1
9634 0
9635 1
9636 0
9637 0
9638 0
9639 0
9640 0
9641 1
9642 0
9643 0
9644 0
9645 0
9646 0
9647 0
9648 0
9649 0
9650 0
9651 1
9652 0
9653 0
9654 0
9655 0
9656 1
9657 0
9658 0
9659 0
9660 1
9661 1
9662 0
9663 0
9664 1
9665 0
9666 1
9667 1
9668 0
9669 1
9670 0
9671 0
9672 1
9673 0
9674 1
9675 0
9676 0
9677 0
9678 1
9679 0
9680 0
9681 0
9682 0
9683 1
9684 2
9685 0
9686 0
9687 0
9688 1
9689 0
9690 0
9691 0
9692 0
9693 0
9694 0
9695 0
9696 0
9697 0
9698 0
9699 0
9700 0
9701 0
9702 0
9703 0
9704 0
9705 1
9706 0
9707 0
9708 1
9709 0
9710 0
9711 0
9712 1
9713 0
9714 0
9715 0
9716 1
9717 1
9718 1
9719 0
9720 3
9721 2
9722 2
9723 0
9724 1
9725 1
9726 1
9727 1
9728 2
9729 2
9730 2
9731 1
9732 2
9733 2
9734 1
9735 2
9736 0
9737 2
9738 1
9739 2
9740 1
9741 1
9742 1
9743 1
9744 2
9745 1
9746 1
9747 3
9748 1
9749 1
9750 1
9751 2
9752 1
9753 1
9754 2
9755 1
9756 1
9757 0
9758 1
9759 1
9760 1
9761 0
9762 0
9763 0
9764 0
9765 0
9766 0
9767 0
9768 0
9769 0
9770 1
9771 0
9772 0
9773 0
9774 0
9775 1
9776 0
9777 1
9778 0
9779 0
9780 0
9781 1
9782 2
9783 2
9784 0
9785 0
9786 0
9787 0
9788 0
9789 0
9790 0
9791 0
9792 0
9793 0
9794 0
9795 0
9796 0
9797 0
9798 0
9799 0
9800 0
9801 0
9802 1
9803 0
9804 1
9805 1
9806 0
9807 2
9808 1
9809 2
9810 0
9811 1
9812 1
9813 2
9814 0
9815 1
9816 3
9817 2
9818 2
9819 2
9820 1
9821 2
9822 2
9823 2
9824 2
9825 0
9826 2
9827 1
9828 1
9829 2
9830 2
9831 1
9832 1
9833 1
9834 1
9835 1
9836 2
9837 1
9838 1
9839 0
9840 0
9841 0
9842 0
9843 0
9844 0
9845 1
9846 1
9847 1
9848 1
9849 1
9850 1
9851 1
9852 0
9853 2
9854 2
9855 1
9856 1
9857 1
9858 2
9859 2
9860 1
9861 3
9862 3
9863 2
9864 1
9865 1
9866 0
9867 0
9868 1
9869 0
9870 2
9871 0
9872 3
9873 1
9874 0
9875 2
9876 2
9877 2
9878 2
9879 2
9880 0
9881 0
9882 0
9883 1
9884 0
9885 0
9886 0
9887 0
9888 0
9889 0
9890 1
9891 0
9892 0
9893 0
9894 2
9895 0
9896 0
9897 0
9898 0
9899 0
9900 0
9901 1
9902 1
9903 1
9904 0
9905 0
9906 0
9907 0
9908 0
9909 0
9910 0
9911 0
9912 0
9913 0
9914 1
9915 0
9916 0
9917 0
9918 1
9919 1
9920 0
9921 1
9922 0
9923 0
9924 0
9925 0
9926 0
9927 0
9928 0
9929 0
9930 0
9931 1
9932 0
9933 1
9934 2
9935 0
9936 1
9937 2
9938 2
9939 2
9940 1
9941 0
9942 2
9943 2
9944 0
9945 2
9946 2
9947 2
9948 1
9949 2
9950 2
9951 1
9952 1
9953 3
9954 2
9955 1
9956 2
9957 1
9958 2
9959 1
9960 1
9961 1
9962 1
9963 1
9964 2
9965 2
9966 2
9967 2
9968 1
9969 1
9970 2
9971 2
9972 1
9973 0
9974 2
9975 1
9976 1
9977 1
9978 1
9979 2
9980 0
9981 0
9982 0
9983 0
9984 0
9985 1
9986 0
9987 0
9988 1
9989 2
9990 1
9991 1
9992 2
9993 2
9994 2
9995 1
9996 1
9997 2
9998 0
9999 0
10000 0
10001 0
