1 1
2 0
3 0
4 1
5 1
6 1
7 1
8 1
9 0
10 1
11 0
12 2
13 0
14 0
15 1
16 0
17 1
18 2
19 0
20 1
21 1
22 1
23 0
24 1
25 1
26 0
27 1
28 1
29 0
30 0
31 1
32 0
33 1
34 1
35 2
36 1
37 0
38 2
39 1
40 2
41 0
42 1
43 1
44 1
45 1
46 1
47 0
48 1
49 0
50 1
51 1
52 0
53 2
54 1
55 2
56 2
57 2
58 0
59 1
60 1
61 1
62 2
63 1
64 1
65 0
66 1
67 2
68 1
69 2
70 0
71 1
72 1
73 1
74 1
75 1
76 1
77 0
78 1
79 1
80 2
81 0
82 0
83 1
84 1
85 0
86 1
87 0
88 1
89 1
90 1
91 0
92 1
93 0
94 1
95 1
96 1
97 1
98 2
99 1
100 0
101 1
102 1
103 1
104 1
105 1
106 0
107 0
108 1
109 0
110 1
111 1
112 0
113 1
114 2
115 1
116 1
117 1
118 1
119 1
120 0
121 0
122 2
123 1
124 1
125 1
126 2
127 1
128 1
129 0
130 0
131 1
132 1
133 1
134 2
135 1
136 1
137 1
138 0
139 1
140 1
141 0
142 1
143 2
144 1
145 1
146 1
147 1
148 1
149 1
150 0
151 1
152 1
153 1
154 0
155 1
156 1
157 0
158 1
159 1
160 1
161 2
162 1
163 2
164 1
165 0
166 0
167 0
168 1
169 1
170 1
171 0
172 0
173 2
174 1
175 2
176 1
177 1
178 1
179 1
180 1
181 0
182 1
183 1
184 1
185 1
186 0
187 1
188 0
189 1
190 1
191 1
192 1
193 1
194 1
195 1
196 1
197 0
198 1
199 0
200 0
201 0
202 1
203 1
204 1
205 1
206 1
207 1
208 0
209 1
210 1
211 0
212 1
213 1
214 1
215 1
216 1
217 2
218 2
219 1
220 1
221 0
222 1
223 1
224 1
225 1
226 2
227 1
228 1
229 1
230 1
231 1
232 1
233 1
234 0
235 2
236 1
237 1
238 1
239 1
240 1
241 1
242 0
243 1
244 1
245 0
246 1
247 1
248 1
249 1
250 1
251 1
252 1
253 0
254 1
255 2
256 2
257 1
258 0
259 0
260 0
261 1
262 2
263 1
264 0
265 0
266 0
267 2
268 1
269 1
270 1
271 1
272 1
273 0
274 0
275 0
276 1
277 1
278 0
279 1
280 1
281 0
282 1
283 0
284 1
285 1
286 0
287 1
288 1
289 1
290 1
291 1
292 1
293 0
294 2
295 0
296 0
297 0
298 1
299 1
300 0
301 0
302 1
303 0
304 1
305 0
306 1
307 1
308 0
309 0
310 0
311 1
312 1
313 0
314 1
315 0
316 0
317 0
318 0
319 1
320 1
321 1
322 1
323 0
324 1
325 0
326 0
327 1
328 0
329 2
330 0
331 1
332 1
333 0
334 1
335 1
336 1
337 1
338 0
339 1
340 0
341 1
342 1
343 1
344 1
345 2
346 1
347 0
348 0
349 0
350 0
351 2
352 1
353 0
354 0
355 0
356 1
357 0
358 1
359 1
360 1
361 0
362 1
363 0
364 1
365 1
366 0
367 1
368 1
369 1
370 1
371 0
372 0
373 0
374 1
375 0
376 0
377 1
378 1
379 1
380 1
381 2
382 0
383 1
384 0
385 1
386 1
387 1
388 0
389 0
390 1
391 1
392 0
393 1
394 0
395 0
396 1
397 0
398 1
399 1
400 1
401 2
402 1
403 1
404 1
405 0
406 1
407 1
408 0
409 0
410 2
411 1
412 0
413 0
414 1
415 0
416 1
417 0
418 0
419 2
420 1
421 1
422 1
423 1
424 0
425 1
426 1
427 2
428 0
429 1
430 0
431 1
432 1
433 0
434 0
435 2
436 1
437 1
438 0
439 1
440 0
441 1
442 1
443 0
444 0
445 1
446 1
447 1
448 0
449 1
450 0
451 0
452 1
453 1
454 0
455 1
456 1
457 0
458 1
459 1
460 1
461 0
462 1
463 1
464 0
465 1
466 1
467 1
468 1
469 0
470 1
471 0
472 1
473 1
474 1
475 0
476 0
477 1
478 1
479 0
480 1
481 0
482 1
483 1
484 1
485 0
486 1
487 0
488 1
489 1
490 1
491 1
492 0
493 1
494 0
495 0
496 1
497 1
498 0
499 1
500 0
501 0
502 1
503 1
504 0
505 1
506 1
507 1
508 0
509 1
510 0
511 1
512 1
513 1
514 2
515 0
516 0
517 1
518 0
519 1
520 1
521 1
522 0
523 1
524 1
525 1
526 1
527 0
528 0
529 1
530 0
531 1
532 1
533 1
534 2
535 1
536 1
537 1
538 1
539 1
540 1
541 0
542 1
543 0
544 1
545 1
546 1
547 0
548 1
549 1
550 0
551 0
552 2
553 0
554 1
555 1
556 2
557 1
558 0
559 1
560 1
561 0
562 1
563 1
564 1
565 1
566 0
567 0
568 1
569 1
570 1
571 1
572 1
573 1
574 0
575 1
576 0
577 1
578 1
579 1
580 1
581 1
582 0
583 1
584 1
585 0
586 0
587 1
588 0
589 1
590 1
591 0
592 1
593 0
594 1
595 1
596 1
597 1
598 1
599 0
600 0
601 2
602 1
603 0
604 0
605 1
606 0
607 0
608 0
609 2
610 0
611 1
612 1
613 1
614 0
615 0
616 1
617 0
618 1
619 1
620 1
621 0
622 1
623 1
624 0
625 1
626 0
627 0
628 1
629 0
630 0
631 1
632 0
633 0
634 1
635 1
636 1
637 1
638 2
639 1
640 1
641 1
642 0
643 0
644 0
645 1
646 1
647 1
648 1
649 1
650 1
651 0
652 0
653 0
654 0
655 1
656 1
657 1
658 1
659 1
660 0
661 1
662 0
663 1
664 2
665 1
666 0
667 1
668 1
669 0
670 1
671 2
672 1
673 0
674 1
675 1
676 0
677 1
678 1
679 1
680 1
681 0
682 1
683 1
684 0
685 1
686 0
687 1
688 1
689 1
690 1
691 0
692 1
693 1
694 0
695 1
696 1
697 1
698 1
699 1
700 0
701 2
702 1
703 0
704 1
705 1
706 1
707 1
708 1
709 1
710 0
711 1
712 1
713 0
714 0
715 1
716 1
717 1
718 0
719 1
720 1
721 1
722 1
723 1
724 1
725 0
726 0
727 0
728 0
729 0
730 1
731 0
732 1
733 1
734 1
735 1
736 1
737 1
738 0
739 1
740 0
741 0
742 1
743 0
744 1
745 0
746 1
747 0
748 1
749 1
750 1
751 1
752 1
753 0
754 1
755 0
756 1
757 1
758 1
759 1
760 1
761 0
762 1
763 0
764 1
765 2
766 1
767 1
768 1
769 1
770 0
771 1
772 1
773 1
774 0
775 1
776 1
777 1
778 1
779 1
780 1
781 1
782 0
783 1
784 1
785 1
786 0
787 0
788 1
789 1
790 1
791 0
792 0
793 1
794 1
795 0
796 1
797 1
798 1
799 1
800 0
801 1
802 1
803 1
804 0
805 0
806 1
807 1
808 1
809 1
810 1
811 1
812 0
813 0
814 1
815 1
816 0
817 1
818 1
819 1
820 0
821 1
822 1
823 1
824 1
825 1
826 0
827 0
828 2
829 0
830 0
831 0
832 1
833 1
834 1
835 1
836 1
837 1
838 0
839 0
840 0
841 1
842 2
843 1
844 1
845 0
846 1
847 1
848 2
849 1
850 1
851 0
852 1
853 0
854 1
855 1
856 0
857 1
858 1
859 1
860 0
861 0
862 1
863 2
864 1
865 0
866 1
867 0
868 0
869 0
870 1
871 1
872 1
873 1
874 1
875 1
876 1
877 1
878 1
879 0
880 0
881 0
882 1
883 2
884 0
885 1
886 0
887 0
888 1
889 1
890 1
891 0
892 0
893 0
894 1
895 1
896 2
897 0
898 1
899 0
900 0
901 1
902 1
903 1
904 0
905 0
906 1
907 1
908 1
909 1
910 1
911 1
912 1
913 1
914 1
915 1
916 1
917 1
918 1
919 1
920 0
921 0
922 1
923 0
924 1
925 0
926 1
927 1
928 0
929 1
930 1
931 1
932 0
933 2
934 0
935 0
936 1
937 1
938 1
939 1
940 1
941 2
942 1
943 0
944 1
945 0
946 1
947 1
948 2
949 0
950 0
951 0
952 2
953 0
954 1
955 1
956 0
957 1
958 1
959 1
960 1
961 0
962 0
963 2
964 1
965 0
966 0
967 2
968 1
969 1
970 2
971 1
972 1
973 0
974 0
975 2
976 1
977 1
978 0
979 0
980 1
981 1
982 2
983 1
984 1
985 1
986 1
987 0
988 1
989 0
990 1
991 0
992 0
993 1
994 1
995 1
996 0
997 0
998 1
999 1
1000 2
1001 0
1002 0
1003 1
1004 0
1005 1
1006 0
1007 0
1008 1
1009 0
1010 1
1011 0
1012 0
1013 1
1014 0
1015 0
1016 1
1017 2
1018 1
1019 0
1020 0
1021 0
1022 1
1023 0
1024 1
1025 1
1026 0
1027 0
1028 1
1029 1
1030 2
1031 0
1032 1
1033 2
1034 1
1035 0
1036 1
1037 1
1038 1
1039 0
1040 0
1041 0
1042 0
1043 0
1044 2
1045 1
1046 0
1047 1
1048 1
1049 1
1050 0
1051 1
1052 1
1053 0
1054 1
1055 1
1056 0
1057 1
1058 1
1059 1
1060 0
1061 1
1062 0
1063 1
1064 1
1065 1
1066 0
1067 0
1068 1
1069 1
1070 0
1071 0
1072 1
1073 1
1074 2
1075 1
1076 0
1077 0
1078 1
1079 1
1080 0
1081 1
1082 0
1083 1
1084 1
1085 1
1086 1
1087 1
1088 1
1089 0
1090 0
1091 1
1092 1
1093 0
1094 1
1095 1
1096 1
1097 0
1098 1
1099 2
1100 0
1101 1
1102 1
1103 1
1104 1
1105 1
1106 2
1107 0
1108 2
1109 1
1110 2
1111 2
1112 1
1113 0
1114 1
1115 1
1116 1
1117 1
1118 1
1119 0
1120 1
1121 1
1122 1
1123 0
1124 0
1125 0
1126 1
1127 1
1128 1
1129 1
1130 2
1131 0
1132 1
1133 1
1134 1
1135 0
1136 1
1137 1
1138 1
1139 1
1140 0
1141 2
1142 1
1143 1
1144 0
1145 2
1146 1
1147 0
1148 1
1149 1
1150 0
1151 2
1152 0
1153 0
1154 1
1155 0
1156 0
1157 1
1158 0
1159 0
1160 1
1161 1
1162 0
1163 2
1164 1
1165 1
1166 0
1167 1
1168 1
1169 0
1170 0
1171 1
1172 2
1173 1
1174 1
1175 1
1176 0
1177 0
1178 1
1179 0
1180 1
1181 1
1182 1
1183 1
1184 1
1185 0
1186 1
1187 1
1188 1
1189 0
1190 2
1191 1
1192 0
1193 0
1194 1
1195 1
1196 0
1197 1
1198 1
1199 0
1200 0
1201 0
1202 1
1203 0
1204 0
1205 1
1206 1
1207 0
1208 1
1209 1
1210 1
1211 1
1212 1
1213 1
1214 0
1215 1
1216 1
1217 1
1218 0
1219 1
1220 1
1221 1
1222 0
1223 1
1224 1
1225 0
1226 0
1227 1
1228 0
1229 1
1230 1
1231 1
1232 1
1233 1
1234 1
1235 1
1236 0
1237 1
1238 1
1239 1
1240 1
1241 0
1242 0
1243 1
1244 0
1245 2
1246 1
1247 0
1248 1
1249 1
1250 1
1251 1
1252 0
1253 2
1254 0
1255 1
1256 0
1257 0
1258 1
1259 1
1260 0
1261 0
1262 0
1263 0
1264 0
1265 1
1266 0
1267 1
1268 1
1269 0
1270 1
1271 1
1272 1
1273 1
1274 1
1275 0
1276 0
1277 1
1278 0
1279 1
1280 1
1281 0
1282 0
1283 0
1284 1
1285 0
1286 1
1287 1
1288 1
1289 1
1290 0
1291 1
1292 1
1293 0
1294 0
1295 1
1296 0
1297 1
1298 0
1299 1
1300 1
1301 1
1302 0
1303 1
1304 1
1305 1
1306 2
1307 1
1308 1
1309 1
1310 2
1311 1
1312 0
1313 0
1314 0
1315 1
1316 1
1317 1
1318 1
1319 1
1320 0
1321 0
1322 0
1323 1
1324 1
1325 0
1326 0
1327 1
1328 1
1329 1
1330 0
1331 0
1332 1
1333 1
1334 1
1335 0
1336 1
1337 0
1338 0
1339 2
1340 0
1341 1
1342 1
1343 1
1344 1
1345 1
1346 1
1347 1
1348 1
1349 0
1350 1
1351 1
1352 1
1353 1
1354 2
1355 0
1356 0
1357 1
1358 1
1359 1
1360 0
1361 0
1362 0
1363 1
1364 1
1365 1
1366 1
1367 1
1368 0
1369 1
1370 0
1371 1
1372 1
1373 0
1374 0
1375 1
1376 1
1377 1
1378 1
1379 1
1380 0
1381 0
1382 1
1383 0
1384 0
1385 1
1386 0
1387 0
1388 1
1389 0
1390 1
1391 1
1392 1
1393 0
1394 0
1395 1
1396 1
1397 0
1398 1
1399 1
1400 1
1401 1
1402 2
1403 1
1404 1
1405 0
1406 0
1407 0
1408 1
1409 1
1410 2
1411 1
1412 1
1413 1
1414 0
1415 0
1416 1
1417 1
1418 1
1419 0
1420 1
1421 0
1422 1
1423 1
1424 1
1425 1
1426 0
1427 0
1428 1
1429 1
1430 1
1431 2
1432 0
1433 1
1434 0
1435 1
1436 1
1437 1
1438 0
1439 0
1440 1
1441 0
1442 0
1443 1
1444 1
1445 0
1446 0
1447 1
1448 1
1449 1
1450 1
1451 0
1452 1
1453 0
1454 2
1455 0
1456 0
1457 0
1458 1
1459 1
1460 1
1461 0
1462 1
1463 0
1464 1
1465 1
1466 1
1467 0
1468 1
1469 0
1470 1
1471 0
1472 0
1473 0
1474 1
1475 1
1476 1
1477 1
1478 0
1479 2
1480 1
1481 1
1482 1
1483 0
1484 1
1485 1
1486 0
1487 1
1488 2
1489 0
1490 0
1491 1
1492 0
1493 1
1494 1
1495 1
1496 0
1497 1
1498 0
1499 0
1500 0
1501 1
1502 1
1503 1
1504 1
1505 1
1506 1
1507 1
1508 1
1509 1
1510 1
1511 1
1512 1
1513 0
1514 1
1515 0
1516 1
1517 1
1518 0
1519 0
1520 1
1521 1
1522 1
1523 1
1524 1
1525 1
1526 1
1527 1
1528 1
1529 0
1530 1
1531 1
1532 0
1533 0
1534 1
1535 0
1536 0
1537 1
1538 1
1539 0
1540 1
1541 1
1542 1
1543 1
1544 0
1545 0
1546 2
1547 0
1548 0
1549 0
1550 0
1551 1
1552 0
1553 0
1554 0
1555 1
1556 1
1557 2
1558 1
1559 0
1560 1
1561 0
1562 1
1563 1
1564 1
1565 1
1566 0
1567 1
1568 2
1569 1
1570 0
1571 1
1572 1
1573 1
1574 1
1575 1
1576 1
1577 2
1578 1
1579 1
1580 1
1581 0
1582 1
1583 1
1584 0
1585 1
1586 1
1587 1
1588 1
1589 1
1590 0
1591 0
1592 1
1593 0
1594 0
1595 1
1596 0
1597 0
1598 1
1599 1
1600 1
1601 1
1602 0
1603 2
1604 2
1605 0
1606 1
1607 1
1608 0
1609 1
1610 0
1611 1
1612 0
1613 1
1614 1
1615 0
1616 1
1617 1
1618 0
1619 1
1620 1
1621 2
1622 0
1623 1
1624 0
1625 1
1626 0
1627 1
1628 1
1629 1
1630 1
1631 1
1632 0
1633 0
1634 0
1635 1
1636 1
1637 1
1638 0
1639 0
1640 0
1641 0
1642 1
1643 0
1644 0
1645 0
1646 0
1647 0
1648 1
1649 1
1650 2
1651 1
1652 1
1653 1
1654 1
1655 0
1656 0
1657 1
1658 1
1659 1
1660 1
1661 0
1662 0
1663 0
1664 0
1665 1
1666 1
1667 0
1668 1
1669 1
1670 1
1671 1
1672 1
1673 1
1674 0
1675 0
1676 0
1677 1
1678 0
1679 1
1680 2
1681 1
1682 1
1683 1
1684 2
1685 1
1686 0
1687 0
1688 1
1689 1
1690 0
1691 1
1692 1
1693 1
1694 1
1695 1
1696 1
1697 0
1698 0
1699 0
1700 1
1701 2
1702 2
1703 0
1704 1
1705 0
1706 1
1707 1
1708 1
1709 0
1710 1
1711 0
1712 0
1713 0
1714 0
1715 0
1716 0
1717 1
1718 0
1719 2
1720 0
1721 1
1722 1
1723 1
1724 0
1725 1
1726 0
1727 1
1728 1
1729 0
1730 1
1731 1
1732 0
1733 1
1734 1
1735 1
1736 1
1737 0
1738 1
1739 0
1740 1
1741 2
1742 1
1743 0
1744 0
1745 1
1746 1
1747 0
1748 1
1749 1
1750 1
1751 1
1752 0
1753 1
1754 2
1755 0
1756 0
1757 2
1758 1
1759 0
1760 0
1761 0
1762 1
1763 0
1764 1
1765 0
1766 0
1767 1
1768 1
1769 1
1770 1
1771 0
1772 1
1773 0
1774 1
1775 1
1776 0
1777 0
1778 0
1779 1
1780 0
1781 0
1782 1
1783 0
1784 1
1785 0
1786 1
1787 1
1788 1
1789 0
1790 0
1791 0
1792 0
1793 1
1794 1
1795 1
1796 1
1797 1
1798 0
1799 1
1800 2
1801 2
1802 1
1803 0
1804 1
1805 0
1806 0
1807 1
1808 0
1809 1
1810 2
1811 0
1812 0
1813 1
1814 1
1815 1
1816 1
1817 0
1818 2
1819 0
1820 1
1821 1
1822 2
1823 1
1824 1
1825 2
1826 0
1827 0
1828 1
1829 1
1830 1
1831 1
1832 1
1833 0
1834 2
1835 1
1836 0
1837 1
1838 0
1839 0
1840 1
1841 1
1842 0
1843 1
1844 0
1845 1
1846 0
1847 1
1848 0
1849 0
1850 1
1851 1
1852 1
1853 1
1854 2
1855 0
1856 0
1857 2
1858 0
1859 1
1860 1
1861 1
1862 1
1863 1
1864 1
1865 1
1866 1
1867 0
1868 1
1869 0
1870 0
1871 1
1872 1
1873 1
1874 1
1875 2
1876 1
1877 1
1878 1
1879 2
1880 1
1881 1
1882 0
1883 1
1884 1
1885 0
1886 1
1887 1
1888 1
1889 1
1890 1
1891 1
1892 1
1893 1
1894 1
1895 1
1896 1
1897 0
1898 0
1899 1
1900 1
1901 1
1902 1
1903 0
1904 1
1905 1
1906 1
1907 0
1908 0
1909 0
1910 1
1911 1
1912 1
1913 1
1914 1
1915 1
1916 0
1917 1
1918 1
1919 1
1920 0
1921 1
1922 0
1923 1
1924 1
1925 1
1926 0
1927 1
1928 1
1929 1
1930 0
1931 1
1932 0
1933 1
1934 0
1935 1
1936 1
1937 0
1938 1
1939 1
1940 0
1941 1
1942 0
1943 1
1944 1
1945 0
1946 1
1947 1
1948 2
1949 0
1950 1
1951 0
1952 1
1953 1
1954 0
1955 1
1956 1
1957 1
1958 2
1959 1
1960 1
1961 1
1962 1
1963 1
1964 1
1965 1
1966 1
1967 2
1968 0
1969 1
1970 1
1971 1
1972 0
1973 1
1974 0
1975 1
1976 1
1977 0
1978 1
1979 0
1980 1
1981 1
1982 1
1983 0
1984 1
1985 0
1986 2
1987 0
1988 0
1989 1
1990 1
1991 1
1992 1
1993 2
1994 0
1995 2
1996 1
1997 1
1998 0
1999 0
2000 1
2001 1
2002 1
2003 0
2004 0
2005 0
2006 1
2007 0
2008 1
2009 0
2010 1
2011 0
2012 0
2013 0
2014 0
2015 0
2016 1
2017 0
2018 0
2019 0
2020 0
2021 1
2022 0
2023 1
2024 1
2025 1
2026 0
2027 1
2028 0
2029 1
2030 1
2031 0
2032 1
2033 1
2034 1
2035 0
2036 1
2037 0
2038 0
2039 1
2040 1
2041 0
2042 1
2043 0
2044 1
2045 0
2046 1
2047 1
2048 0
2049 0
2050 1
2051 0
2052 1
2053 1
2054 2
2055 1
2056 1
2057 1
2058 1
2059 1
2060 1
2061 2
2062 0
2063 1
2064 1
2065 1
2066 1
2067 1
2068 1
2069 0
2070 0
2071 1
2072 1
2073 1
2074 1
2075 0
2076 0
2077 1
2078 1
2079 1
2080 0
2081 1
2082 0
2083 0
2084 1
2085 1
2086 1
2087 1
2088 0
2089 0
2090 0
2091 1
2092 1
2093 1
2094 2
2095 1
2096 1
2097 0
2098 1
2099 0
2100 2
2101 1
2102 0
2103 1
2104 0
2105 1
2106 1
2107 1
2108 1
2109 1
2110 1
2111 1
2112 1
2113 1
2114 1
2115 1
2116 1
2117 1
2118 1
2119 1
2120 1
2121 1
2122 1
2123 1
2124 1
2125 1
2126 1
2127 1
2128 1
2129 1
2130 1
2131 1
2132 1
2133 1
2134 0
2135 1
2136 1
2137 1
2138 1
2139 1
2140 1
2141 0
2142 1
2143 1
2144 1
2145 1
2146 0
2147 0
2148 1
2149 1
2150 1
2151 1
2152 1
2153 0
2154 2
2155 0
2156 1
2157 1
2158 1
2159 1
2160 1
2161 0
2162 2
2163 1
2164 1
2165 0
2166 0
2167 1
2168 0
2169 0
2170 1
2171 0
2172 2
2173 1
2174 1
2175 0
2176 1
2177 1
2178 1
2179 1
2180 1
2181 1
2182 1
2183 1
2184 1
2185 1
2186 1
2187 1
2188 1
2189 0
2190 1
2191 0
2192 1
2193 0
2194 1
2195 0
2196 1
2197 1
2198 1
2199 1
2200 2
2201 0
2202 1
2203 2
2204 0
2205 0
2206 0
2207 0
2208 1
2209 1
2210 1
2211 1
2212 0
2213 1
2214 0
2215 0
2216 0
2217 0
2218 0
2219 1
2220 0
2221 0
2222 0
2223 0
2224 1
2225 2
2226 1
2227 1
2228 1
2229 1
2230 0
2231 2
2232 0
2233 1
2234 1
2235 0
2236 0
2237 2
2238 1
2239 0
2240 0
2241 1
2242 1
2243 0
2244 1
2245 0
2246 0
2247 1
2248 1
2249 1
2250 0
2251 1
2252 0
2253 1
2254 1
2255 0
2256 2
2257 1
2258 0
2259 1
2260 1
2261 1
2262 2
2263 1
2264 0
2265 2
2266 1
2267 0
2268 1
2269 2
2270 1
2271 0
2272 1
2273 1
2274 1
2275 1
2276 2
2277 1
2278 2
2279 2
2280 1
2281 1
2282 1
2283 0
2284 0
2285 0
2286 1
2287 2
2288 0
2289 1
2290 1
2291 1
2292 0
2293 1
2294 1
2295 0
2296 1
2297 2
2298 1
2299 0
2300 0
2301 1
2302 0
2303 1
2304 1
2305 0
2306 1
2307 1
2308 0
2309 1
2310 2
2311 1
2312 1
2313 1
2314 2
2315 1
2316 1
2317 0
2318 1
2319 0
2320 0
2321 0
2322 1
2323 1
2324 0
2325 1
2326 0
2327 1
2328 1
2329 2
2330 0
2331 0
2332 0
2333 1
2334 0
2335 1
2336 1
2337 1
2338 1
2339 1
2340 1
2341 1
2342 1
2343 0
2344 1
2345 1
2346 0
2347 0
2348 1
2349 0
2350 0
2351 2
2352 1
2353 1
2354 1
2355 1
2356 1
2357 0
2358 1
2359 1
2360 0
2361 1
2362 0
2363 1
2364 1
2365 1
2366 2
2367 2
2368 1
2369 1
2370 1
2371 0
2372 1
2373 1
2374 1
2375 0
2376 0
2377 1
2378 1
2379 1
2380 1
2381 1
2382 1
2383 1
2384 1
2385 1
2386 0
2387 1
2388 1
2389 0
2390 1
2391 0
2392 0
2393 0
2394 1
2395 1
2396 2
2397 0
2398 1
2399 1
2400 1
2401 0
2402 1
2403 2
2404 0
2405 0
2406 0
2407 1
2408 1
2409 1
2410 0
2411 1
2412 0
2413 1
2414 0
2415 1
2416 1
2417 1
2418 1
2419 0
2420 0
2421 0
2422 0
2423 0
2424 1
2425 1
2426 1
2427 1
2428 0
2429 1
2430 0
2431 2
2432 1
2433 1
2434 1
2435 1
2436 1
2437 0
2438 1
2439 2
2440 1
2441 1
2442 0
2443 0
2444 0
2445 0
2446 0
2447 0
2448 0
2449 1
2450 0
2451 0
2452 1
2453 0
2454 1
2455 0
2456 1
2457 0
2458 0
2459 1
2460 0
2461 1
2462 0
2463 1
2464 0
2465 1
2466 1
2467 1
2468 1
2469 0
2470 1
2471 1
2472 0
2473 1
2474 1
2475 1
2476 0
2477 1
2478 0
2479 0
2480 1
2481 1
2482 0
2483 1
2484 1
2485 1
2486 0
2487 0
2488 0
2489 0
2490 1
2491 1
2492 0
2493 0
2494 0
2495 1
2496 1
2497 1
2498 1
2499 0
2500 0
2501 1
2502 0
2503 1
2504 1
2505 0
2506 1
2507 1
2508 0
2509 1
2510 0
2511 1
2512 1
2513 1
2514 1
2515 1
2516 0
2517 2
2518 1
2519 1
2520 0
2521 1
2522 1
2523 0
2524 1
2525 2
2526 0
2527 0
2528 1
2529 1
2530 1
2531 0
2532 1
2533 0
2534 0
2535 1
2536 1
2537 0
2538 0
2539 1
2540 1
2541 1
2542 1
2543 1
2544 1
2545 1
2546 2
2547 1
2548 1
2549 1
2550 0
2551 1
2552 1
2553 0
2554 1
2555 1
2556 1
2557 2
2558 1
2559 1
2560 0
2561 1
2562 0
2563 1
2564 0
2565 1
2566 1
2567 2
2568 1
2569 1
2570 1
2571 1
2572 1
2573 1
2574 0
2575 1
2576 0
2577 1
2578 1
2579 1
2580 1
2581 0
2582 0
2583 1
2584 2
2585 1
2586 1
2587 0
2588 1
2589 0
2590 1
2591 0
2592 1
2593 0
2594 0
2595 1
2596 1
2597 1
2598 1
2599 1
2600 0
2601 2
2602 1
2603 1
2604 0
2605 0
2606 2
2607 0
2608 0
2609 0
2610 0
2611 1
2612 1
2613 0
2614 0
2615 1
2616 1
2617 0
2618 0
2619 0
2620 0
2621 2
2622 0
2623 1
2624 0
2625 1
2626 0
2627 1
2628 0
2629 0
2630 1
2631 0
2632 0
2633 1
2634 0
2635 1
2636 1
2637 0
2638 1
2639 1
2640 1
2641 1
2642 1
2643 1
2644 0
2645 1
2646 2
2647 0
2648 2
2649 2
2650 1
2651 1
2652 1
2653 1
2654 2
2655 0
2656 2
2657 1
2658 0
2659 0
2660 1
2661 1
2662 1
2663 0
2664 0
2665 1
2666 0
2667 0
2668 0
2669 1
2670 1
2671 1
2672 1
2673 0
2674 1
2675 0
2676 0
2677 1
2678 1
2679 1
2680 0
2681 0
2682 0
2683 1
2684 1
2685 1
2686 1
2687 0
2688 1
2689 1
2690 1
2691 0
2692 0
2693 0
2694 0
2695 1
2696 1
2697 1
2698 1
2699 1
2700 0
2701 1
2702 1
2703 1
2704 1
2705 1
2706 1
2707 1
2708 0
2709 2
2710 1
2711 0
2712 1
2713 1
2714 1
2715 1
2716 2
2717 1
2718 0
2719 1
2720 1
2721 1
2722 0
2723 1
2724 1
2725 0
2726 1
2727 2
2728 1
2729 0
2730 1
2731 1
2732 1
2733 0
2734 0
2735 1
2736 0
2737 1
2738 1
2739 0
2740 0
2741 1
2742 1
2743 1
2744 1
2745 1
2746 1
2747 0
2748 1
2749 1
2750 1
2751 1
2752 0
2753 1
2754 0
2755 0
2756 0
2757 1
2758 0
2759 1
2760 1
2761 0
2762 1
2763 1
2764 2
2765 1
2766 1
2767 2
2768 0
2769 1
2770 0
2771 1
2772 1
2773 1
2774 1
2775 1
2776 0
2777 1
2778 0
2779 1
2780 0
2781 1
2782 1
2783 1
2784 0
2785 1
2786 0
2787 0
2788 0
2789 0
2790 1
2791 1
2792 1
2793 0
2794 1
2795 1
2796 1
2797 0
2798 0
2799 1
2800 0
2801 2
2802 1
2803 1
2804 1
2805 1
2806 1
2807 1
2808 1
2809 1
2810 0
2811 0
2812 0
2813 1
2814 1
2815 1
2816 1
2817 0
2818 0
2819 0
2820 0
2821 1
2822 1
2823 1
2824 1
2825 1
2826 0
2827 1
2828 0
2829 1
2830 0
2831 1
2832 1
2833 0
2834 0
2835 1
2836 1
2837 0
2838 0
2839 1
2840 0
2841 1
2842 0
2843 1
2844 0
2845 0
2846 0
2847 1
2848 0
2849 1
2850 1
2851 1
2852 1
2853 0
2854 1
2855 1
2856 1
2857 0
2858 0
2859 2
2860 0
2861 1
2862 1
2863 1
2864 1
2865 1
2866 0
2867 1
2868 1
2869 1
2870 1
2871 1
2872 0
2873 1
2874 0
2875 1
2876 0
2877 0
2878 1
2879 0
2880 1
2881 0
2882 1
2883 1
2884 1
2885 1
2886 0
2887 0
2888 0
2889 0
2890 1
2891 1
2892 1
2893 1
2894 1
2895 0
2896 0
2897 1
2898 1
2899 1
2900 1
2901 0
2902 0
2903 1
2904 0
2905 1
2906 2
2907 0
2908 1
2909 1
2910 0
2911 1
2912 0
2913 0
2914 1
2915 1
2916 1
2917 1
2918 1
2919 1
2920 1
2921 1
2922 0
2923 0
2924 1
2925 1
2926 2
2927 1
2928 1
2929 1
2930 1
2931 1
2932 0
2933 0
2934 1
2935 0
2936 0
2937 1
2938 1
2939 1
2940 1
2941 1
2942 1
2943 1
2944 1
2945 0
2946 1
2947 0
2948 1
2949 1
2950 1
2951 1
2952 0
2953 1
2954 1
2955 1
2956 1
2957 1
2958 0
2959 1
2960 1
2961 1
2962 1
2963 2
2964 1
2965 1
2966 1
2967 0
2968 1
2969 0
2970 1
2971 1
2972 0
2973 1
2974 1
2975 1
2976 0
2977 2
2978 1
2979 1
2980 0
2981 0
2982 0
2983 1
2984 0
2985 1
2986 0
2987 1
2988 0
2989 1
2990 1
2991 1
2992 0
2993 0
2994 1
2995 0
2996 1
2997 1
2998 0
2999 1
3000 2
3001 0
3002 1
3003 1
3004 1
3005 0
3006 0
3007 1
3008 1
3009 0
3010 1
3011 0
3012 1
3013 1
3014 1
3015 0
3016 1
3017 2
3018 1
3019 1
3020 1
3021 2
3022 1
3023 0
3024 1
3025 0
3026 1
3027 0
3028 0
3029 1
3030 1
3031 1
3032 1
3033 1
3034 2
3035 0
3036 0
3037 2
3038 1
3039 1
3040 1
3041 0
3042 1
3043 1
3044 0
3045 0
3046 0
3047 0
3048 0
3049 0
3050 1
3051 0
3052 2
3053 1
3054 2
3055 1
3056 2
3057 0
3058 0
3059 0
3060 1
3061 2
3062 1
3063 0
3064 1
3065 1
3066 1
3067 1
3068 0
3069 1
3070 0
3071 1
3072 0
3073 1
3074 1
3075 1
3076 0
3077 1
3078 1
3079 1
3080 2
3081 1
3082 1
3083 1
3084 1
3085 1
3086 1
3087 1
3088 1
3089 1
3090 1
3091 0
3092 0
3093 0
3094 2
3095 1
3096 0
3097 0
3098 0
3099 0
3100 1
3101 1
3102 1
3103 0
3104 1
3105 1
3106 1
3107 0
3108 1
3109 1
3110 1
3111 1
3112 0
3113 1
3114 0
3115 2
3116 1
3117 1
3118 0
3119 0
3120 0
3121 0
3122 1
3123 1
3124 0
3125 1
3126 2
3127 1
3128 0
3129 1
3130 1
3131 0
3132 0
3133 0
3134 0
3135 2
3136 0
3137 1
3138 1
3139 1
3140 1
3141 1
3142 1
3143 2
3144 0
3145 0
3146 2
3147 0
3148 1
3149 0
3150 0
3151 1
3152 1
3153 0
3154 0
3155 1
3156 1
3157 1
3158 1
3159 0
3160 0
3161 1
3162 0
3163 1
3164 1
3165 1
3166 0
3167 0
3168 0
3169 1
3170 1
3171 1
3172 1
3173 1
3174 0
3175 1
3176 1
3177 0
3178 1
3179 0
3180 1
3181 1
3182 1
3183 1
3184 1
3185 0
3186 0
3187 1
3188 1
3189 1
3190 1
3191 0
3192 1
3193 1
3194 0
3195 1
3196 2
3197 1
3198 1
3199 1
3200 1
3201 1
3202 1
3203 2
3204 1
3205 1
3206 2
3207 1
3208 0
3209 1
3210 0
3211 1
3212 1
3213 1
3214 1
3215 1
3216 1
3217 2
3218 1
3219 2
3220 0
3221 0
3222 0
3223 1
3224 1
3225 0
3226 1
3227 1
3228 1
3229 0
3230 1
3231 1
3232 0
3233 1
3234 1
3235 0
3236 1
3237 0
3238 1
3239 0
3240 1
3241 0
3242 2
3243 1
3244 0
3245 0
3246 0
3247 0
3248 0
3249 1
3250 1
3251 1
3252 2
3253 0
3254 0
3255 0
3256 0
3257 1
3258 1
3259 1
3260 1
3261 1
3262 1
3263 0
3264 0
3265 1
3266 1
3267 1
3268 0
3269 1
3270 0
3271 2
3272 0
3273 1
3274 0
3275 1
3276 1
3277 1
3278 1
3279 1
3280 1
3281 0
3282 1
3283 0
3284 1
3285 2
3286 1
3287 0
3288 0
3289 0
3290 1
3291 0
3292 0
3293 1
3294 1
3295 1
3296 1
3297 1
3298 2
3299 1
3300 1
3301 2
3302 1
3303 0
3304 1
3305 0
3306 1
3307 1
3308 1
3309 1
3310 0
3311 1
3312 1
3313 1
3314 1
3315 1
3316 0
3317 1
3318 0
3319 1
3320 0
3321 0
3322 1
3323 0
3324 1
3325 0
3326 1
3327 0
3328 1
3329 1
3330 1
3331 1
3332 0
3333 1
3334 1
3335 0
3336 1
3337 2
3338 1
3339 1
3340 2
3341 2
3342 0
3343 0
3344 0
3345 1
3346 0
3347 0
3348 1
3349 1
3350 0
3351 1
3352 0
3353 0
3354 1
3355 1
3356 1
3357 1
3358 0
3359 1
3360 2
3361 1
3362 1
3363 1
3364 1
3365 0
3366 1
3367 1
3368 0
3369 1
3370 1
3371 1
3372 1
3373 0
3374 1
3375 0
3376 1
3377 1
3378 1
3379 0
3380 0
3381 1
3382 1
3383 1
3384 1
3385 1
3386 1
3387 0
3388 1
3389 0
3390 1
3391 2
3392 0
3393 1
3394 1
3395 0
3396 0
3397 1
3398 1
3399 1
3400 1
3401 0
3402 1
3403 1
3404 2
3405 0
3406 1
3407 1
3408 1
3409 1
3410 2
3411 1
3412 0
3413 1
3414 1
3415 0
3416 0
3417 1
3418 0
3419 1
3420 1
3421 0
3422 0
3423 1
3424 1
3425 1
3426 0
3427 1
3428 2
3429 1
3430 0
3431 1
3432 1
3433 0
3434 0
3435 2
3436 1
3437 1
3438 1
3439 1
3440 1
3441 1
3442 2
3443 1
3444 1
3445 1
3446 1
3447 0
3448 0
3449 1
3450 0
3451 0
3452 1
3453 1
3454 1
3455 1
3456 1
3457 1
3458 1
3459 1
3460 1
3461 1
3462 1
3463 1
3464 1
3465 0
3466 0
3467 1
3468 2
3469 1
3470 0
3471 0
3472 2
3473 0
3474 0
3475 1
3476 1
3477 1
3478 0
3479 1
3480 0
3481 1
3482 1
3483 1
3484 1
3485 0
3486 1
3487 1
3488 0
3489 1
3490 1
3491 1
3492 1
3493 0
3494 1
3495 1
3496 1
3497 1
3498 0
3499 0
3500 1
3501 1
3502 1
3503 1
3504 2
3505 1
3506 1
3507 1
3508 1
3509 1
3510 0
3511 0
3512 1
3513 2
3514 1
3515 0
3516 1
3517 2
3518 1
3519 2
3520 1
3521 0
3522 0
3523 1
3524 1
3525 1
3526 1
3527 1
3528 1
3529 1
3530 0
3531 1
3532 1
3533 1
3534 0
3535 1
3536 1
3537 1
3538 0
3539 1
3540 0
3541 1
3542 0
3543 0
3544 1
3545 0
3546 1
3547 1
3548 0
3549 0
3550 1
3551 0
3552 0
3553 1
3554 1
3555 0
3556 1
3557 2
3558 0
3559 1
3560 0
3561 0
3562 1
3563 0
3564 1
3565 1
3566 1
3567 1
3568 0
3569 1
3570 1
3571 1
3572 1
3573 1
3574 1
3575 0
3576 0
3577 0
3578 1
3579 1
3580 2
3581 0
3582 1
3583 0
3584 1
3585 1
3586 0
3587 1
3588 0
3589 1
3590 1
3591 0
3592 1
3593 1
3594 1
3595 0
3596 0
3597 1
3598 1
3599 1
3600 1
3601 1
3602 2
3603 2
3604 2
3605 1
3606 1
3607 1
3608 1
3609 1
3610 2
3611 2
3612 1
3613 1
3614 1
3615 1
3616 0
3617 1
3618 0
3619 1
3620 0
3621 1
3622 1
3623 0
3624 1
3625 0
3626 1
3627 0
3628 0
3629 0
3630 0
3631 1
3632 1
3633 0
3634 1
3635 1
3636 1
3637 1
3638 1
3639 2
3640 1
3641 1
3642 1
3643 0
3644 1
3645 1
3646 0
3647 1
3648 0
3649 0
3650 1
3651 0
3652 1
3653 1
3654 1
3655 1
3656 0
3657 0
3658 1
3659 0
3660 0
3661 0
3662 1
3663 1
3664 1
3665 1
3666 0
3667 1
3668 1
3669 0
3670 0
3671 0
3672 1
3673 0
3674 0
3675 2
3676 1
3677 1
3678 0
3679 0
3680 1
3681 0
3682 1
3683 1
3684 1
3685 1
3686 1
3687 1
3688 0
3689 0
3690 0
3691 1
3692 1
3693 0
3694 1
3695 0
3696 1
3697 0
3698 0
3699 0
3700 1
3701 0
3702 1
3703 0
3704 1
3705 1
3706 1
3707 0
3708 1
3709 1
3710 1
3711 0
3712 1
3713 1
3714 1
3715 1
3716 1
3717 2
3718 0
3719 0
3720 0
3721 1
3722 2
3723 2
3724 1
3725 1
3726 0
3727 1
3728 1
3729 1
3730 2
3731 0
3732 0
3733 1
3734 0
3735 2
3736 1
3737 1
3738 1
3739 0
3740 1
3741 1
3742 1
3743 0
3744 0
3745 1
3746 2
3747 1
3748 1
3749 1
3750 0
3751 1
3752 0
3753 1
3754 1
3755 0
3756 1
3757 0
3758 1
3759 1
3760 1
3761 1
3762 1
3763 0
3764 1
3765 1
3766 1
3767 1
3768 1
3769 1
3770 2
3771 1
3772 1
3773 0
3774 0
3775 0
3776 2
3777 1
3778 0
3779 1
3780 2
3781 1
3782 0
3783 0
3784 0
3785 2
3786 1
3787 1
3788 1
3789 0
3790 0
3791 1
3792 1
3793 0
3794 1
3795 1
3796 1
3797 0
3798 1
3799 0
3800 1
3801 1
3802 1
3803 1
3804 1
3805 0
3806 2
3807 1
3808 0
3809 2
3810 0
3811 1
3812 1
3813 1
3814 0
3815 0
3816 0
3817 0
3818 0
3819 1
3820 1
3821 1
3822 2
3823 0
3824 0
3825 1
3826 1
3827 1
3828 0
3829 1
3830 1
3831 1
3832 0
3833 1
3834 1
3835 1
3836 1
3837 0
3838 1
3839 0
3840 0
3841 1
3842 0
3843 1
3844 0
3845 0
3846 1
3847 1
3848 0
3849 1
3850 1
3851 0
3852 0
3853 1
3854 1
3855 0
3856 0
3857 0
3858 1
3859 1
3860 1
3861 1
3862 1
3863 0
3864 0
3865 2
3866 0
3867 2
3868 1
3869 0
3870 1
3871 0
3872 0
3873 1
3874 1
3875 1
3876 0
3877 1
3878 1
3879 1
3880 0
3881 1
3882 1
3883 0
3884 1
3885 0
3886 1
3887 0
3888 1
3889 1
3890 0
3891 1
3892 1
3893 0
3894 0
3895 1
3896 1
3897 1
3898 1
3899 1
3900 0
3901 1
3902 1
3903 0
3904 1
3905 1
3906 1
3907 1
3908 1
3909 1
3910 0
3911 1
3912 1
3913 2
3914 0
3915 0
3916 1
3917 1
3918 1
3919 1
3920 1
3921 1
3922 1
3923 1
3924 1
3925 1
3926 0
3927 0
3928 0
3929 0
3930 1
3931 0
3932 1
3933 0
3934 0
3935 1
3936 1
3937 1
3938 1
3939 1
3940 1
3941 1
3942 1
3943 0
3944 0
3945 1
3946 1
3947 1
3948 0
3949 0
3950 0
3951 1
3952 1
3953 1
3954 0
3955 1
3956 0
3957 1
3958 1
3959 1
3960 1
3961 1
3962 1
3963 1
3964 1
3965 0
3966 1
3967 0
3968 1
3969 0
3970 1
3971 1
3972 1
3973 2
3974 1
3975 1
3976 1
3977 1
3978 2
3979 0
3980 1
3981 0
3982 0
3983 0
3984 1
3985 0
3986 1
3987 0
3988 1
3989 1
3990 1
3991 0
3992 1
3993 1
3994 1
3995 0
3996 0
3997 1
3998 0
3999 0
4000 1
4001 0
4002 1
4003 1
4004 1
4005 1
4006 2
4007 1
4008 0
4009 0
4010 0
4011 1
4012 1
4013 1
4014 0
4015 0
4016 0
4017 0
4018 1
4019 1
4020 1
4021 1
4022 1
4023 2
4024 0
4025 0
4026 1
4027 1
4028 1
4029 1
4030 0
4031 1
4032 1
4033 1
4034 1
4035 1
4036 0
4037 1
4038 0
4039 1
4040 1
4041 1
4042 0
4043 1
4044 1
4045 0
4046 0
4047 1
4048 1
4049 1
4050 1
4051 1
4052 1
4053 0
4054 1
4055 0
4056 1
4057 1
4058 1
4059 0
4060 1
4061 0
4062 1
4063 1
4064 1
4065 0
4066 1
4067 0
4068 1
4069 1
4070 0
4071 1
4072 1
4073 1
4074 1
4075 1
4076 1
4077 1
4078 0
4079 1
4080 0
4081 0
4082 1
4083 1
4084 1
4085 0
4086 1
4087 0
4088 1
4089 2
4090 1
4091 1
4092 1
4093 1
4094 1
4095 0
4096 1
4097 1
4098 1
4099 0
4100 1
4101 2
4102 2
4103 1
4104 1
4105 0
4106 1
4107 1
4108 1
4109 1
4110 1
4111 1
4112 1
4113 1
4114 0
4115 0
4116 1
4117 2
4118 0
4119 0
4120 0
4121 1
4122 1
4123 1
4124 2
4125 0
4126 1
4127 1
4128 1
4129 1
4130 0
4131 1
4132 1
4133 0
4134 1
4135 0
4136 0
4137 1
4138 1
4139 1
4140 1
4141 1
4142 0
4143 2
4144 0
4145 1
4146 1
4147 0
4148 1
4149 1
4150 2
4151 0
4152 1
4153 1
4154 0
4155 1
4156 0
4157 2
4158 1
4159 1
4160 1
4161 1
4162 0
4163 1
4164 1
4165 2
4166 1
4167 0
4168 1
4169 1
4170 1
4171 1
4172 1
4173 1
4174 1
4175 1
4176 1
4177 1
4178 1
4179 0
4180 1
4181 1
4182 1
4183 1
4184 1
4185 0
4186 0
4187 0
4188 1
4189 1
4190 1
4191 0
4192 1
4193 1
4194 1
4195 1
4196 1
4197 1
4198 1
4199 1
4200 0
4201 1
4202 1
4203 0
4204 1
4205 2
4206 1
4207 1
4208 1
4209 1
4210 2
4211 0
4212 2
4213 2
4214 1
4215 1
4216 0
4217 1
4218 1
4219 0
4220 0
4221 0
4222 0
4223 1
4224 1
4225 0
4226 1
4227 0
4228 0
4229 1
4230 1
4231 1
4232 1
4233 0
4234 1
4235 1
4236 0
4237 1
4238 1
4239 1
4240 1
4241 1
4242 0
4243 1
4244 1
4245 0
4246 1
4247 1
4248 1
4249 1
4250 0
4251 0
4252 1
4253 2
4254 0
4255 1
4256 1
4257 1
4258 1
4259 1
4260 1
4261 2
4262 0
4263 1
4264 1
4265 0
4266 1
4267 0
4268 1
4269 1
4270 0
4271 0
4272 0
4273 1
4274 1
4275 0
4276 0
4277 0
4278 1
4279 0
4280 0
4281 0
4282 0
4283 0
4284 1
4285 1
4286 1
4287 1
4288 1
4289 0
4290 0
4291 1
4292 0
4293 1
4294 1
4295 1
4296 1
4297 1
4298 1
4299 0
4300 1
4301 1
4302 0
4303 0
4304 1
4305 0
4306 0
4307 0
4308 1
4309 0
4310 2
4311 1
4312 0
4313 1
4314 1
4315 0
4316 1
4317 1
4318 2
4319 1
4320 0
4321 1
4322 0
4323 0
4324 1
4325 0
4326 0
4327 1
4328 1
4329 2
4330 1
4331 2
4332 1
4333 1
4334 1
4335 0
4336 1
4337 0
4338 1
4339 1
4340 0
4341 1
4342 1
4343 2
4344 0
4345 1
4346 1
4347 2
4348 1
4349 0
4350 1
4351 0
4352 1
4353 1
4354 0
4355 1
4356 1
4357 0
4358 2
4359 1
4360 1
4361 1
4362 0
4363 0
4364 1
4365 1
4366 1
4367 1
4368 0
4369 1
4370 1
4371 1
4372 1
4373 1
4374 1
4375 1
4376 1
4377 1
4378 1
4379 0
4380 0
4381 1
4382 0
4383 1
4384 2
4385 2
4386 1
4387 1
4388 0
4389 0
4390 0
4391 1
4392 1
4393 1
4394 0
4395 2
4396 0
4397 1
4398 2
4399 0
4400 1
4401 1
4402 2
4403 1
4404 1
4405 1
4406 1
4407 1
4408 1
4409 1
4410 0
4411 1
4412 1
4413 0
4414 0
4415 1
4416 1
4417 0
4418 1
4419 0
4420 0
4421 0
4422 1
4423 1
4424 0
4425 1
4426 0
4427 0
4428 0
4429 1
4430 1
4431 0
4432 0
4433 1
4434 1
4435 1
4436 1
4437 1
4438 1
4439 1
4440 0
4441 1
4442 0
4443 1
4444 0
4445 1
4446 1
4447 1
4448 1
4449 1
4450 1
4451 1
4452 1
4453 2
4454 1
4455 0
4456 1
4457 1
4458 1
4459 1
4460 0
4461 1
4462 1
4463 0
4464 1
4465 0
4466 1
4467 1
4468 1
4469 1
4470 1
4471 1
4472 1
4473 1
4474 1
4475 1
4476 1
4477 0
4478 0
4479 1
4480 1
4481 0
4482 1
4483 1
4484 2
4485 1
4486 1
4487 1
4488 2
4489 0
4490 0
4491 1
4492 1
4493 0
4494 1
4495 1
4496 1
4497 0
4498 2
4499 1
4500 1
4501 2
4502 2
4503 1
4504 0
4505 1
4506 1
4507 0
4508 1
4509 0
4510 0
4511 1
4512 0
4513 1
4514 0
4515 1
4516 0
4517 0
4518 1
4519 1
4520 0
4521 1
4522 1
4523 0
4524 2
4525 1
4526 1
4527 1
4528 0
4529 1
4530 0
4531 1
4532 0
4533 1
4534 1
4535 1
4536 1
4537 0
4538 1
4539 1
4540 1
4541 1
4542 1
4543 1
4544 1
4545 0
4546 1
4547 0
4548 0
4549 1
4550 0
4551 1
4552 1
4553 1
4554 0
4555 1
4556 1
4557 1
4558 0
4559 0
4560 0
4561 1
4562 0
4563 1
4564 2
4565 0
4566 0
4567 1
4568 1
4569 1
4570 2
4571 1
4572 1
4573 1
4574 0
4575 0
4576 1
4577 0
4578 1
4579 0
4580 1
4581 1
4582 1
4583 0
4584 1
4585 0
4586 1
4587 1
4588 1
4589 1
4590 1
4591 1
4592 1
4593 0
4594 0
4595 1
4596 0
4597 0
4598 0
4599 1
4600 1
4601 1
4602 1
4603 1
4604 1
4605 1
4606 1
4607 1
4608 0
4609 1
4610 1
4611 1
4612 1
4613 0
4614 0
4615 0
4616 1
4617 1
4618 1
4619 1
4620 0
4621 1
4622 1
4623 1
4624 2
4625 1
4626 0
4627 0
4628 1
4629 1
4630 0
4631 0
4632 1
4633 0
4634 1
4635 1
4636 0
4637 1
4638 2
4639 0
4640 1
4641 1
4642 0
4643 1
4644 1
4645 1
4646 1
4647 1
4648 1
4649 1
4650 0
4651 1
4652 0
4653 1
4654 0
4655 1
4656 0
4657 2
4658 0
4659 0
4660 1
4661 0
4662 0
4663 1
4664 0
4665 0
4666 1
4667 0
4668 0
4669 1
4670 0
4671 1
4672 0
4673 1
4674 1
4675 0
4676 1
4677 0
4678 1
4679 1
4680 1
4681 0
4682 1
4683 0
4684 1
4685 1
4686 1
4687 0
4688 2
4689 0
4690 1
4691 0
4692 0
4693 1
4694 0
4695 0
4696 1
4697 2
4698 0
4699 1
4700 1
4701 0
4702 1
4703 1
4704 1
4705 1
4706 1
4707 0
4708 1
4709 1
4710 1
4711 1
4712 0
4713 1
4714 0
4715 1
4716 1
4717 0
4718 1
4719 1
4720 1
4721 2
4722 1
4723 0
4724 0
4725 2
4726 0
4727 0
4728 1
4729 2
4730 1
4731 1
4732 1
4733 2
4734 1
4735 1
4736 1
4737 1
4738 1
4739 1
4740 1
4741 0
4742 2
4743 0
4744 1
4745 1
4746 1
4747 1
4748 1
4749 0
4750 0
4751 0
4752 2
4753 1
4754 0
4755 1
4756 0
4757 1
4758 0
4759 1
4760 1
4761 0
4762 0
4763 1
4764 0
4765 1
4766 1
4767 1
4768 1
4769 0
4770 1
4771 0
4772 1
4773 1
4774 2
4775 1
4776 0
4777 0
4778 0
4779 2
4780 0
4781 0
4782 0
4783 1
4784 1
4785 1
4786 0
4787 1
4788 1
4789 0
4790 1
4791 1
4792 1
4793 0
4794 1
4795 1
4796 0
4797 1
4798 0
4799 0
4800 1
4801 0
4802 1
4803 1
4804 1
4805 1
4806 1
4807 2
4808 0
4809 1
4810 2
4811 1
4812 1
4813 1
4814 2
4815 1
4816 1
4817 1
4818 0
4819 1
4820 1
4821 0
4822 1
4823 0
4824 1
4825 1
4826 1
4827 0
4828 0
4829 1
4830 1
4831 1
4832 1
4833 0
4834 1
4835 1
4836 2
4837 0
4838 0
4839 1
4840 1
4841 0
4842 1
4843 1
4844 2
4845 1
4846 1
4847 0
4848 0
4849 0
4850 0
4851 1
4852 1
4853 0
4854 1
4855 0
4856 1
4857 0
4858 1
4859 0
4860 0
4861 1
4862 1
4863 1
4864 1
4865 1
4866 0
4867 1
4868 1
4869 0
4870 1
4871 0
4872 1
4873 1
4874 1
4875 1
4876 1
4877 1
4878 1
4879 1
4880 1
4881 1
4882 0
4883 0
4884 1
4885 1
4886 0
4887 1
4888 1
4889 2
4890 0
4891 0
4892 1
4893 1
4894 1
4895 1
4896 1
4897 1
4898 1
4899 0
4900 1
4901 1
4902 0
4903 0
4904 1
4905 1
4906 0
4907 1
4908 1
4909 0
4910 1
4911 0
4912 1
4913 0
4914 0
4915 0
4916 1
4917 0
4918 0
4919 0
4920 0
4921 1
4922 2
4923 1
4924 0
4925 1
4926 1
4927 0
4928 0
4929 2
4930 1
4931 1
4932 2
4933 1
4934 2
4935 0
4936 0
4937 1
4938 1
4939 1
4940 0
4941 0
4942 1
4943 0
4944 1
4945 1
4946 1
4947 1
4948 1
4949 1
4950 0
4951 1
4952 0
4953 1
4954 0
4955 1
4956 1
4957 2
4958 1
4959 1
4960 1
4961 0
4962 1
4963 0
4964 0
4965 0
4966 1
4967 2
4968 1
4969 1
4970 0
4971 1
4972 0
4973 1
4974 1
4975 0
4976 0
4977 0
4978 1
4979 1
4980 1
4981 1
4982 1
4983 1
4984 2
4985 0
4986 0
4987 1
4988 0
4989 1
4990 1
4991 1
4992 0
4993 1
4994 1
4995 0
4996 1
4997 1
4998 1
4999 0
5000 0
5001 1
5002 0
5003 1
5004 0
5005 1
5006 1
5007 1
5008 1
5009 0
5010 0
5011 1
5012 1
5013 0
5014 1
5015 0
5016 1
5017 1
5018 1
5019 0
5020 0
5021 0
5022 0
5023 1
5024 1
5025 1
5026 0
5027 1
5028 0
5029 2
5030 1
5031 1
5032 1
5033 1
5034 0
5035 2
5036 1
5037 0
5038 1
5039 1
5040 0
5041 1
5042 1
5043 0
5044 1
5045 1
5046 1
5047 0
5048 1
5049 0
5050 0
5051 1
5052 0
5053 0
5054 1
5055 0
5056 1
5057 1
5058 1
5059 0
5060 1
5061 0
5062 2
5063 1
5064 1
5065 0
5066 0
5067 1
5068 0
5069 0
5070 1
5071 0
5072 1
5073 1
5074 1
5075 2
5076 0
5077 1
5078 1
5079 2
5080 0
5081 1
5082 1
5083 1
5084 1
5085 1
5086 0
5087 1
5088 1
5089 1
5090 1
5091 1
5092 1
5093 2
5094 1
5095 1
5096 0
5097 1
5098 0
5099 0
5100 2
5101 2
5102 2
5103 0
5104 0
5105 1
5106 1
5107 1
5108 1
5109 0
5110 0
5111 0
5112 1
5113 1
5114 1
5115 2
5116 1
5117 2
5118 1
5119 1
5120 1
5121 1
5122 1
5123 1
5124 0
5125 1
5126 2
5127 1
5128 1
5129 1
5130 0
5131 1
5132 0
5133 0
5134 0
5135 0
5136 1
5137 0
5138 0
5139 0
5140 0
5141 1
5142 0
5143 2
5144 1
5145 1
5146 1
5147 0
5148 0
5149 0
5150 1
5151 1
5152 2
5153 1
5154 1
5155 1
5156 1
5157 1
5158 1
5159 0
5160 1
5161 1
5162 1
5163 0
5164 1
5165 0
5166 1
5167 0
5168 1
5169 1
5170 1
5171 0
5172 0
5173 0
5174 1
5175 0
5176 1
5177 1
5178 0
5179 0
5180 1
5181 0
5182 0
5183 2
5184 0
5185 0
5186 2
5187 1
5188 0
5189 1
5190 1
5191 0
5192 2
5193 1
5194 1
5195 0
5196 2
5197 2
5198 1
5199 0
5200 0
5201 1
5202 1
5203 0
5204 0
5205 1
5206 0
5207 0
5208 0
5209 0
5210 1
5211 1
5212 1
5213 0
5214 0
5215 1
5216 1
5217 1
5218 1
5219 2
5220 0
5221 1
5222 0
5223 0
5224 0
5225 0
5226 1
5227 0
5228 1
5229 1
5230 2
5231 1
5232 1
5233 2
5234 1
5235 0
5236 0
5237 1
5238 1
5239 1
5240 0
5241 1
5242 1
5243 2
5244 1
5245 1
5246 1
5247 0
5248 0
5249 1
5250 1
5251 0
5252 0
5253 1
5254 1
5255 2
5256 0
5257 2
5258 1
5259 1
5260 0
5261 1
5262 0
5263 1
5264 1
5265 1
5266 1
5267 0
5268 1
5269 1
5270 1
5271 1
5272 0
5273 1
5274 1
5275 1
5276 1
5277 1
5278 1
5279 1
5280 1
5281 1
5282 0
5283 0
5284 2
5285 2
5286 0
5287 0
5288 0
5289 1
5290 1
5291 0
5292 1
5293 1
5294 1
5295 1
5296 1
5297 1
5298 1
5299 1
5300 1
5301 1
5302 0
5303 0
5304 0
5305 2
5306 1
5307 1
5308 1
5309 0
5310 1
5311 1
5312 0
5313 1
5314 1
5315 0
5316 1
5317 1
5318 0
5319 0
5320 0
5321 1
5322 0
5323 1
5324 1
5325 1
5326 0
5327 0
5328 1
5329 0
5330 1
5331 0
5332 2
5333 2
5334 0
5335 1
5336 1
5337 1
5338 0
5339 1
5340 0
5341 0
5342 1
5343 1
5344 0
5345 1
5346 0
5347 0
5348 0
5349 0
5350 0
5351 0
5352 1
5353 0
5354 1
5355 0
5356 1
5357 0
5358 1
5359 1
5360 1
5361 0
5362 1
5363 0
5364 0
5365 1
5366 1
5367 0
5368 0
5369 0
5370 0
5371 0
5372 0
5373 1
5374 1
5375 1
5376 1
5377 1
5378 1
5379 2
5380 1
5381 0
5382 1
5383 0
5384 1
5385 1
5386 1
5387 1
5388 1
5389 1
5390 0
5391 1
5392 0
5393 1
5394 0
5395 1
5396 1
5397 0
5398 1
5399 1
5400 0
5401 1
5402 1
5403 1
5404 0
5405 1
5406 1
5407 0
5408 1
5409 1
5410 0
5411 0
5412 1
5413 1
5414 1
5415 0
5416 2
5417 1
5418 0
5419 0
5420 0
5421 1
5422 1
5423 1
5424 1
5425 1
5426 1
5427 1
5428 1
5429 1
5430 0
5431 1
5432 1
5433 1
5434 1
5435 1
5436 1
5437 1
5438 0
5439 0
5440 1
5441 1
5442 2
5443 1
5444 1
5445 0
5446 0
5447 0
5448 0
5449 0
5450 1
5451 1
5452 0
5453 1
5454 1
5455 1
5456 1
5457 0
5458 0
5459 1
5460 1
5461 1
5462 1
5463 1
5464 2
5465 0
5466 1
5467 1
5468 1
5469 0
5470 1
5471 1
5472 2
5473 1
5474 1
5475 1
5476 1
5477 2
5478 1
5479 1
5480 0
5481 0
5482 1
5483 0
5484 0
5485 1
5486 0
5487 1
5488 1
5489 1
5490 1
5491 1
5492 2
5493 0
5494 0
5495 0
5496 1
5497 1
5498 0
5499 1
5500 0
5501 0
5502 1
5503 1
5504 0
5505 1
5506 0
5507 1
5508 0
5509 0
5510 0
5511 1
5512 1
5513 0
5514 0
5515 1
5516 1
5517 0
5518 1
5519 1
5520 0
5521 1
5522 1
5523 0
5524 1
5525 0
5526 0
5527 1
5528 1
5529 1
5530 1
5531 0
5532 1
5533 0
5534 1
5535 0
5536 2
5537 1
5538 1
5539 1
5540 1
5541 2
5542 1
5543 0
5544 2
5545 1
5546 0
5547 1
5548 2
5549 0
5550 1
5551 0
5552 0
5553 1
5554 1
5555 1
5556 1
5557 1
5558 1
5559 0
5560 1
5561 1
5562 0
5563 0
5564 1
5565 0
5566 1
5567 1
5568 0
5569 1
5570 1
5571 1
5572 0
5573 1
5574 1
5575 0
5576 0
5577 0
5578 0
5579 1
5580 1
5581 1
5582 1
5583 0
5584 1
5585 0
5586 0
5587 1
5588 0
5589 2
5590 0
5591 0
5592 0
5593 0
5594 0
5595 0
5596 0
5597 1
5598 1
5599 1
5600 1
5601 0
5602 0
5603 1
5604 0
5605 0
5606 1
5607 1
5608 1
5609 1
5610 1
5611 1
5612 0
5613 1
5614 1
5615 1
5616 0
5617 1
5618 0
5619 1
5620 1
5621 0
5622 1
5623 2
5624 2
5625 2
5626 1
5627 0
5628 0
5629 0
5630 0
5631 1
5632 1
5633 1
5634 1
5635 0
5636 1
5637 0
5638 1
5639 1
5640 1
5641 1
5642 0
5643 0
5644 1
5645 1
5646 1
5647 1
5648 1
5649 1
5650 2
5651 0
5652 1
5653 1
5654 1
5655 1
5656 2
5657 0
5658 0
5659 2
5660 1
5661 0
5662 1
5663 0
5664 1
5665 0
5666 1
5667 0
5668 1
5669 1
5670 2
5671 0
5672 1
5673 1
5674 1
5675 1
5676 0
5677 1
5678 1
5679 1
5680 1
5681 1
5682 1
5683 1
5684 0
5685 0
5686 1
5687 1
5688 1
5689 1
5690 0
5691 1
5692 0
5693 1
5694 1
5695 0
5696 1
5697 1
5698 1
5699 1
5700 1
5701 1
5702 0
5703 1
5704 1
5705 1
5706 1
5707 1
5708 0
5709 1
5710 1
5711 1
5712 1
5713 1
5714 1
5715 1
5716 1
5717 0
5718 1
5719 0
5720 1
5721 0
5722 1
5723 1
5724 1
5725 1
5726 1
5727 0
5728 1
5729 0
5730 0
5731 1
5732 1
5733 0
5734 2
5735 1
5736 1
5737 1
5738 1
5739 1
5740 1
5741 0
5742 1
5743 1
5744 0
5745 2
5746 1
5747 0
5748 1
5749 1
5750 1
5751 1
5752 0
5753 0
5754 1
5755 0
5756 1
5757 0
5758 1
5759 1
5760 0
5761 1
5762 1
5763 1
5764 1
5765 0
5766 0
5767 1
5768 1
5769 0
5770 0
5771 0
5772 1
5773 1
5774 1
5775 1
5776 1
5777 1
5778 1
5779 1
5780 1
5781 1
5782 0
5783 1
5784 1
5785 0
5786 1
5787 1
5788 0
5789 1
5790 0
5791 0
5792 1
5793 1
5794 1
5795 0
5796 1
5797 0
5798 0
5799 1
5800 0
5801 1
5802 1
5803 1
5804 1
5805 1
5806 0
5807 0
5808 2
5809 1
5810 1
5811 2
5812 1
5813 1
5814 1
5815 2
5816 0
5817 1
5818 1
5819 1
5820 1
5821 0
5822 1
5823 1
5824 1
5825 1
5826 0
5827 1
5828 1
5829 0
5830 2
5831 1
5832 1
5833 0
5834 1
5835 1
5836 0
5837 1
5838 1
5839 0
5840 1
5841 1
5842 0
5843 1
5844 1
5845 1
5846 1
5847 0
5848 1
5849 1
5850 1
5851 1
5852 2
5853 1
5854 1
5855 1
5856 0
5857 1
5858 2
5859 1
5860 1
5861 0
5862 0
5863 1
5864 2
5865 1
5866 1
5867 0
5868 0
5869 0
5870 1
5871 2
5872 0
5873 2
5874 1
5875 1
5876 1
5877 0
5878 1
5879 1
5880 1
5881 1
5882 1
5883 2
5884 1
5885 0
5886 0
5887 0
5888 2
5889 1
5890 0
5891 1
5892 1
5893 1
5894 0
5895 1
5896 0
5897 1
5898 0
5899 1
5900 0
5901 0
5902 0
5903 1
5904 0
5905 1
5906 0
5907 1
5908 1
5909 0
5910 0
5911 1
5912 1
5913 1
5914 1
5915 1
5916 1
5917 1
5918 0
5919 1
5920 1
5921 1
5922 1
5923 0
5924 1
5925 1
5926 2
5927 0
5928 1
5929 1
5930 0
5931 1
5932 0
5933 1
5934 0
5935 0
5936 1
5937 0
5938 2
5939 1
5940 1
5941 0
5942 0
5943 1
5944 0
5945 0
5946 1
5947 1
5948 1
5949 1
5950 1
5951 1
5952 0
5953 1
5954 0
5955 0
5956 1
5957 1
5958 0
5959 1
5960 1
5961 1
5962 0
5963 0
5964 0
5965 1
5966 0
5967 1
5968 1
5969 1
5970 1
5971 0
5972 1
5973 1
5974 1
5975 1
5976 0
5977 0
5978 0
5979 1
5980 1
5981 1
5982 1
5983 1
5984 1
5985 1
5986 1
5987 1
5988 1
5989 0
5990 1
5991 1
5992 2
5993 0
5994 1
5995 1
5996 1
5997 2
5998 1
5999 0
6000 1
6001 1
6002 1
6003 1
6004 2
6005 1
6006 1
6007 1
6008 1
6009 1
6010 0
6011 1
6012 1
6013 1
6014 1
6015 0
6016 1
6017 0
6018 0
6019 1
6020 0
6021 1
6022 1
6023 1
6024 1
6025 2
6026 0
6027 1
6028 0
6029 0
6030 1
6031 1
6032 1
6033 0
6034 0
6035 1
6036 1
6037 0
6038 1
6039 0
6040 1
6041 0
6042 1
6043 1
6044 0
6045 1
6046 1
6047 0
6048 0
6049 0
6050 1
6051 1
6052 2
6053 2
6054 1
6055 0
6056 1
6057 1
6058 1
6059 1
6060 0
6061 1
6062 1
6063 1
6064 0
6065 1
6066 1
6067 0
6068 2
6069 0
6070 0
6071 1
6072 1
6073 0
6074 1
6075 0
6076 1
6077 1
6078 1
6079 1
6080 1
6081 0
6082 1
6083 1
6084 1
6085 1
6086 0
6087 0
6088 1
6089 0
6090 1
6091 0
6092 1
6093 1
6094 1
6095 0
6096 1
6097 1
6098 1
6099 0
6100 0
6101 1
6102 1
6103 1
6104 0
6105 1
6106 0
6107 0
6108 1
6109 1
6110 0
6111 1
6112 0
6113 0
6114 1
6115 1
6116 0
6117 1
6118 1
6119 1
6120 1
6121 0
6122 0
6123 1
6124 0
6125 1
6126 0
6127 1
6128 0
6129 1
6130 1
6131 1
6132 1
6133 1
6134 0
6135 1
6136 0
6137 1
6138 2
6139 1
6140 1
6141 1
6142 2
6143 0
6144 1
6145 1
6146 1
6147 1
6148 0
6149 1
6150 1
6151 0
6152 1
6153 0
6154 2
6155 1
6156 1
6157 2
6158 1
6159 0
6160 0
6161 0
6162 0
6163 1
6164 0
6165 1
6166 1
6167 1
6168 1
6169 1
6170 0
6171 0
6172 0
6173 0
6174 0
6175 0
6176 0
6177 0
6178 1
6179 1
6180 0
6181 0
6182 1
6183 1
6184 1
6185 1
6186 1
6187 0
6188 1
6189 1
6190 0
6191 1
6192 1
6193 1
6194 1
6195 2
6196 1
6197 1
6198 1
6199 0
6200 0
6201 1
6202 1
6203 0
6204 0
6205 1
6206 0
6207 0
6208 1
6209 1
6210 0
6211 2
6212 0
6213 1
6214 0
6215 0
6216 0
6217 1
6218 1
6219 1
6220 0
6221 0
6222 1
6223 1
6224 0
6225 1
6226 1
6227 0
6228 1
6229 1
6230 1
6231 1
6232 1
6233 0
6234 1
6235 0
6236 1
6237 1
6238 1
6239 1
6240 1
6241 1
6242 1
6243 0
6244 0
6245 1
6246 0
6247 1
6248 0
6249 1
6250 1
6251 1
6252 1
6253 1
6254 0
6255 1
6256 1
6257 0
6258 1
6259 1
6260 0
6261 0
6262 1
6263 1
6264 1
6265 0
6266 1
6267 0
6268 0
6269 1
6270 1
6271 0
6272 1
6273 0
6274 0
6275 0
6276 1
6277 0
6278 1
6279 1
6280 0
6281 0
6282 0
6283 0
6284 0
6285 0
6286 1
6287 1
6288 1
6289 0
6290 0
6291 0
6292 1
6293 1
6294 0
6295 0
6296 1
6297 0
6298 1
6299 1
6300 0
6301 1
6302 1
6303 0
6304 1
6305 1
6306 1
6307 1
6308 1
6309 0
6310 1
6311 1
6312 1
6313 1
6314 0
6315 0
6316 2
6317 0
6318 0
6319 0
6320 1
6321 1
6322 1
6323 0
6324 0
6325 1
6326 1
6327 1
6328 0
6329 1
6330 1
6331 1
6332 1
6333 1
6334 1
6335 1
6336 1
6337 1
6338 0
6339 2
6340 1
6341 1
6342 1
6343 0
6344 1
6345 0
6346 2
6347 0
6348 1
6349 1
6350 1
6351 1
6352 1
6353 0
6354 1
6355 2
6356 0
6357 1
6358 0
6359 1
6360 1
6361 1
6362 0
6363 1
6364 0
6365 1
6366 1
6367 1
6368 0
6369 0
6370 0
6371 0
6372 1
6373 1
6374 0
6375 1
6376 1
6377 0
6378 1
6379 1
6380 1
6381 1
6382 0
6383 1
6384 1
6385 0
6386 1
6387 0
6388 0
6389 1
6390 0
6391 0
6392 0
6393 1
6394 0
6395 0
6396 0
6397 1
6398 0
6399 0
6400 0
6401 0
6402 2
6403 0
6404 1
6405 1
6406 0
6407 1
6408 0
6409 0
6410 1
6411 0
6412 0
6413 0
6414 1
6415 1
6416 0
6417 1
6418 1
6419 2
6420 0
6421 1
6422 0
6423 1
6424 2
6425 0
6426 0
6427 1
6428 0
6429 1
6430 0
6431 0
6432 1
6433 1
6434 0
6435 0
6436 1
6437 0
6438 1
6439 1
6440 0
6441 0
6442 0
6443 1
6444 1
6445 1
6446 1
6447 0
6448 2
6449 1
6450 1
6451 1
6452 0
6453 1
6454 1
6455 2
6456 2
6457 2
6458 0
6459 2
6460 0
6461 1
6462 0
6463 1
6464 1
6465 1
6466 2
6467 1
6468 1
6469 0
6470 1
6471 1
6472 1
6473 1
6474 1
6475 0
6476 0
6477 0
6478 1
6479 1
6480 1
6481 1
6482 1
6483 1
6484 0
6485 1
6486 1
6487 1
6488 1
6489 1
6490 0
6491 1
6492 1
6493 1
6494 1
6495 1
6496 0
6497 1
6498 0
6499 1
6500 0
6501 2
6502 1
6503 0
6504 1
6505 0
6506 0
6507 1
6508 1
6509 1
6510 1
6511 0
6512 0
6513 2
6514 0
6515 1
6516 0
6517 1
6518 1
6519 0
6520 1
6521 0
6522 1
6523 1
6524 1
6525 1
6526 1
6527 1
6528 0
6529 1
6530 1
6531 1
6532 1
6533 1
6534 0
6535 2
6536 1
6537 1
6538 1
6539 1
6540 0
6541 0
6542 1
6543 1
6544 1
6545 1
6546 0
6547 1
6548 0
6549 1
6550 0
6551 2
6552 1
6553 1
6554 0
6555 1
6556 1
6557 2
6558 1
6559 1
6560 1
6561 0
6562 1
6563 1
6564 1
6565 1
6566 0
6567 0
6568 1
6569 1
6570 0
6571 1
6572 0
6573 1
6574 1
6575 0
6576 1
6577 1
6578 0
6579 1
6580 1
6581 0
6582 1
6583 1
6584 1
6585 1
6586 0
6587 1
6588 2
6589 1
6590 1
6591 1
6592 2
6593 0
6594 1
6595 0
6596 2
6597 1
6598 1
6599 1
6600 1
6601 1
6602 1
6603 0
6604 1
6605 1
6606 1
6607 1
6608 1
6609 0
6610 2
6611 0
6612 1
6613 2
6614 1
6615 1
6616 0
6617 1
6618 1
6619 1
6620 1
6621 1
6622 1
6623 1
6624 0
6625 1
6626 0
6627 0
6628 1
6629 1
6630 1
6631 1
6632 2
6633 1
6634 1
6635 1
6636 0
6637 2
6638 0
6639 1
6640 1
6641 1
6642 0
6643 0
6644 2
6645 0
6646 1
6647 1
6648 0
6649 1
6650 0
6651 1
6652 1
6653 0
6654 0
6655 0
6656 1
6657 0
6658 1
6659 1
6660 1
6661 1
6662 1
6663 0
6664 0
6665 0
6666 1
6667 1
6668 1
6669 1
6670 0
6671 1
6672 0
6673 1
6674 1
6675 0
6676 0
6677 1
6678 1
6679 1
6680 0
6681 1
6682 0
6683 1
6684 1
6685 1
6686 1
6687 2
6688 1
6689 1
6690 1
6691 1
6692 1
6693 1
6694 1
6695 0
6696 2
6697 1
6698 0
6699 1
6700 1
6701 0
6702 1
6703 1
6704 1
6705 1
6706 1
6707 1
6708 2
6709 0
6710 0
6711 1
6712 1
6713 0
6714 1
6715 1
6716 1
6717 1
6718 1
6719 1
6720 0
6721 0
6722 1
6723 1
6724 0
6725 2
6726 0
6727 1
6728 1
6729 1
6730 1
6731 1
6732 1
6733 1
6734 1
6735 0
6736 1
6737 1
6738 0
6739 1
6740 1
6741 0
6742 1
6743 1
6744 1
6745 1
6746 1
6747 1
6748 0
6749 1
6750 2
6751 1
6752 0
6753 1
6754 0
6755 1
6756 1
6757 1
6758 1
6759 1
6760 1
6761 1
6762 1
6763 1
6764 0
6765 1
6766 1
6767 1
6768 2
6769 0
6770 1
6771 0
6772 0
6773 1
6774 1
6775 0
6776 1
6777 0
6778 1
6779 1
6780 1
6781 1
6782 0
6783 1
6784 0
6785 1
6786 1
6787 1
6788 1
6789 1
6790 1
6791 1
6792 0
6793 0
6794 0
6795 1
6796 1
6797 0
6798 0
6799 2
6800 1
6801 1
6802 1
6803 0
6804 1
6805 1
6806 1
6807 2
6808 1
6809 1
6810 1
6811 0
6812 1
6813 1
6814 0
6815 1
6816 0
6817 1
6818 1
6819 0
6820 1
6821 1
6822 0
6823 1
6824 1
6825 1
6826 1
6827 2
6828 0
6829 0
6830 0
6831 1
6832 1
6833 0
6834 0
6835 2
6836 0
6837 1
6838 1
6839 0
6840 0
6841 1
6842 1
6843 0
6844 0
6845 1
6846 1
6847 0
6848 0
6849 1
6850 1
6851 0
6852 0
6853 2
6854 1
6855 1
6856 0
6857 1
6858 0
6859 1
6860 1
6861 1
6862 1
6863 0
6864 0
6865 1
6866 1
6867 1
6868 0
6869 1
6870 1
6871 0
6872 0
6873 1
6874 1
6875 0
6876 0
6877 0
6878 1
6879 1
6880 0
6881 1
6882 1
6883 1
6884 1
6885 1
6886 1
6887 1
6888 1
6889 2
6890 1
6891 0
6892 0
6893 0
6894 0
6895 0
6896 0
6897 1
6898 1
6899 1
6900 0
6901 1
6902 1
6903 0
6904 1
6905 1
6906 1
6907 1
6908 0
6909 0
6910 0
6911 1
6912 1
6913 1
6914 1
6915 0
6916 0
6917 0
6918 1
6919 1
6920 0
6921 1
6922 1
6923 1
6924 2
6925 1
6926 1
6927 1
6928 1
6929 1
6930 1
6931 1
6932 0
6933 0
6934 1
6935 1
6936 0
6937 1
6938 1
6939 1
6940 0
6941 1
6942 1
6943 1
6944 1
6945 0
6946 0
6947 1
6948 1
6949 2
6950 0
6951 1
6952 0
6953 1
6954 1
6955 1
6956 0
6957 1
6958 1
6959 1
6960 1
6961 0
6962 0
6963 0
6964 0
6965 1
6966 1
6967 2
6968 0
6969 1
6970 1
6971 0
6972 2
6973 0
6974 1
6975 0
6976 0
6977 1
6978 1
6979 1
6980 0
6981 2
6982 1
6983 0
6984 0
6985 1
6986 1
6987 2
6988 0
6989 0
6990 1
6991 1
6992 0
6993 1
6994 0
6995 1
6996 1
6997 0
6998 0
6999 1
7000 1
7001 0
7002 1
7003 1
7004 0
7005 1
7006 0
7007 0
7008 1
7009 1
7010 1
7011 0
7012 1
7013 0
7014 1
7015 1
7016 0
7017 1
7018 1
7019 0
7020 1
7021 1
7022 1
7023 1
7024 1
7025 1
7026 1
7027 0
7028 2
7029 1
7030 1
7031 0
7032 1
7033 1
7034 1
7035 1
7036 0
7037 1
7038 1
7039 2
7040 1
7041 0
7042 1
7043 1
7044 1
7045 1
7046 0
7047 1
7048 1
7049 0
7050 1
7051 0
7052 0
7053 1
7054 1
7055 1
7056 0
7057 0
7058 1
7059 1
7060 1
7061 1
7062 0
7063 0
7064 0
7065 0
7066 0
7067 1
7068 0
7069 0
7070 0
7071 1
7072 1
7073 1
7074 1
7075 1
7076 2
7077 2
7078 1
7079 1
7080 1
7081 2
7082 0
7083 1
7084 1
7085 0
7086 0
7087 1
7088 0
7089 1
7090 1
7091 0
7092 0
7093 1
7094 0
7095 1
7096 1
7097 1
7098 1
7099 1
7100 1
7101 0
7102 1
7103 1
7104 1
7105 1
7106 1
7107 1
7108 1
7109 1
7110 1
7111 1
7112 0
7113 1
7114 2
7115 2
7116 1
7117 1
7118 1
7119 1
7120 1
7121 1
7122 2
7123 2
7124 1
7125 0
7126 1
7127 0
7128 1
7129 0
7130 2
7131 1
7132 0
7133 1
7134 0
7135 2
7136 2
7137 1
7138 2
7139 1
7140 0
7141 0
7142 1
7143 1
7144 1
7145 1
7146 1
7147 0
7148 1
7149 0
7150 1
7151 1
7152 0
7153 0
7154 1
7155 0
7156 0
7157 2
7158 1
7159 0
7160 0
7161 1
7162 1
7163 1
7164 0
7165 1
7166 0
7167 1
7168 1
7169 1
7170 1
7171 1
7172 1
7173 1
7174 1
7175 1
7176 2
7177 0
7178 1
7179 1
7180 0
7181 1
7182 0
7183 1
7184 0
7185 0
7186 0
7187 0
7188 1
7189 0
7190 1
7191 1
7192 0
7193 1
7194 1
7195 1
7196 0
7197 1
7198 0
7199 1
7200 0
7201 0
7202 1
7203 1
7204 1
7205 0
7206 0
7207 1
7208 1
7209 1
7210 1
7211 1
7212 1
7213 0
7214 1
7215 1
7216 0
7217 0
7218 1
7219 1
7220 1
7221 1
7222 0
7223 0
7224 0
7225 0
7226 0
7227 1
7228 1
7229 1
7230 1
7231 0
7232 1
7233 1
7234 0
7235 1
7236 0
7237 1
7238 1
7239 2
7240 1
7241 0
7242 1
7243 1
7244 0
7245 1
7246 1
7247 1
7248 0
7249 1
7250 0
7251 0
7252 0
7253 1
7254 1
7255 0
7256 0
7257 1
7258 0
7259 0
7260 0
7261 0
7262 1
7263 0
7264 1
7265 1
7266 1
7267 0
7268 1
7269 1
7270 2
7271 0
7272 0
7273 0
7274 0
7275 0
7276 1
7277 2
7278 1
7279 0
7280 1
7281 1
7282 0
7283 1
7284 0
7285 0
7286 1
7287 1
7288 0
7289 1
7290 2
7291 1
7292 0
7293 0
7294 0
7295 1
7296 1
7297 1
7298 0
7299 2
7300 0
7301 0
7302 0
7303 0
7304 1
7305 1
7306 1
7307 1
7308 0
7309 0
7310 1
7311 1
7312 1
7313 0
7314 2
7315 1
7316 0
7317 0
7318 1
7319 1
7320 1
7321 1
7322 1
7323 0
7324 1
7325 1
7326 1
7327 1
7328 1
7329 1
7330 1
7331 0
7332 1
7333 1
7334 0
7335 2
7336 0
7337 0
7338 1
7339 1
7340 1
7341 1
7342 1
7343 0
7344 1
7345 0
7346 0
7347 1
7348 0
7349 1
7350 1
7351 2
7352 1
7353 1
7354 0
7355 1
7356 1
7357 1
7358 1
7359 0
7360 1
7361 1
7362 1
7363 0
7364 0
7365 1
7366 0
7367 1
7368 0
7369 0
7370 0
7371 1
7372 0
7373 1
7374 1
7375 1
7376 1
7377 0
7378 1
7379 1
7380 1
7381 1
7382 1
7383 1
7384 1
7385 1
7386 2
7387 0
7388 1
7389 0
7390 1
7391 0
7392 0
7393 0
7394 1
7395 0
7396 1
7397 1
7398 1
7399 1
7400 0
7401 1
7402 0
7403 1
7404 1
7405 1
7406 1
7407 0
7408 1
7409 1
7410 1
7411 1
7412 1
7413 1
7414 0
7415 1
7416 1
7417 0
7418 0
7419 0
7420 1
7421 0
7422 0
7423 0
7424 0
7425 0
7426 2
7427 1
7428 0
7429 1
7430 2
7431 1
7432 2
7433 1
7434 0
7435 2
7436 0
7437 0
7438 1
7439 1
7440 0
7441 0
7442 1
7443 0
7444 1
7445 1
7446 1
7447 0
7448 1
7449 0
7450 1
7451 1
7452 1
7453 0
7454 1
7455 1
7456 1
7457 0
7458 1
7459 0
7460 1
7461 1
7462 1
7463 2
7464 0
7465 0
7466 1
7467 1
7468 1
7469 1
7470 1
7471 1
7472 1
7473 1
7474 1
7475 0
7476 1
7477 1
7478 0
7479 0
7480 1
7481 1
7482 1
7483 0
7484 1
7485 1
7486 0
7487 1
7488 1
7489 2
7490 1
7491 1
7492 1
7493 1
7494 1
7495 1
7496 1
7497 1
7498 1
7499 2
7500 1
7501 1
7502 1
7503 1
7504 1
7505 1
7506 0
7507 2
7508 1
7509 0
7510 1
7511 0
7512 1
7513 1
7514 1
7515 0
7516 1
7517 2
7518 0
7519 0
7520 0
7521 1
7522 1
7523 1
7524 1
7525 1
7526 0
7527 0
7528 0
7529 1
7530 0
7531 1
7532 1
7533 0
7534 2
7535 0
7536 1
7537 1
7538 0
7539 1
7540 0
7541 1
7542 1
7543 0
7544 1
7545 1
7546 1
7547 1
7548 1
7549 1
7550 0
7551 1
7552 0
7553 1
7554 1
7555 1
7556 0
7557 1
7558 1
7559 1
7560 0
7561 0
7562 1
7563 1
7564 1
7565 1
7566 0
7567 0
7568 1
7569 1
7570 0
7571 1
7572 0
7573 0
7574 1
7575 0
7576 1
7577 1
7578 1
7579 1
7580 0
7581 1
7582 1
7583 1
7584 0
7585 0
7586 0
7587 0
7588 1
7589 1
7590 0
7591 0
7592 1
7593 0
7594 1
7595 0
7596 1
7597 0
7598 1
7599 0
7600 0
7601 1
7602 1
7603 1
7604 1
7605 0
7606 1
7607 1
7608 1
7609 1
7610 1
7611 0
7612 0
7613 1
7614 1
7615 1
7616 1
7617 2
7618 1
7619 0
7620 1
7621 1
7622 1
7623 1
7624 0
7625 0
7626 2
7627 1
7628 1
7629 0
7630 0
7631 1
7632 0
7633 0
7634 0
7635 1
7636 1
7637 0
7638 1
7639 1
7640 2
7641 1
7642 1
7643 1
7644 1
7645 0
7646 0
7647 1
7648 1
7649 1
7650 1
7651 1
7652 0
7653 1
7654 1
7655 1
7656 2
7657 1
7658 2
7659 1
7660 0
7661 0
7662 1
7663 2
7664 1
7665 1
7666 0
7667 1
7668 0
7669 1
7670 0
7671 0
7672 1
7673 1
7674 1
7675 2
7676 0
7677 1
7678 1
7679 2
7680 1
7681 1
7682 0
7683 1
7684 1
7685 0
7686 0
7687 1
7688 1
7689 1
7690 1
7691 0
7692 1
7693 0
7694 0
7695 0
7696 0
7697 1
7698 1
7699 1
7700 1
7701 1
7702 1
7703 1
7704 1
7705 0
7706 0
7707 0
7708 0
7709 1
7710 0
7711 1
7712 1
7713 0
7714 0
7715 1
7716 0
7717 1
7718 2
7719 0
7720 1
7721 1
7722 1
7723 0
7724 1
7725 1
7726 0
7727 0
7728 1
7729 0
7730 1
7731 0
7732 0
7733 1
7734 1
7735 0
7736 1
7737 1
7738 0
7739 1
7740 0
7741 0
7742 0
7743 1
7744 1
7745 1
7746 1
7747 1
7748 1
7749 2
7750 1
7751 1
7752 1
7753 2
7754 0
7755 0
7756 0
7757 0
7758 1
7759 1
7760 0
7761 1
7762 1
7763 1
7764 1
7765 1
7766 2
7767 1
7768 1
7769 1
7770 1
7771 1
7772 1
7773 1
7774 0
7775 1
7776 0
7777 1
7778 1
7779 1
7780 0
7781 1
7782 1
7783 0
7784 1
7785 1
7786 1
7787 0
7788 0
7789 1
7790 0
7791 0
7792 0
7793 0
7794 1
7795 1
7796 0
7797 1
7798 1
7799 0
7800 0
7801 0
7802 0
7803 0
7804 1
7805 0
7806 1
7807 1
7808 1
7809 1
7810 1
7811 1
7812 1
7813 1
7814 1
7815 1
7816 0
7817 1
7818 1
7819 0
7820 1
7821 0
7822 2
7823 1
7824 1
7825 0
7826 1
7827 0
7828 1
7829 2
7830 1
7831 0
7832 1
7833 1
7834 1
7835 1
7836 1
7837 0
7838 1
7839 1
7840 1
7841 0
7842 0
7843 1
7844 1
7845 1
7846 0
7847 0
7848 0
7849 1
7850 1
7851 1
7852 1
7853 0
7854 1
7855 1
7856 1
7857 1
7858 0
7859 1
7860 0
7861 0
7862 1
7863 2
7864 1
7865 1
7866 1
7867 1
7868 0
7869 0
7870 1
7871 1
7872 1
7873 0
7874 1
7875 1
7876 1
7877 1
7878 0
7879 1
7880 0
7881 1
7882 0
7883 0
7884 1
7885 0
7886 0
7887 1
7888 0
7889 1
7890 1
7891 0
7892 1
7893 0
7894 1
7895 1
7896 1
7897 1
7898 0
7899 2
7900 0
7901 0
7902 0
7903 1
7904 1
7905 1
7906 1
7907 1
7908 1
7909 0
7910 1
7911 0
7912 1
7913 1
7914 0
7915 0
7916 1
7917 0
7918 0
7919 0
7920 0
7921 0
7922 1
7923 1
7924 1
7925 1
7926 0
7927 1
7928 1
7929 1
7930 1
7931 1
7932 1
7933 1
7934 1
7935 0
7936 1
7937 1
7938 0
7939 1
7940 1
7941 1
7942 1
7943 1
7944 0
7945 1
7946 0
7947 0
7948 1
7949 1
7950 1
7951 0
7952 0
7953 1
7954 1
7955 0
7956 0
7957 1
7958 1
7959 1
7960 1
7961 0
7962 1
7963 1
7964 0
7965 1
7966 0
7967 0
7968 0
7969 1
7970 1
7971 1
7972 0
7973 0
7974 0
7975 2
7976 1
7977 0
7978 1
7979 1
7980 1
7981 1
7982 1
7983 1
7984 0
7985 0
7986 1
7987 1
7988 0
7989 1
7990 1
7991 1
7992 1
7993 1
7994 1
7995 0
7996 1
7997 1
7998 1
7999 1
8000 1
8001 2
8002 1
8003 1
8004 1
8005 1
8006 0
8007 0
8008 1
8009 1
8010 0
8011 0
8012 0
8013 0
8014 0
8015 1
8016 0
8017 0
8018 0
8019 0
8020 2
8021 1
8022 1
8023 1
8024 1
8025 1
8026 1
8027 1
8028 1
8029 1
8030 0
8031 0
8032 1
8033 0
8034 1
8035 2
8036 0
8037 2
8038 1
8039 1
8040 1
8041 0
8042 2
8043 1
8044 1
8045 0
8046 1
8047 1
8048 0
8049 1
8050 1
8051 1
8052 1
8053 1
8054 1
8055 0
8056 0
8057 0
8058 1
8059 0
8060 1
8061 0
8062 0
8063 1
8064 0
8065 1
8066 1
8067 1
8068 0
8069 1
8070 1
8071 1
8072 1
8073 1
8074 1
8075 1
8076 1
8077 1
8078 1
8079 1
8080 1
8081 1
8082 0
8083 0
8084 1
8085 2
8086 1
8087 1
8088 0
8089 0
8090 1
8091 0
8092 1
8093 0
8094 1
8095 1
8096 1
8097 2
8098 1
8099 0
8100 1
8101 1
8102 1
8103 0
8104 1
8105 1
8106 1
8107 1
8108 0
8109 1
8110 1
8111 0
8112 1
8113 2
8114 0
8115 1
8116 1
8117 1
8118 1
8119 1
8120 2
8121 1
8122 1
8123 0
8124 1
8125 1
8126 1
8127 0
8128 2
8129 1
8130 2
8131 0
8132 1
8133 1
8134 0
8135 1
8136 1
8137 1
8138 1
8139 1
8140 1
8141 1
8142 0
8143 0
8144 1
8145 1
8146 1
8147 0
8148 1
8149 1
8150 1
8151 1
8152 1
8153 1
8154 0
8155 1
8156 0
8157 1
8158 0
8159 1
8160 1
8161 1
8162 1
8163 1
8164 0
8165 0
8166 1
8167 1
8168 1
8169 1
8170 0
8171 1
8172 1
8173 1
8174 1
8175 0
8176 1
8177 1
8178 1
8179 0
8180 0
8181 1
8182 0
8183 0
8184 1
8185 1
8186 1
8187 1
8188 1
8189 0
8190 1
8191 0
8192 1
8193 0
8194 1
8195 0
8196 1
8197 0
8198 2
8199 1
8200 1
8201 0
8202 0
8203 0
8204 1
8205 0
8206 1
8207 1
8208 1
8209 1
8210 0
8211 2
8212 1
8213 0
8214 0
8215 0
8216 2
8217 1
8218 1
8219 1
8220 1
8221 0
8222 1
8223 0
8224 0
8225 1
8226 0
8227 0
8228 0
8229 1
8230 1
8231 1
8232 0
8233 1
8234 1
8235 1
8236 1
8237 1
8238 1
8239 1
8240 0
8241 0
8242 0
8243 1
8244 1
8245 0
8246 1
8247 0
8248 1
8249 1
8250 1
8251 1
8252 1
8253 1
8254 0
8255 0
8256 1
8257 1
8258 1
8259 1
8260 0
8261 1
8262 0
8263 1
8264 1
8265 0
8266 0
8267 0
8268 0
8269 1
8270 1
8271 0
8272 1
8273 1
8274 1
8275 1
8276 1
8277 0
8278 0
8279 1
8280 1
8281 0
8282 1
8283 1
8284 0
8285 1
8286 0
8287 1
8288 0
8289 1
8290 1
8291 0
8292 1
8293 1
8294 0
8295 1
8296 2
8297 2
8298 1
8299 0
8300 1
8301 2
8302 2
8303 2
8304 1
8305 0
8306 1
8307 1
8308 0
8309 1
8310 2
8311 1
8312 1
8313 1
8314 1
8315 1
8316 0
8317 1
8318 0
8319 1
8320 1
8321 1
8322 1
8323 0
8324 0
8325 0
8326 1
8327 1
8328 0
8329 1
8330 1
8331 0
8332 1
8333 0
8334 0
8335 1
8336 1
8337 1
8338 1
8339 0
8340 1
8341 1
8342 1
8343 1
8344 0
8345 1
8346 1
8347 0
8348 1
8349 1
8350 1
8351 2
8352 1
8353 1
8354 1
8355 1
8356 0
8357 0
8358 1
8359 0
8360 1
8361 0
8362 1
8363 0
8364 1
8365 1
8366 1
8367 1
8368 1
8369 0
8370 1
8371 1
8372 1
8373 1
8374 1
8375 0
8376 0
8377 1
8378 1
8379 0
8380 1
8381 0
8382 1
8383 0
8384 1
8385 1
8386 0
8387 1
8388 1
8389 1
8390 1
8391 0
8392 1
8393 1
8394 1
8395 1
8396 1
8397 0
8398 1
8399 0
8400 0
8401 1
8402 1
8403 1
8404 1
8405 0
8406 1
8407 0
8408 0
8409 1
8410 1
8411 1
8412 0
8413 1
8414 1
8415 1
8416 1
8417 2
8418 1
8419 0
8420 0
8421 1
8422 1
8423 0
8424 1
8425 0
8426 1
8427 0
8428 0
8429 1
8430 1
8431 1
8432 0
8433 1
8434 1
8435 0
8436 0
8437 1
8438 1
8439 0
8440 2
8441 1
8442 1
8443 1
8444 0
8445 1
8446 1
8447 1
8448 1
8449 0
8450 2
8451 1
8452 0
8453 1
8454 1
8455 1
8456 0
8457 1
8458 1
8459 1
8460 1
8461 2
8462 1
8463 1
8464 1
8465 1
8466 0
8467 1
8468 1
8469 0
8470 1
8471 1
8472 0
8473 1
8474 1
8475 1
8476 0
8477 2
8478 1
8479 2
8480 1
8481 2
8482 1
8483 0
8484 1
8485 2
8486 1
8487 0
8488 1
8489 1
8490 1
8491 1
8492 0
8493 0
8494 1
8495 0
8496 1
8497 1
8498 1
8499 1
8500 0
8501 1
8502 1
8503 1
8504 1
8505 1
8506 0
8507 1
8508 2
8509 1
8510 0
8511 1
8512 0
8513 1
8514 0
8515 1
8516 1
8517 1
8518 1
8519 1
8520 2
8521 1
8522 1
8523 1
8524 2
8525 0
8526 1
8527 0
8528 1
8529 1
8530 1
8531 0
8532 0
8533 1
8534 1
8535 1
8536 1
8537 1
8538 0
8539 1
8540 0
8541 1
8542 0
8543 1
8544 1
8545 0
8546 0
8547 1
8548 0
8549 1
8550 1
8551 1
8552 0
8553 0
8554 2
8555 0
8556 2
8557 1
8558 2
8559 1
8560 1
8561 0
8562 0
8563 0
8564 1
8565 2
8566 1
8567 0
8568 1
8569 1
8570 1
8571 1
8572 1
8573 1
8574 0
8575 0
8576 1
8577 1
8578 1
8579 1
8580 0
8581 2
8582 1
8583 1
8584 1
8585 1
8586 2
8587 1
8588 1
8589 1
8590 0
8591 1
8592 2
8593 0
8594 0
8595 0
8596 0
8597 1
8598 0
8599 0
8600 1
8601 2
8602 0
8603 1
8604 0
8605 0
8606 0
8607 1
8608 0
8609 0
8610 1
8611 1
8612 0
8613 1
8614 0
8615 0
8616 1
8617 1
8618 0
8619 1
8620 0
8621 2
8622 0
8623 1
8624 0
8625 0
8626 0
8627 1
8628 1
8629 1
8630 1
8631 1
8632 1
8633 1
8634 1
8635 0
8636 1
8637 1
8638 0
8639 1
8640 0
8641 1
8642 1
8643 0
8644 1
8645 1
8646 1
8647 1
8648 1
8649 0
8650 1
8651 0
8652 1
8653 0
8654 1
8655 1
8656 0
8657 1
8658 1
8659 1
8660 1
8661 0
8662 1
8663 1
8664 1
8665 1
8666 0
8667 2
8668 1
8669 1
8670 1
8671 0
8672 1
8673 1
8674 2
8675 1
8676 1
8677 1
8678 0
8679 1
8680 1
8681 1
8682 0
8683 1
8684 1
8685 1
8686 1
8687 1
8688 0
8689 0
8690 1
8691 1
8692 1
8693 0
8694 0
8695 0
8696 1
8697 2
8698 1
8699 0
8700 2
8701 0
8702 1
8703 1
8704 1
8705 0
8706 1
8707 0
8708 0
8709 1
8710 1
8711 1
8712 0
8713 1
8714 1
8715 0
8716 1
8717 1
8718 1
8719 1
8720 1
8721 1
8722 2
8723 0
8724 1
8725 1
8726 1
8727 1
8728 2
8729 1
8730 1
8731 1
8732 0
8733 1
8734 1
8735 1
8736 0
8737 1
8738 1
8739 1
8740 0
8741 1
8742 1
8743 1
8744 1
8745 1
8746 1
8747 1
8748 1
8749 1
8750 1
8751 0
8752 1
8753 0
8754 0
8755 1
8756 0
8757 1
8758 1
8759 1
8760 1
8761 1
8762 1
8763 0
8764 1
8765 1
8766 1
8767 1
8768 2
8769 0
8770 1
8771 0
8772 1
8773 1
8774 1
8775 1
8776 1
8777 1
8778 0
8779 1
8780 1
8781 0
8782 1
8783 1
8784 0
8785 1
8786 0
8787 2
8788 1
8789 1
8790 1
8791 2
8792 1
8793 1
8794 1
8795 1
8796 1
8797 1
8798 1
8799 1
8800 2
8801 1
8802 1
8803 0
8804 1
8805 0
8806 1
8807 1
8808 0
8809 1
8810 1
8811 0
8812 0
8813 0
8814 2
8815 0
8816 1
8817 1
8818 1
8819 1
8820 0
8821 0
8822 1
8823 2
8824 1
8825 0
8826 0
8827 1
8828 1
8829 1
8830 1
8831 0
8832 0
8833 0
8834 1
8835 0
8836 0
8837 0
8838 0
8839 1
8840 1
8841 1
8842 2
8843 1
8844 0
8845 1
8846 1
8847 0
8848 1
8849 1
8850 1
8851 0
8852 1
8853 1
8854 0
8855 1
8856 0
8857 0
8858 1
8859 1
8860 0
8861 0
8862 1
8863 0
8864 1
8865 0
8866 1
8867 0
8868 0
8869 1
8870 1
8871 0
8872 1
8873 0
8874 0
8875 1
8876 1
8877 0
8878 1
8879 0
8880 1
8881 1
8882 1
8883 1
8884 1
8885 0
8886 1
8887 0
8888 0
8889 1
8890 1
8891 0
8892 0
8893 1
8894 1
8895 1
8896 1
8897 0
8898 0
8899 1
8900 1
8901 0
8902 0
8903 1
8904 1
8905 1
8906 1
8907 0
8908 0
8909 0
8910 1
8911 1
8912 1
8913 1
8914 1
8915 0
8916 1
8917 1
8918 0
8919 1
8920 0
8921 0
8922 1
8923 0
8924 0
8925 1
8926 2
8927 0
8928 0
8929 1
8930 1
8931 1
8932 1
8933 1
8934 1
8935 1
8936 1
8937 1
8938 1
8939 1
8940 0
8941 0
8942 1
8943 0
8944 0
8945 1
8946 1
8947 1
8948 0
8949 0
8950 1
8951 0
8952 1
8953 1
8954 0
8955 1
8956 1
8957 1
8958 0
8959 1
8960 1
8961 1
8962 1
8963 0
8964 1
8965 1
8966 2
8967 1
8968 1
8969 1
8970 1
8971 0
8972 1
8973 1
8974 1
8975 0
8976 0
8977 1
8978 0
8979 1
8980 0
8981 0
8982 0
8983 1
8984 1
8985 1
8986 2
8987 2
8988 1
8989 1
8990 1
8991 1
8992 0
8993 1
8994 1
8995 2
8996 1
8997 2
8998 0
8999 1
9000 0
9001 1
9002 0
9003 1
9004 0
9005 0
9006 1
9007 2
9008 1
9009 1
9010 0
9011 0
9012 1
9013 0
9014 0
9015 0
9016 1
9017 1
9018 1
9019 1
9020 1
9021 1
9022 0
9023 0
9024 1
9025 1
9026 1
9027 1
9028 1
9029 1
9030 1
9031 1
9032 1
9033 0
9034 0
9035 0
9036 0
9037 0
9038 1
9039 0
9040 2
9041 1
9042 0
9043 2
9044 2
9045 0
9046 0
9047 1
9048 1
9049 1
9050 1
9051 0
9052 1
9053 1
9054 1
9055 1
9056 0
9057 0
9058 2
9059 1
9060 0
9061 1
9062 0
9063 1
9064 1
9065 1
9066 1
9067 1
9068 2
9069 0
9070 1
9071 1
9072 1
9073 1
9074 1
9075 0
9076 0
9077 1
9078 1
9079 1
9080 1
9081 1
9082 1
9083 1
9084 1
9085 1
9086 1
9087 1
9088 0
9089 0
9090 1
9091 0
9092 1
9093 0
9094 1
9095 0
9096 1
9097 1
9098 1
9099 1
9100 1
9101 1
9102 0
9103 1
9104 0
9105 1
9106 0
9107 0
9108 0
9109 0
9110 0
9111 0
9112 0
9113 0
9114 2
9115 2
9116 1
9117 1
9118 0
9119 0
9120 0
9121 1
9122 1
9123 0
9124 2
9125 0
9126 1
9127 0
9128 1
9129 1
9130 1
9131 1
9132 1
9133 0
9134 1
9135 1
9136 2
9137 0
9138 0
9139 1
9140 1
9141 0
9142 1
9143 1
9144 1
9145 0
9146 1
9147 1
9148 1
9149 0
9150 1
9151 1
9152 1
9153 1
9154 1
9155 1
9156 1
9157 0
9158 1
9159 0
9160 0
9161 0
9162 0
9163 1
9164 1
9165 0
9166 1
9167 1
9168 1
9169 1
9170 0
9171 1
9172 1
9173 1
9174 1
9175 1
9176 1
9177 1
9178 1
9179 0
9180 1
9181 1
9182 1
9183 1
9184 1
9185 1
9186 1
9187 0
9188 1
9189 1
9190 1
9191 1
9192 1
9193 1
9194 1
9195 1
9196 1
9197 0
9198 1
9199 1
9200 1
9201 1
9202 1
9203 0
9204 1
9205 1
9206 1
9207 1
9208 0
9209 0
9210 1
9211 1
9212 0
9213 1
9214 0
9215 0
9216 1
9217 1
9218 1
9219 1
9220 2
9221 2
9222 2
9223 1
9224 0
9225 0
9226 1
9227 1
9228 0
9229 1
9230 1
9231 1
9232 1
9233 0
9234 0
9235 1
9236 1
9237 1
9238 1
9239 1
9240 1
9241 1
9242 1
9243 0
9244 2
9245 1
9246 2
9247 1
9248 0
9249 1
9250 1
9251 1
9252 0
9253 0
9254 0
9255 1
9256 1
9257 2
9258 1
9259 1
9260 1
9261 1
9262 1
9263 1
9264 1
9265 1
9266 1
9267 1
9268 1
9269 1
9270 0
9271 0
9272 1
9273 0
9274 1
9275 2
9276 1
9277 1
9278 1
9279 1
9280 1
9281 1
9282 1
9283 1
9284 1
9285 0
9286 0
9287 0
9288 0
9289 0
9290 1
9291 0
9292 1
9293 0
9294 1
9295 1
9296 1
9297 2
9298 1
9299 2
9300 0
9301 0
9302 1
9303 1
9304 1
9305 0
9306 0
9307 2
9308 2
9309 0
9310 0
9311 0
9312 0
9313 1
9314 1
9315 0
9316 0
9317 0
9318 2
9319 1
9320 0
9321 1
9322 1
9323 1
9324 1
9325 1
9326 0
9327 0
9328 1
9329 1
9330 1
9331 1
9332 1
9333 1
9334 0
9335 1
9336 2
9337 1
9338 1
9339 1
9340 1
9341 2
9342 0
9343 0
9344 2
9345 1
9346 1
9347 1
9348 0
9349 0
9350 1
9351 1
9352 2
9353 1
9354 1
9355 2
9356 1
9357 0
9358 0
9359 0
9360 1
9361 1
9362 1
9363 0
9364 1
9365 2
9366 1
9367 2
9368 1
9369 1
9370 1
9371 2
9372 1
9373 1
9374 1
9375 2
9376 0
9377 0
9378 0
9379 0
9380 0
9381 0
9382 0
9383 1
9384 0
9385 1
9386 1
9387 0
9388 0
9389 2
9390 0
9391 0
9392 2
9393 2
9394 1
9395 0
9396 0
9397 1
9398 1
9399 1
9400 1
9401 1
9402 0
9403 2
9404 1
9405 1
9406 0
9407 1
9408 1
9409 1
9410 1
9411 1
9412 1
9413 1
9414 0
9415 0
9416 1
9417 1
9418 1
9419 1
9420 1
9421 0
9422 0
9423 1
9424 1
9425 1
9426 0
9427 1
9428 0
9429 0
9430 1
9431 1
9432 0
9433 1
9434 1
9435 0
9436 1
9437 1
9438 1
9439 0
9440 1
9441 1
9442 0
9443 1
9444 0
9445 1
9446 0
9447 1
9448 0
9449 2
9450 1
9451 1
9452 1
9453 1
9454 1
9455 2
9456 1
9457 2
9458 2
9459 0
9460 0
9461 1
9462 2
9463 1
9464 0
9465 0
9466 0
9467 1
9468 1
9469 1
9470 2
9471 1
9472 1
9473 0
9474 0
9475 0
9476 1
9477 1
9478 1
9479 0
9480 1
9481 1
9482 1
9483 1
9484 0
9485 1
9486 0
9487 1
9488 1
9489 0
9490 0
9491 1
9492 1
9493 1
9494 0
9495 2
9496 0
9497 1
9498 1
9499 1
9500 0
9501 1
9502 1
9503 1
9504 1
9505 1
9506 0
9507 1
9508 2
9509 1
9510 0
9511 1
9512 1
9513 0
9514 0
9515 1
9516 1
9517 1
9518 0
9519 1
9520 1
9521 0
9522 1
9523 1
9524 0
9525 1
9526 1
9527 1
9528 1
9529 0
9530 0
9531 2
9532 1
9533 1
9534 0
9535 1
9536 0
9537 0
9538 1
9539 0
9540 1
9541 1
9542 1
9543 2
9544 0
9545 0
9546 0
9547 2
9548 2
9549 2
9550 1
9551 0
9552 0
9553 0
9554 1
9555 0
9556 0
9557 1
9558 0
9559 1
9560 0
9561 1
9562 0
9563 1
9564 0
9565 0
9566 0
9567 0
9568 1
9569 0
9570 0
9571 1
9572 1
9573 0
9574 1
9575 1
9576 0
9577 0
9578 2
9579 1
9580 1
9581 1
9582 2
9583 0
9584 1
9585 1
9586 0
9587 1
9588 1
9589 2
9590 1
9591 1
9592 1
9593 1
9594 1
9595 1
9596 0
9597 0
9598 1
9599 2
9600 0
9601 0
9602 1
9603 1
9604 1
9605 1
9606 2
9607 1
9608 0
9609 1
9610 0
9611 1
9612 1
9613 0
9614 2
9615 1
9616 1
9617 1
9618 1
9619 0
9620 0
9621 0
9622 1
9623 0
9624 0
9625 1
9626 1
9627 1
9628 1
9629 0
9630 0
9631 1
9632 0
9633 0
9634 0
9635 2
9636 0
9637 0
9638 1
9639 0
9640 1
9641 0
9642 0
9643 1
9644 1
9645 0
9646 2
9647 1
9648 2
9649 0
9650 1
9651 1
9652 1
9653 1
9654 1
9655 1
9656 1
9657 1
9658 2
9659 0
9660 2
9661 1
9662 1
9663 1
9664 0
9665 1
9666 1
9667 1
9668 2
9669 1
9670 2
9671 1
9672 1
9673 1
9674 0
9675 1
9676 0
9677 1
9678 1
9679 1
9680 0
9681 1
9682 1
9683 1
9684 2
9685 0
9686 1
9687 0
9688 2
9689 2
9690 2
9691 0
9692 1
9693 1
9694 0
9695 1
9696 1
9697 0
9698 0
9699 1
9700 0
9701 2
9702 0
9703 1
9704 1
9705 1
9706 1
9707 1
9708 1
9709 0
9710 1
9711 1
9712 0
9713 2
9714 0
9715 1
9716 1
9717 0
9718 0
9719 0
9720 1
9721 2
9722 1
9723 2
9724 1
9725 1
9726 0
9727 0
9728 1
9729 0
9730 1
9731 1
9732 0
9733 1
9734 0
9735 1
9736 1
9737 1
9738 1
9739 0
9740 1
9741 0
9742 1
9743 1
9744 2
9745 0
9746 1
9747 0
9748 1
9749 1
9750 1
9751 1
9752 1
9753 1
9754 1
9755 0
9756 0
9757 1
9758 1
9759 1
9760 1
9761 1
9762 1
9763 1
9764 1
9765 1
9766 2
9767 1
9768 2
9769 1
9770 1
9771 1
9772 1
9773 0
9774 1
9775 1
9776 1
9777 0
9778 1
9779 1
9780 2
9781 0
9782 1
9783 1
9784 1
9785 0
9786 1
9787 1
9788 2
9789 1
9790 1
9791 1
9792 1
9793 1
9794 1
9795 2
9796 1
9797 2
9798 1
9799 1
9800 1
9801 1
9802 1
9803 1
9804 1
9805 0
9806 1
9807 1
9808 1
9809 2
9810 2
9811 1
9812 0
9813 0
9814 2
9815 0
9816 1
9817 1
9818 1
9819 0
9820 0
9821 1
9822 2
9823 2
9824 1
9825 1
9826 1
9827 1
9828 0
9829 1
9830 1
9831 1
9832 1
9833 1
9834 0
9835 1
9836 0
9837 0
9838 1
9839 0
9840 1
9841 1
9842 1
9843 2
9844 0
9845 1
9846 0
9847 1
9848 1
9849 0
9850 0
9851 1
9852 2
9853 2
9854 1
9855 0
9856 1
9857 0
9858 0
9859 0
9860 0
9861 1
9862 2
9863 1
9864 0
9865 0
9866 0
9867 1
9868 1
9869 1
9870 1
9871 2
9872 0
9873 1
9874 1
9875 1
9876 1
9877 0
9878 1
9879 0
9880 1
9881 1
9882 0
9883 2
9884 0
9885 0
9886 2
9887 0
9888 1
9889 0
9890 2
9891 1
9892 1
9893 1
9894 1
9895 1
9896 0
9897 1
9898 0
9899 1
9900 0
9901 2
9902 1
9903 0
9904 1
9905 0
9906 1
9907 1
9908 0
9909 0
9910 1
9911 1
9912 1
9913 1
9914 1
9915 0
9916 1
9917 0
9918 1
9919 0
9920 1
9921 1
9922 0
9923 1
9924 1
9925 1
9926 1
9927 0
9928 1
9929 0
9930 0
9931 1
9932 0
9933 1
9934 1
9935 0
9936 0
9937 1
9938 1
9939 0
9940 1
9941 0
9942 0
9943 1
9944 0
9945 1
9946 0
9947 1
9948 0
9949 0
9950 0
9951 1
9952 0
9953 0
9954 0
9955 0
9956 1
9957 2
9958 1
9959 0
9960 0
9961 1
9962 1
9963 0
9964 1
9965 1
9966 0
9967 1
9968 0
9969 0
9970 0
9971 1
9972 1
9973 1
9974 1
9975 0
9976 1
9977 1
9978 0
9979 1
9980 0
9981 1
9982 1
9983 0
9984 1
9985 1
9986 1
9987 0
9988 2
9989 0
9990 1
9991 1
9992 0
9993 0
9994 1
9995 1
9996 1
9997 1
9998 0
9999 1
10000 1
10001 1
