1 1
2 0
3 1
4 0
5 2
6 2
7 2
8 0
9 1
10 1
11 0
12 0
13 0
14 2
15 1
16 1
17 2
18 2
19 1
20 1
21 1
22 1
23 2
24 0
25 1
26 2
27 1
28 0
29 0
30 1
31 0
32 0
33 0
34 1
35 0
36 0
37 1
38 1
39 1
40 1
41 0
42 1
43 0
44 0
45 0
46 1
47 0
48 0
49 1
50 0
51 0
52 0
53 1
54 0
55 1
56 0
57 0
58 1
59 0
60 0
61 0
62 0
63 0
64 0
65 1
66 0
67 0
68 0
69 0
70 0
71 0
72 1
73 0
74 0
75 0
76 0
77 0
78 0
79 1
80 0
81 0
82 0
83 1
84 0
85 1
86 2
87 1
88 2
89 2
90 2
91 1
92 2
93 2
94 2
95 1
96 1
97 1
98 2
99 2
100 1
101 1
102 2
103 2
104 0
105 2
106 0
107 0
108 0
109 0
110 0
111 1
112 1
113 0
114 0
115 1
116 0
117 1
118 0
119 0
120 0
121 1
122 0
123 0
124 0
125 1
126 0
127 0
128 0
129 0
130 0
131 0
132 0
133 0
134 0
135 0
136 0
137 0
138 0
139 1
140 0
141 0
142 0
143 1
144 0
145 0
146 0
147 1
148 1
149 1
150 0
151 0
152 0
153 0
154 1
155 0
156 0
157 1
158 0
159 0
160 0
161 0
162 0
163 0
164 0
165 0
166 0
167 0
168 0
169 0
170 0
171 0
172 1
173 0
174 0
175 0
176 0
177 0
178 1
179 0
180 0
181 0
182 0
183 0
184 0
185 0
186 0
187 0
188 0
189 0
190 0
191 0
192 0
193 0
194 0
195 0
196 0
197 0
198 0
199 0
200 0
201 0
202 0
203 0
204 0
205 0
206 0
207 0
208 0
209 0
210 0
211 0
212 0
213 0
214 0
215 0
216 0
217 1
218 1
219 1
220 0
221 0
222 0
223 0
224 0
225 0
226 0
227 0
228 0
229 0
230 0
231 0
232 1
233 2
234 1
235 2
236 2
237 2
238 2
239 1
240 1
241 1
242 1
243 1
244 1
245 2
246 1
247 1
248 1
249 1
250 1
251 2
252 2
253 1
254 2
255 0
256 2
257 1
258 1
259 0
260 2
261 0
262 0
263 0
264 0
265 0
266 1
267 1
268 2
269 2
270 2
271 0
272 1
273 2
274 1
275 2
276 1
277 1
278 0
279 2
280 1
281 1
282 1
283 1
284 2
285 2
286 2
287 2
288 2
289 2
290 3
291 1
292 1
293 2
294 2
295 2
296 2
297 1
298 2
299 0
300 1
301 0
302 0
303 0
304 2
305 1
306 2
307 2
308 0
309 1
310 2
311 2
312 1
313 2
314 1
315 1
316 1
317 2
318 2
319 1
320 1
321 1
322 1
323 2
324 1
325 1
326 1
327 1
328 1
329 1
330 2
331 2
332 1
333 2
334 1
335 2
336 2
337 2
338 2
339 1
340 2
341 1
342 1
343 1
344 1
345 1
346 3
347 2
348 2
349 2
350 1
351 2
352 1
353 3
354 2
355 1
356 3
357 1
358 1
359 1
360 2
361 1
362 1
363 1
364 1
365 0
366 2
367 2
368 0
369 1
370 2
371 0
372 2
373 1
374 1
375 1
376 1
377 2
378 0
379 1
380 0
381 0
382 2
383 0
384 0
385 2
386 1
387 1
388 0
389 1
390 2
391 1
392 1
393 1
394 1
395 2
396 1
397 1
398 0
399 1
400 1
401 2
402 2
403 2
404 2
405 2
406 2
407 2
408 0
409 0
410 1
411 2
412 1
413 1
414 2
415 2
416 3
417 2
418 1
419 0
420 1
421 1
422 2
423 1
424 1
425 1
426 1
427 0
428 1
429 1
430 2
431 1
432 2
433 2
434 2
435 1
436 1
437 1
438 1
439 2
440 2
441 2
442 2
443 1
444 1
445 1
446 1
447 1
448 1
449 2
450 1
451 2
452 1
453 0
454 1
455 2
456 0
457 1
458 2
459 1
460 2
461 1
462 1
463 1
464 2
465 2
466 1
467 1
468 1
469 1
470 1
471 1
472 1
473 2
474 1
475 2
476 2
477 1
478 2
479 2
480 3
481 3
482 2
483 1
484 1
485 0
486 1
487 0
488 1
489 2
490 1
491 1
492 1
493 1
494 0
495 1
496 1
497 1
498 1
499 2
500 0
501 1
502 0
503 2
504 3
505 0
506 1
507 3
508 0
509 1
510 2
511 0
512 2
513 2
514 2
515 2
516 1
517 2
518 1
519 3
520 1
521 2
522 2
523 2
524 0
525 0
526 0
527 1
528 1
529 1
530 0
531 1
532 1
533 2
534 1
535 2
536 0
537 1
538 1
539 0
540 1
541 2
542 1
543 2
544 1
545 1
546 2
547 2
548 1
549 2
550 2
551 1
552 3
553 2
554 2
555 1
556 2
557 2
558 1
559 2
560 1
561 1
562 1
563 1
564 2
565 3
566 0
567 2
568 1
569 0
570 1
571 2
572 1
573 2
574 1
575 1
576 2
577 1
578 0
579 2
580 1
581 0
582 0
583 1
584 2
585 2
586 2
587 1
588 1
589 2
590 2
591 3
592 1
593 1
594 1
595 1
596 2
597 1
598 2
599 2
600 1
601 3
602 0
603 2
604 1
605 3
606 2
607 1
608 3
609 1
610 1
611 2
612 2
613 1
614 1
615 1
616 0
617 2
618 2
619 1
620 1
621 2
622 1
623 1
624 2
625 1
626 1
627 1
628 2
629 0
630 2
631 2
632 2
633 1
634 1
635 1
636 0
637 2
638 2
639 2
640 1
641 1
642 1
643 0
644 2
645 1
646 2
647 2
648 1
649 1
650 0
651 2
652 1
653 1
654 1
655 2
656 1
657 1
658 2
659 0
660 0
661 0
662 1
663 1
664 1
665 1
666 1
667 0
668 0
669 0
670 0
671 1
672 0
673 0
674 0
675 1
676 1
677 1
678 0
679 0
680 0
681 0
682 0
683 0
684 0
685 0
686 0
687 0
688 0
689 0
690 0
691 0
692 0
693 0
694 1
695 1
696 1
697 1
698 1
699 2
700 0
701 0
702 0
703 1
704 0
705 0
706 0
707 0
708 0
709 0
710 0
711 0
712 0
713 0
714 0
715 0
716 0
717 0
718 0
719 0
720 1
721 0
722 0
723 0
724 0
725 1
726 1
727 1
728 2
729 0
730 1
731 2
732 2
733 1
734 2
735 2
736 1
737 2
738 2
739 2
740 2
741 2
742 2
743 2
744 1
745 2
746 1
747 2
748 0
749 1
750 2
751 0
752 1
753 1
754 1
755 2
756 2
757 1
758 0
759 2
760 3
761 2
762 0
763 1
764 2
765 2
766 3
767 1
768 0
769 0
770 2
771 1
772 2
773 0
774 1
775 3
776 1
777 2
778 1
779 1
780 1
781 1
782 1
783 3
784 0
785 1
786 1
787 1
788 1
789 3
790 2
791 2
792 1
793 2
794 1
795 1
796 1
797 1
798 1
799 1
800 1
801 2
802 2
803 1
804 1
805 2
806 2
807 0
808 2
809 1
810 1
811 2
812 1
813 1
814 1
815 0
816 1
817 1
818 0
819 2
820 1
821 2
822 0
823 0
824 2
825 2
826 2
827 1
828 0
829 1
830 0
831 2
832 2
833 1
834 2
835 2
836 2
837 2
838 0
839 1
840 2
841 2
842 2
843 0
844 2
845 2
846 2
847 1
848 2
849 2
850 0
851 0
852 1
853 2
854 1
855 1
856 1
857 0
858 2
859 1
860 0
861 1
862 1
863 1
864 1
865 2
866 0
867 2
868 2
869 1
870 3
871 1
872 0
873 0
874 0
875 0
876 1
877 0
878 1
879 1
880 1
881 0
882 1
883 1
884 3
885 1
886 1
887 2
888 1
889 2
890 0
891 2
892 2
893 2
894 1
895 2
896 2
897 2
898 2
899 1
900 1
901 2
902 0
903 1
904 2
905 2
906 1
907 2
908 1
909 1
910 0
911 1
912 1
913 2
914 1
915 0
916 1
917 1
918 0
919 1
920 1
921 0
922 1
923 1
924 2
925 1
926 2
927 1
928 1
929 2
930 1
931 1
932 2
933 2
934 2
935 2
936 0
937 2
938 2
939 1
940 1
941 1
942 1
943 1
944 2
945 1
946 1
947 1
948 2
949 1
950 2
951 1
952 1
953 2
954 1
955 1
956 1
957 3
958 2
959 1
960 2
961 1
962 1
963 0
964 3
965 1
966 1
967 2
968 1
969 3
970 2
971 1
972 2
973 0
974 1
975 0
976 2
977 1
978 1
979 2
980 2
981 2
982 1
983 0
984 2
985 1
986 2
987 2
988 1
989 1
990 1
991 1
992 2
993 2
994 2
995 0
996 1
997 0
998 2
999 1
1000 2
1001 2
1002 1
1003 2
1004 2
1005 1
1006 1
1007 1
1008 1
1009 2
1010 2
1011 2
1012 1
1013 2
1014 1
1015 1
1016 2
1017 1
1018 0
1019 2
1020 1
1021 1
1022 1
1023 0
1024 1
1025 2
1026 2
1027 2
1028 1
1029 2
1030 1
1031 2
1032 1
1033 0
1034 0
1035 0
1036 2
1037 1
1038 0
1039 1
1040 2
1041 0
1042 2
1043 2
1044 1
1045 1
1046 2
1047 1
1048 1
1049 0
1050 2
1051 2
1052 1
1053 1
1054 2
1055 1
1056 0
1057 1
1058 1
1059 1
1060 1
1061 1
1062 0
1063 1
1064 0
1065 1
1066 0
1067 2
1068 1
1069 0
1070 0
1071 1
1072 2
1073 2
1074 2
1075 0
1076 0
1077 1
1078 1
1079 2
1080 1
1081 1
1082 1
1083 2
1084 2
1085 1
1086 2
1087 2
1088 1
1089 2
1090 1
1091 1
1092 0
1093 2
1094 2
1095 1
1096 2
1097 2
1098 1
1099 1
1100 2
1101 2
1102 1
1103 1
1104 1
1105 2
1106 1
1107 1
1108 2
1109 2
1110 1
1111 0
1112 0
1113 1
1114 2
1115 2
1116 1
1117 1
1118 0
1119 1
1120 0
1121 2
1122 1
1123 2
1124 1
1125 1
1126 2
1127 0
1128 1
1129 0
1130 1
1131 2
1132 1
1133 2
1134 3
1135 1
1136 1
1137 1
1138 2
1139 0
1140 1
1141 0
1142 1
1143 2
1144 0
1145 2
1146 2
1147 1
1148 0
1149 1
1150 1
1151 0
1152 1
1153 2
1154 1
1155 2
1156 0
1157 1
1158 1
1159 1
1160 1
1161 1
1162 0
1163 2
1164 2
1165 2
1166 2
1167 1
1168 1
1169 0
1170 2
1171 1
1172 1
1173 3
1174 1
1175 2
1176 1
1177 2
1178 1
1179 1
1180 0
1181 2
1182 2
1183 3
1184 0
1185 1
1186 0
1187 0
1188 0
1189 0
1190 1
1191 0
1192 0
1193 0
1194 0
1195 0
1196 0
1197 0
1198 0
1199 0
1200 0
1201 0
1202 0
1203 0
1204 1
1205 0
1206 0
1207 0
1208 0
1209 0
1210 0
1211 0
1212 0
1213 1
1214 0
1215 1
1216 1
1217 0
1218 1
1219 0
1220 0
1221 0
1222 0
1223 0
1224 0
1225 1
1226 2
1227 1
1228 1
1229 1
1230 2
1231 1
1232 0
1233 1
1234 0
1235 2
1236 1
1237 1
1238 1
1239 1
1240 1
1241 3
1242 1
1243 1
1244 0
1245 1
1246 1
1247 2
1248 2
1249 0
1250 1
1251 1
1252 2
1253 2
1254 0
1255 2
1256 1
1257 2
1258 2
1259 3
1260 0
1261 1
1262 1
1263 1
1264 2
1265 2
1266 1
1267 1
1268 2
1269 0
1270 1
1271 2
1272 1
1273 0
1274 1
1275 1
1276 2
1277 2
1278 1
1279 0
1280 1
1281 0
1282 0
1283 0
1284 2
1285 1
1286 0
1287 2
1288 3
1289 1
1290 2
1291 2
1292 1
1293 2
1294 2
1295 3
1296 0
1297 2
1298 1
1299 2
1300 1
1301 0
1302 1
1303 3
1304 0
1305 2
1306 3
1307 1
1308 2
1309 2
1310 1
1311 1
1312 2
1313 1
1314 2
1315 0
1316 1
1317 1
1318 2
1319 1
1320 1
1321 0
1322 2
1323 1
1324 2
1325 1
1326 2
1327 1
1328 1
1329 0
1330 1
1331 2
1332 2
1333 2
1334 0
1335 2
1336 0
1337 2
1338 1
1339 1
1340 1
1341 1
1342 2
1343 2
1344 2
1345 1
1346 2
1347 2
1348 1
1349 1
1350 2
1351 1
1352 0
1353 1
1354 2
1355 1
1356 2
1357 2
1358 1
1359 2
1360 1
1361 1
1362 0
1363 2
1364 3
1365 1
1366 2
1367 1
1368 2
1369 1
1370 2
1371 0
1372 1
1373 2
1374 1
1375 0
1376 1
1377 1
1378 2
1379 1
1380 2
1381 2
1382 3
1383 1
1384 0
1385 0
1386 0
1387 0
1388 0
1389 0
1390 1
1391 0
1392 1
1393 0
1394 0
1395 0
1396 0
1397 0
1398 0
1399 0
1400 0
1401 0
1402 0
1403 1
1404 2
1405 1
1406 1
1407 2
1408 1
1409 1
1410 2
1411 1
1412 1
1413 2
1414 0
1415 2
1416 1
1417 2
1418 1
1419 0
1420 0
1421 1
1422 2
1423 0
1424 1
1425 0
1426 1
1427 1
1428 2
1429 2
1430 1
1431 1
1432 1
1433 1
1434 1
1435 1
1436 1
1437 2
1438 3
1439 2
1440 1
1441 2
1442 1
1443 1
1444 1
1445 0
1446 2
1447 1
1448 2
1449 1
1450 2
1451 0
1452 0
1453 1
1454 1
1455 0
1456 1
1457 3
1458 1
1459 1
1460 0
1461 0
1462 2
1463 2
1464 1
1465 2
1466 2
1467 1
1468 2
1469 0
1470 2
1471 3
1472 1
1473 1
1474 2
1475 1
1476 2
1477 1
1478 1
1479 2
1480 2
1481 1
1482 2
1483 1
1484 1
1485 1
1486 2
1487 1
1488 1
1489 2
1490 2
1491 1
1492 2
1493 1
1494 3
1495 1
1496 3
1497 1
1498 2
1499 1
1500 0
1501 0
1502 1
1503 1
1504 0
1505 1
1506 0
1507 1
1508 0
1509 1
1510 1
1511 1
1512 1
1513 0
1514 1
1515 1
1516 1
1517 0
1518 0
1519 0
1520 1
1521 1
1522 0
1523 0
1524 1
1525 1
1526 1
1527 1
1528 1
1529 0
1530 1
1531 0
1532 1
1533 0
1534 0
1535 1
1536 1
1537 0
1538 1
1539 1
1540 1
1541 0
1542 0
1543 1
1544 1
1545 0
1546 0
1547 1
1548 1
1549 2
1550 0
1551 0
1552 2
1553 0
1554 2
1555 1
1556 2
1557 1
1558 2
1559 0
1560 1
1561 2
1562 1
1563 2
1564 1
1565 2
1566 2
1567 1
1568 2
1569 1
1570 2
1571 1
1572 1
1573 0
1574 1
1575 1
1576 1
1577 2
1578 1
1579 1
1580 2
1581 3
1582 1
1583 1
1584 1
1585 2
1586 1
1587 2
1588 2
1589 1
1590 1
1591 2
1592 1
1593 0
1594 1
1595 1
1596 1
1597 1
1598 2
1599 2
1600 1
1601 1
1602 2
1603 2
1604 2
1605 2
1606 1
1607 1
1608 1
1609 2
1610 1
1611 1
1612 2
1613 0
1614 1
1615 1
1616 1
1617 1
1618 3
1619 2
1620 2
1621 2
1622 2
1623 1
1624 2
1625 1
1626 0
1627 1
1628 2
1629 2
1630 2
1631 2
1632 1
1633 1
1634 2
1635 1
1636 2
1637 1
1638 0
1639 2
1640 1
1641 2
1642 1
1643 2
1644 0
1645 0
1646 1
1647 0
1648 1
1649 0
1650 0
1651 0
1652 1
1653 1
1654 0
1655 1
1656 0
1657 1
1658 1
1659 0
1660 0
1661 1
1662 1
1663 0
1664 0
1665 1
1666 0
1667 1
1668 0
1669 1
1670 1
1671 1
1672 0
1673 0
1674 0
1675 0
1676 0
1677 3
1678 1
1679 0
1680 0
1681 1
1682 2
1683 1
1684 3
1685 2
1686 1
1687 2
1688 0
1689 2
1690 2
1691 2
1692 1
1693 2
1694 2
1695 2
1696 2
1697 3
1698 2
1699 1
1700 1
1701 2
1702 2
1703 2
1704 0
1705 2
1706 1
1707 3
1708 2
1709 2
1710 1
1711 2
1712 1
1713 1
1714 2
1715 1
1716 2
1717 2
1718 1
1719 1
1720 2
1721 1
1722 2
1723 2
1724 1
1725 2
1726 1
1727 1
1728 2
1729 1
1730 1
1731 2
1732 2
1733 2
1734 2
1735 2
1736 1
1737 0
1738 0
1739 2
1740 1
1741 2
1742 1
1743 1
1744 0
1745 2
1746 0
1747 1
1748 1
1749 1
1750 1
1751 1
1752 2
1753 2
1754 2
1755 1
1756 1
1757 2
1758 1
1759 0
1760 1
1761 2
1762 2
1763 1
1764 3
1765 2
1766 0
1767 2
1768 1
1769 1
1770 0
1771 2
1772 2
1773 1
1774 0
1775 2
1776 2
1777 0
1778 2
1779 1
1780 0
1781 1
1782 0
1783 0
1784 0
1785 1
1786 1
1787 0
1788 1
1789 1
1790 0
1791 0
1792 0
1793 0
1794 0
1795 0
1796 0
1797 0
1798 0
1799 0
1800 0
1801 0
1802 1
1803 0
1804 1
1805 2
1806 0
1807 0
1808 1
1809 0
1810 0
1811 0
1812 0
1813 1
1814 0
1815 0
1816 0
1817 1
1818 0
1819 1
1820 0
1821 1
1822 0
1823 1
1824 1
1825 0
1826 2
1827 1
1828 2
1829 1
1830 2
1831 1
1832 1
1833 1
1834 1
1835 1
1836 1
1837 0
1838 2
1839 2
1840 1
1841 2
1842 1
1843 1
1844 1
1845 2
1846 2
1847 2
1848 2
1849 2
1850 1
1851 1
1852 2
1853 2
1854 2
1855 0
1856 2
1857 1
1858 2
1859 0
1860 1
1861 2
1862 2
1863 2
1864 1
1865 2
1866 1
1867 0
1868 0
1869 2
1870 1
1871 2
1872 1
1873 1
1874 1
1875 2
1876 1
1877 2
1878 1
1879 2
1880 1
1881 1
1882 2
1883 0
1884 0
1885 3
1886 2
1887 1
1888 2
1889 1
1890 1
1891 2
1892 0
1893 1
1894 2
1895 2
1896 2
1897 1
1898 2
1899 1
1900 2
1901 1
1902 1
1903 0
1904 2
1905 1
1906 1
1907 0
1908 2
1909 1
1910 1
1911 1
1912 1
1913 1
1914 1
1915 2
1916 1
1917 2
1918 1
1919 1
1920 3
1921 1
1922 1
1923 0
1924 0
1925 1
1926 1
1927 1
1928 2
1929 0
1930 1
1931 1
1932 1
1933 1
1934 1
1935 0
1936 2
1937 1
1938 1
1939 0
1940 1
1941 2
1942 3
1943 1
1944 1
1945 2
1946 0
1947 2
1948 0
1949 1
1950 2
1951 1
1952 1
1953 1
1954 1
1955 2
1956 2
1957 2
1958 1
1959 1
1960 1
1961 2
1962 2
1963 2
1964 0
1965 1
1966 2
1967 1
1968 1
1969 1
1970 1
1971 1
1972 1
1973 1
1974 0
1975 1
1976 1
1977 1
1978 0
1979 1
1980 2
1981 1
1982 2
1983 1
1984 2
1985 1
1986 1
1987 0
1988 2
1989 2
1990 1
1991 2
1992 1
1993 2
1994 1
1995 1
1996 1
1997 1
1998 1
1999 1
2000 0
2001 0
2002 0
2003 0
2004 1
2005 0
2006 0
2007 0
2008 0
2009 0
2010 0
2011 2
2012 2
2013 0
2014 1
2015 1
2016 2
2017 1
2018 1
2019 0
2020 0
2021 2
2022 0
2023 0
2024 0
2025 0
2026 1
2027 1
2028 0
2029 1
2030 1
2031 0
2032 0
2033 0
2034 0
2035 0
2036 1
2037 1
2038 0
2039 1
2040 0
2041 1
2042 1
2043 0
2044 1
2045 0
2046 0
2047 0
2048 1
2049 0
2050 0
2051 0
2052 1
2053 0
2054 0
2055 1
2056 0
2057 0
2058 0
2059 0
2060 1
2061 0
2062 0
2063 0
2064 0
2065 0
2066 1
2067 1
2068 0
2069 2
2070 0
2071 0
2072 0
2073 0
2074 1
2075 0
2076 1
2077 0
2078 1
2079 0
2080 1
2081 1
2082 1
2083 1
2084 1
2085 0
2086 0
2087 0
2088 1
2089 0
2090 0
2091 1
2092 0
2093 1
2094 0
2095 1
2096 1
2097 0
2098 1
2099 1
2100 1
2101 1
2102 1
2103 1
2104 0
2105 1
2106 0
2107 1
2108 1
2109 0
2110 1
2111 1
2112 1
2113 0
2114 0
2115 1
2116 0
2117 0
2118 0
2119 1
2120 0
2121 0
2122 1
2123 0
2124 0
2125 1
2126 1
2127 0
2128 0
2129 1
2130 0
2131 1
2132 0
2133 0
2134 0
2135 1
2136 1
2137 1
2138 1
2139 0
2140 0
2141 0
2142 2
2143 0
2144 1
2145 0
2146 0
2147 0
2148 1
2149 0
2150 0
2151 0
2152 0
2153 0
2154 1
2155 0
2156 1
2157 1
2158 1
2159 1
2160 1
2161 0
2162 1
2163 1
2164 0
2165 0
2166 0
2167 1
2168 0
2169 0
2170 2
2171 0
2172 1
2173 1
2174 0
2175 2
2176 1
2177 0
2178 0
2179 2
2180 0
2181 0
2182 1
2183 0
2184 0
2185 0
2186 1
2187 0
2188 1
2189 0
2190 0
2191 0
2192 1
2193 1
2194 0
2195 0
2196 0
2197 2
2198 0
2199 0
2200 0
2201 0
2202 1
2203 0
2204 0
2205 0
2206 0
2207 0
2208 0
2209 0
2210 0
2211 1
2212 0
2213 0
2214 1
2215 0
2216 1
2217 1
2218 0
2219 0
2220 0
2221 0
2222 1
2223 1
2224 0
2225 1
2226 0
2227 1
2228 0
2229 1
2230 0
2231 1
2232 1
2233 0
2234 0
2235 1
2236 0
2237 0
2238 0
2239 1
2240 1
2241 0
2242 0
2243 0
2244 1
2245 1
2246 1
2247 0
2248 1
2249 1
2250 1
2251 0
2252 0
2253 1
2254 0
2255 0
2256 1
2257 0
2258 0
2259 0
2260 0
2261 1
2262 0
2263 1
2264 0
2265 0
2266 1
2267 0
2268 0
2269 0
2270 0
2271 0
2272 0
2273 0
2274 0
2275 0
2276 0
2277 0
2278 1
2279 0
2280 0
2281 1
2282 1
2283 0
2284 0
2285 1
2286 2
2287 1
2288 1
2289 2
2290 1
2291 0
2292 1
2293 2
2294 2
2295 2
2296 1
2297 2
2298 1
2299 1
2300 0
2301 0
2302 1
2303 1
2304 2
2305 2
2306 1
2307 1
2308 2
2309 1
2310 1
2311 0
2312 1
2313 2
2314 3
2315 1
2316 0
2317 1
2318 1
2319 3
2320 1
2321 2
2322 1
2323 1
2324 2
2325 1
2326 2
2327 2
2328 2
2329 1
2330 2
2331 0
2332 1
2333 0
2334 1
2335 2
2336 2
2337 2
2338 2
2339 2
2340 1
2341 2
2342 0
2343 1
2344 0
2345 1
2346 1
2347 3
2348 2
2349 2
2350 2
2351 1
2352 2
2353 1
2354 0
2355 2
2356 1
2357 1
2358 0
2359 1
2360 3
2361 1
2362 0
2363 1
2364 1
2365 2
2366 1
2367 2
2368 2
2369 1
2370 1
2371 1
2372 2
2373 3
2374 1
2375 2
2376 1
2377 2
2378 0
2379 2
2380 0
2381 0
2382 3
2383 1
2384 0
2385 0
2386 0
2387 3
2388 1
2389 1
2390 1
2391 2
2392 0
2393 1
2394 2
2395 2
2396 2
2397 1
2398 1
2399 1
2400 0
2401 1
2402 0
2403 2
2404 2
2405 0
2406 1
2407 2
2408 1
2409 1
2410 1
2411 1
2412 2
2413 1
2414 1
2415 0
2416 1
2417 1
2418 1
2419 2
2420 1
2421 0
2422 1
2423 2
2424 0
2425 1
2426 1
2427 0
2428 1
2429 1
2430 1
2431 2
2432 1
2433 0
2434 1
2435 2
2436 0
2437 1
2438 0
2439 1
2440 2
2441 1
2442 1
2443 2
2444 1
2445 0
2446 0
2447 1
2448 1
2449 1
2450 1
2451 0
2452 1
2453 1
2454 1
2455 2
2456 1
2457 1
2458 2
2459 1
2460 2
2461 1
2462 1
2463 2
2464 1
2465 1
2466 0
2467 1
2468 1
2469 1
2470 1
2471 2
2472 0
2473 1
2474 1
2475 2
2476 1
2477 1
2478 1
2479 1
2480 1
2481 2
2482 2
2483 2
2484 1
2485 2
2486 1
2487 1
2488 1
2489 1
2490 1
2491 1
2492 1
2493 1
2494 1
2495 2
2496 1
2497 2
2498 1
2499 1
2500 1
2501 2
2502 1
2503 1
2504 1
2505 1
2506 2
2507 1
2508 1
2509 0
2510 1
2511 2
2512 1
2513 2
2514 1
2515 1
2516 2
2517 1
2518 1
2519 0
2520 1
2521 0
2522 1
2523 1
2524 0
2525 1
2526 1
2527 1
2528 0
2529 0
2530 1
2531 0
2532 0
2533 1
2534 1
2535 1
2536 0
2537 0
2538 0
2539 1
2540 0
2541 0
2542 0
2543 0
2544 0
2545 0
2546 0
2547 0
2548 0
2549 0
2550 0
2551 0
2552 0
2553 0
2554 0
2555 0
2556 0
2557 0
2558 0
2559 0
2560 0
2561 0
2562 0
2563 0
2564 0
2565 0
2566 0
2567 0
2568 0
2569 0
2570 1
2571 0
2572 0
2573 0
2574 0
2575 0
2576 0
2577 1
2578 1
2579 2
2580 1
2581 0
2582 0
2583 0
2584 0
2585 0
2586 0
2587 0
2588 0
2589 0
2590 0
2591 0
2592 0
2593 1
2594 1
2595 1
2596 0
2597 0
2598 0
2599 0
2600 0
2601 0
2602 0
2603 0
2604 0
2605 0
2606 0
2607 1
2608 1
2609 1
2610 1
2611 1
2612 0
2613 0
2614 0
2615 1
2616 1
2617 0
2618 1
2619 0
2620 1
2621 0
2622 0
2623 0
2624 0
2625 0
2626 0
2627 0
2628 0
2629 0
2630 0
2631 0
2632 0
2633 0
2634 0
2635 0
2636 0
2637 0
2638 0
2639 0
2640 0
2641 0
2642 1
2643 0
2644 0
2645 0
2646 1
2647 0
2648 0
2649 0
2650 1
2651 1
2652 0
2653 0
2654 0
2655 1
2656 0
2657 0
2658 0
2659 0
2660 0
2661 0
2662 0
2663 1
2664 0
2665 1
2666 0
2667 0
2668 0
2669 0
2670 0
2671 0
2672 0
2673 1
2674 0
2675 1
2676 0
2677 0
2678 0
2679 0
2680 0
2681 1
2682 0
2683 0
2684 0
2685 1
2686 0
2687 0
2688 0
2689 0
2690 0
2691 0
2692 0
2693 0
2694 1
2695 1
2696 1
2697 1
2698 1
2699 0
2700 1
2701 0
2702 1
2703 0
2704 0
2705 0
2706 0
2707 0
2708 0
2709 0
2710 0
2711 0
2712 0
2713 0
2714 0
2715 0
2716 0
2717 0
2718 0
2719 0
2720 0
2721 0
2722 0
2723 0
2724 0
2725 0
2726 0
2727 0
2728 0
2729 0
2730 0
2731 0
2732 0
2733 1
2734 0
2735 1
2736 0
2737 0
2738 0
2739 0
2740 0
2741 0
2742 0
2743 0
2744 0
2745 1
2746 0
2747 1
2748 0
2749 0
2750 0
2751 0
2752 0
2753 0
2754 0
2755 1
2756 1
2757 1
2758 0
2759 1
2760 0
2761 1
2762 1
2763 0
2764 0
2765 1
2766 1
2767 0
2768 1
2769 1
2770 1
2771 1
2772 1
2773 1
2774 1
2775 1
2776 1
2777 1
2778 1
2779 1
2780 0
2781 0
2782 0
2783 0
2784 1
2785 0
2786 0
2787 1
2788 0
2789 0
2790 1
2791 1
2792 0
2793 1
2794 1
2795 1
2796 0
2797 0
2798 0
2799 0
2800 0
2801 0
2802 0
2803 0
2804 1
2805 0
2806 0
2807 0
2808 1
2809 0
2810 1
2811 0
2812 0
2813 0
2814 0
2815 1
2816 0
2817 0
2818 0
2819 1
2820 1
2821 1
2822 0
2823 1
2824 1
2825 0
2826 1
2827 2
2828 0
2829 1
2830 1
2831 1
2832 0
2833 0
2834 0
2835 0
2836 0
2837 0
2838 0
2839 0
2840 0
2841 1
2842 0
2843 0
2844 0
2845 0
2846 1
2847 2
2848 2
2849 2
2850 1
2851 1
2852 1
2853 1
2854 1
2855 2
2856 1
2857 1
2858 1
2859 2
2860 2
2861 1
2862 2
2863 2
2864 1
2865 1
2866 0
2867 1
2868 2
2869 2
2870 3
2871 1
2872 2
2873 2
2874 2
2875 1
2876 1
2877 1
2878 1
2879 2
2880 1
2881 1
2882 2
2883 1
2884 2
2885 1
2886 2
2887 1
2888 0
2889 2
2890 2
2891 1
2892 0
2893 0
2894 1
2895 1
2896 2
2897 1
2898 2
2899 1
2900 2
2901 0
2902 2
2903 1
2904 2
2905 0
2906 2
2907 1
2908 1
2909 2
2910 1
2911 1
2912 2
2913 2
2914 2
2915 2
2916 2
2917 2
2918 1
2919 4
2920 2
2921 2
2922 1
2923 2
2924 2
2925 1
2926 1
2927 1
2928 2
2929 1
2930 2
2931 2
2932 1
2933 0
2934 1
2935 1
2936 1
2937 0
2938 0
2939 0
2940 1
2941 1
2942 1
2943 1
2944 1
2945 1
2946 0
2947 1
2948 1
2949 2
2950 1
2951 1
2952 1
2953 0
2954 0
2955 0
2956 0
2957 0
2958 0
2959 0
2960 0
2961 0
2962 1
2963 0
2964 0
2965 0
2966 1
2967 0
2968 1
2969 0
2970 1
2971 0
2972 0
2973 1
2974 0
2975 0
2976 1
2977 0
2978 0
2979 1
2980 1
2981 0
2982 0
2983 0
2984 0
2985 1
2986 1
2987 1
2988 1
2989 2
2990 1
2991 0
2992 1
2993 1
2994 2
2995 2
2996 2
2997 1
2998 0
2999 0
3000 0
3001 0
3002 1
3003 1
3004 1
3005 0
3006 0
3007 0
3008 0
3009 0
3010 1
3011 0
3012 0
3013 0
3014 1
3015 1
3016 0
3017 1
3018 1
3019 0
3020 0
3021 0
3022 0
3023 0
3024 0
3025 0
3026 1
3027 1
3028 0
3029 0
3030 0
3031 0
3032 0
3033 0
3034 1
3035 1
3036 0
3037 1
3038 1
3039 1
3040 2
3041 1
3042 2
3043 0
3044 0
3045 0
3046 0
3047 1
3048 2
3049 0
3050 1
3051 2
3052 2
3053 1
3054 2
3055 1
3056 0
3057 1
3058 2
3059 2
3060 2
3061 2
3062 1
3063 1
3064 2
3065 1
3066 1
3067 2
3068 1
3069 1
3070 1
3071 1
3072 2
3073 2
3074 1
3075 1
3076 3
3077 0
3078 0
3079 1
3080 1
3081 1
3082 1
3083 2
3084 1
3085 3
3086 2
3087 0
3088 1
3089 1
3090 1
3091 1
3092 1
3093 1
3094 0
3095 1
3096 1
3097 0
3098 0
3099 0
3100 0
3101 0
3102 0
3103 1
3104 0
3105 0
3106 1
3107 1
3108 1
3109 0
3110 0
3111 0
3112 0
3113 1
3114 0
3115 0
3116 0
3117 0
3118 1
3119 0
3120 0
3121 1
3122 1
3123 0
3124 1
3125 0
3126 1
3127 0
3128 0
3129 1
3130 0
3131 0
3132 0
3133 0
3134 0
3135 1
3136 0
3137 0
3138 1
3139 0
3140 0
3141 1
3142 1
3143 0
3144 1
3145 0
3146 0
3147 0
3148 0
3149 1
3150 0
3151 1
3152 0
3153 1
3154 0
3155 1
3156 0
3157 1
3158 0
3159 0
3160 0
3161 1
3162 0
3163 0
3164 1
3165 1
3166 0
3167 0
3168 0
3169 0
3170 0
3171 0
3172 2
3173 0
3174 2
3175 1
3176 1
3177 1
3178 1
3179 0
3180 0
3181 1
3182 1
3183 2
3184 1
3185 2
3186 1
3187 1
3188 2
3189 1
3190 0
3191 0
3192 3
3193 1
3194 1
3195 1
3196 2
3197 2
3198 1
3199 1
3200 2
3201 2
3202 1
3203 0
3204 1
3205 0
3206 1
3207 1
3208 2
3209 1
3210 2
3211 0
3212 0
3213 0
3214 2
3215 1
3216 2
3217 1
3218 2
3219 1
3220 2
3221 1
3222 0
3223 1
3224 2
3225 2
3226 2
3227 0
3228 0
3229 2
3230 3
3231 1
3232 1
3233 2
3234 0
3235 2
3236 0
3237 1
3238 3
3239 1
3240 2
3241 0
3242 1
3243 1
3244 2
3245 2
3246 0
3247 1
3248 2
3249 1
3250 1
3251 1
3252 1
3253 1
3254 1
3255 1
3256 1
3257 2
3258 0
3259 1
3260 2
3261 1
3262 1
3263 1
3264 2
3265 2
3266 1
3267 1
3268 1
3269 1
3270 1
3271 2
3272 2
3273 1
3274 2
3275 1
3276 1
3277 1
3278 1
3279 2
3280 1
3281 2
3282 2
3283 2
3284 1
3285 1
3286 2
3287 1
3288 2
3289 2
3290 2
3291 2
3292 1
3293 1
3294 1
3295 0
3296 1
3297 1
3298 1
3299 1
3300 1
3301 2
3302 1
3303 2
3304 1
3305 1
3306 2
3307 1
3308 3
3309 2
3310 2
3311 1
3312 2
3313 1
3314 2
3315 1
3316 1
3317 2
3318 1
3319 1
3320 1
3321 1
3322 2
3323 2
3324 2
3325 2
3326 2
3327 2
3328 1
3329 1
3330 1
3331 1
3332 2
3333 1
3334 0
3335 1
3336 0
3337 1
3338 2
3339 1
3340 1
3341 2
3342 0
3343 2
3344 2
3345 2
3346 1
3347 1
3348 1
3349 1
3350 1
3351 2
3352 2
3353 1
3354 1
3355 2
3356 1
3357 1
3358 2
3359 2
3360 2
3361 2
3362 1
3363 1
3364 1
3365 1
3366 2
3367 2
3368 2
3369 0
3370 2
3371 1
3372 2
3373 2
3374 2
3375 2
3376 2
3377 1
3378 2
3379 2
3380 2
3381 2
3382 1
3383 0
3384 0
3385 2
3386 1
3387 1
3388 1
3389 2
3390 1
3391 2
3392 1
3393 2
3394 1
3395 1
3396 1
3397 1
3398 3
3399 1
3400 2
3401 1
3402 2
3403 1
3404 1
3405 1
3406 1
3407 2
3408 0
3409 0
3410 2
3411 1
3412 1
3413 2
3414 0
3415 0
3416 1
3417 1
3418 0
3419 0
3420 1
3421 2
3422 1
3423 2
3424 1
3425 1
3426 2
3427 2
3428 1
3429 1
3430 2
3431 0
3432 1
3433 2
3434 1
3435 1
3436 2
3437 2
3438 0
3439 1
3440 1
3441 0
3442 1
3443 1
3444 0
3445 2
3446 2
3447 2
3448 1
3449 1
3450 0
3451 1
3452 1
3453 0
3454 1
3455 2
3456 1
3457 1
3458 1
3459 1
3460 1
3461 1
3462 1
3463 1
3464 1
3465 1
3466 1
3467 0
3468 1
3469 1
3470 2
3471 1
3472 2
3473 2
3474 2
3475 2
3476 1
3477 1
3478 2
3479 2
3480 0
3481 2
3482 1
3483 1
3484 1
3485 1
3486 1
3487 2
3488 1
3489 1
3490 2
3491 1
3492 1
3493 1
3494 1
3495 2
3496 1
3497 1
3498 2
3499 2
3500 1
3501 1
3502 2
3503 2
3504 1
3505 2
3506 2
3507 2
3508 1
3509 1
3510 2
3511 1
3512 1
3513 1
3514 2
3515 2
3516 1
3517 2
3518 0
3519 2
3520 0
3521 1
3522 2
3523 1
3524 1
3525 2
3526 2
3527 2
3528 2
3529 0
3530 1
3531 2
3532 2
3533 2
3534 1
3535 0
3536 2
3537 2
3538 2
3539 1
3540 1
3541 2
3542 1
3543 2
3544 1
3545 1
3546 0
3547 0
3548 2
3549 3
3550 2
3551 2
3552 2
3553 1
3554 2
3555 1
3556 1
3557 2
3558 0
3559 2
3560 0
3561 1
3562 2
3563 2
3564 1
3565 1
3566 0
3567 2
3568 3
3569 0
3570 2
3571 1
3572 1
3573 2
3574 1
3575 1
3576 2
3577 2
3578 2
3579 2
3580 1
3581 2
3582 2
3583 2
3584 1
3585 2
3586 2
3587 2
3588 2
3589 1
3590 1
3591 1
3592 2
3593 1
3594 1
3595 1
3596 2
3597 0
3598 1
3599 2
3600 1
3601 1
3602 2
3603 1
3604 1
3605 1
3606 1
3607 2
3608 2
3609 1
3610 1
3611 1
3612 2
3613 2
3614 1
3615 2
3616 0
3617 3
3618 2
3619 1
3620 2
3621 0
3622 2
3623 1
3624 0
3625 1
3626 1
3627 1
3628 1
3629 0
3630 1
3631 1
3632 2
3633 2
3634 1
3635 0
3636 2
3637 2
3638 2
3639 3
3640 2
3641 2
3642 2
3643 2
3644 2
3645 1
3646 2
3647 1
3648 1
3649 1
3650 2
3651 0
3652 2
3653 0
3654 1
3655 0
3656 0
3657 0
3658 0
3659 0
3660 0
3661 1
3662 0
3663 0
3664 0
3665 0
3666 1
3667 0
3668 1
3669 0
3670 0
3671 0
3672 0
3673 0
3674 1
3675 0
3676 0
3677 1
3678 0
3679 0
3680 0
3681 0
3682 0
3683 0
3684 1
3685 1
3686 1
3687 0
3688 0
3689 0
3690 0
3691 1
3692 2
3693 1
3694 2
3695 1
3696 1
3697 1
3698 1
3699 1
3700 1
3701 2
3702 2
3703 1
3704 2
3705 0
3706 2
3707 2
3708 2
3709 1
3710 1
3711 1
3712 1
3713 2
3714 2
3715 1
3716 1
3717 2
3718 2
3719 1
3720 0
3721 2
3722 1
3723 2
3724 2
3725 2
3726 2
3727 1
3728 2
3729 2
3730 3
3731 1
3732 1
3733 1
3734 2
3735 2
3736 2
3737 1
3738 1
3739 1
3740 0
3741 1
3742 0
3743 0
3744 0
3745 0
3746 0
3747 0
3748 1
3749 0
3750 0
3751 0
3752 0
3753 0
3754 0
3755 0
3756 0
3757 0
3758 0
3759 0
3760 0
3761 1
3762 1
3763 0
3764 1
3765 1
3766 1
3767 1
3768 1
3769 1
3770 0
3771 1
3772 1
3773 1
3774 1
3775 1
3776 0
3777 0
3778 1
3779 1
3780 0
3781 1
3782 1
3783 1
3784 1
3785 0
3786 0
3787 0
3788 1
3789 1
3790 1
3791 1
3792 1
3793 0
3794 1
3795 0
3796 0
3797 1
3798 0
3799 0
3800 0
3801 0
3802 1
3803 0
3804 0
3805 0
3806 1
3807 1
3808 1
3809 0
3810 0
3811 1
3812 2
3813 1
3814 2
3815 2
3816 1
3817 1
3818 2
3819 1
3820 1
3821 2
3822 0
3823 0
3824 1
3825 2
3826 1
3827 0
3828 2
3829 1
3830 0
3831 1
3832 1
3833 1
3834 2
3835 2
3836 1
3837 1
3838 2
3839 1
3840 1
3841 1
3842 1
3843 2
3844 1
3845 2
3846 1
3847 2
3848 1
3849 1
3850 1
3851 2
3852 2
3853 1
3854 1
3855 1
3856 2
3857 1
3858 0
3859 0
3860 1
3861 1
3862 1
3863 1
3864 0
3865 1
3866 0
3867 0
3868 0
3869 1
3870 0
3871 0
3872 1
3873 0
3874 0
3875 1
3876 0
3877 1
3878 1
3879 0
3880 0
3881 0
3882 0
3883 0
3884 1
3885 1
3886 1
3887 2
3888 1
3889 2
3890 1
3891 0
3892 0
3893 1
3894 1
3895 1
3896 0
3897 1
3898 0
3899 0
3900 0
3901 1
3902 1
3903 0
3904 1
3905 2
3906 0
3907 0
3908 1
3909 0
3910 1
3911 1
3912 1
3913 1
3914 0
3915 1
3916 1
3917 1
3918 1
3919 0
3920 0
3921 0
3922 0
3923 0
3924 1
3925 1
3926 2
3927 2
3928 1
3929 2
3930 1
3931 2
3932 1
3933 2
3934 0
3935 0
3936 1
3937 1
3938 2
3939 1
3940 2
3941 1
3942 1
3943 2
3944 1
3945 0
3946 1
3947 2
3948 2
3949 2
3950 1
3951 1
3952 1
3953 2
3954 1
3955 2
3956 2
3957 1
3958 2
3959 1
3960 0
3961 0
3962 2
3963 1
3964 2
3965 1
3966 1
3967 2
3968 1
3969 2
3970 1
3971 2
3972 2
3973 2
3974 1
3975 1
3976 1
3977 1
3978 1
3979 1
3980 1
3981 2
3982 1
3983 2
3984 0
3985 1
3986 0
3987 2
3988 1
3989 1
3990 2
3991 2
3992 2
3993 1
3994 1
3995 1
3996 2
3997 2
3998 1
3999 1
4000 1
4001 1
4002 1
4003 2
4004 3
4005 2
4006 1
4007 0
4008 2
4009 1
4010 2
4011 1
4012 0
4013 2
4014 2
4015 2
4016 0
4017 2
4018 1
4019 0
4020 2
4021 1
4022 0
4023 3
4024 2
4025 3
4026 2
4027 1
4028 2
4029 2
4030 1
4031 2
4032 1
4033 1
4034 2
4035 1
4036 1
4037 1
4038 2
4039 2
4040 1
4041 0
4042 1
4043 1
4044 2
4045 1
4046 3
4047 1
4048 2
4049 1
4050 2
4051 2
4052 2
4053 1
4054 0
4055 1
4056 1
4057 1
4058 1
4059 0
4060 2
4061 2
4062 0
4063 1
4064 2
4065 3
4066 1
4067 2
4068 2
4069 2
4070 2
4071 1
4072 0
4073 2
4074 3
4075 0
4076 1
4077 2
4078 1
4079 1
4080 1
4081 1
4082 1
4083 2
4084 2
4085 2
4086 2
4087 2
4088 2
4089 2
4090 2
4091 1
4092 1
4093 2
4094 0
4095 2
4096 2
4097 1
4098 2
4099 1
4100 1
4101 1
4102 1
4103 1
4104 0
4105 0
4106 1
4107 1
4108 1
4109 1
4110 1
4111 2
4112 2
4113 1
4114 1
4115 1
4116 2
4117 0
4118 2
4119 2
4120 2
4121 1
4122 0
4123 0
4124 2
4125 1
4126 2
4127 2
4128 2
4129 0
4130 1
4131 1
4132 1
4133 1
4134 2
4135 1
4136 1
4137 2
4138 0
4139 2
4140 0
4141 1
4142 2
4143 2
4144 0
4145 2
4146 1
4147 1
4148 0
4149 1
4150 2
4151 2
4152 2
4153 1
4154 2
4155 2
4156 1
4157 1
4158 1
4159 3
4160 1
4161 1
4162 2
4163 0
4164 1
4165 1
4166 2
4167 1
4168 1
4169 2
4170 1
4171 1
4172 1
4173 2
4174 2
4175 1
4176 2
4177 2
4178 1
4179 2
4180 2
4181 1
4182 1
4183 1
4184 0
4185 1
4186 1
4187 1
4188 1
4189 1
4190 1
4191 1
4192 0
4193 2
4194 1
4195 0
4196 2
4197 2
4198 1
4199 3
4200 1
4201 1
4202 1
4203 1
4204 3
4205 1
4206 1
4207 2
4208 1
4209 1
4210 2
4211 0
4212 1
4213 1
4214 1
4215 2
4216 2
4217 1
4218 1
4219 1
4220 2
4221 1
4222 0
4223 1
4224 2
4225 1
4226 1
4227 0
4228 1
4229 2
4230 0
4231 0
4232 2
4233 2
4234 1
4235 1
4236 1
4237 1
4238 1
4239 1
4240 0
4241 2
4242 1
4243 1
4244 0
4245 2
4246 1
4247 1
4248 3
4249 1
4250 0
4251 2
4252 2
4253 1
4254 1
4255 1
4256 2
4257 1
4258 1
4259 1
4260 2
4261 0
4262 1
4263 1
4264 1
4265 1
4266 1
4267 1
4268 1
4269 0
4270 1
4271 1
4272 1
4273 1
4274 1
4275 2
4276 2
4277 0
4278 2
4279 2
4280 1
4281 1
4282 2
4283 1
4284 2
4285 2
4286 0
4287 0
4288 0
4289 0
4290 0
4291 0
4292 0
4293 1
4294 0
4295 1
4296 0
4297 0
4298 1
4299 1
4300 0
4301 0
4302 0
4303 1
4304 0
4305 0
4306 0
4307 0
4308 0
4309 2
4310 1
4311 1
4312 1
4313 0
4314 1
4315 0
4316 0
4317 0
4318 1
4319 0
4320 1
4321 0
4322 1
4323 2
4324 0
4325 0
4326 0
4327 0
4328 1
4329 1
4330 1
4331 1
4332 0
4333 1
4334 0
4335 1
4336 1
4337 0
4338 2
4339 1
4340 2
4341 2
4342 0
4343 0
4344 3
4345 0
4346 0
4347 0
4348 1
4349 0
4350 0
4351 1
4352 1
4353 1
4354 1
4355 1
4356 0
4357 1
4358 0
4359 0
4360 0
4361 0
4362 0
4363 1
4364 1
4365 2
4366 1
4367 1
4368 2
4369 1
4370 2
4371 1
4372 2
4373 1
4374 1
4375 0
4376 1
4377 2
4378 1
4379 3
4380 2
4381 3
4382 1
4383 2
4384 1
4385 1
4386 0
4387 1
4388 3
4389 1
4390 1
4391 2
4392 2
4393 2
4394 2
4395 1
4396 2
4397 2
4398 1
4399 2
4400 1
4401 2
4402 0
4403 2
4404 1
4405 1
4406 3
4407 1
4408 1
4409 2
4410 1
4411 2
4412 1
4413 2
4414 1
4415 2
4416 1
4417 1
4418 2
4419 2
4420 2
4421 1
4422 0
4423 1
4424 2
4425 2
4426 2
4427 2
4428 1
4429 2
4430 1
4431 1
4432 1
4433 1
4434 2
4435 1
4436 1
4437 0
4438 1
4439 1
4440 1
4441 0
4442 0
4443 1
4444 1
4445 1
4446 1
4447 2
4448 2
4449 0
4450 1
4451 2
4452 2
4453 1
4454 1
4455 1
4456 1
4457 2
4458 1
4459 2
4460 0
4461 1
4462 1
4463 1
4464 1
4465 2
4466 2
4467 1
4468 0
4469 1
4470 1
4471 2
4472 1
4473 1
4474 1
4475 1
4476 2
4477 2
4478 1
4479 3
4480 2
4481 2
4482 1
4483 1
4484 1
4485 2
4486 0
4487 2
4488 1
4489 1
4490 2
4491 2
4492 1
4493 1
4494 1
4495 1
4496 1
4497 0
4498 1
4499 1
4500 2
4501 1
4502 2
4503 2
4504 2
4505 1
4506 1
4507 0
4508 2
4509 2
4510 0
4511 2
4512 1
4513 1
4514 1
4515 1
4516 0
4517 2
4518 1
4519 2
4520 0
4521 1
4522 2
4523 2
4524 1
4525 1
4526 1
4527 1
4528 1
4529 1
4530 2
4531 1
4532 2
4533 1
4534 0
4535 1
4536 2
4537 1
4538 0
4539 0
4540 2
4541 1
4542 2
4543 1
4544 2
4545 1
4546 1
4547 1
4548 1
4549 1
4550 1
4551 2
4552 1
4553 2
4554 2
4555 2
4556 1
4557 1
4558 2
4559 2
4560 1
4561 0
4562 0
4563 1
4564 1
4565 2
4566 1
4567 1
4568 1
4569 0
4570 2
4571 1
4572 1
4573 1
4574 1
4575 1
4576 2
4577 2
4578 2
4579 0
4580 3
4581 1
4582 1
4583 0
4584 1
4585 1
4586 1
4587 1
4588 2
4589 1
4590 0
4591 1
4592 1
4593 2
4594 1
4595 1
4596 0
4597 1
4598 2
4599 2
4600 1
4601 2
4602 2
4603 2
4604 0
4605 0
4606 2
4607 1
4608 1
4609 2
4610 0
4611 1
4612 1
4613 3
4614 2
4615 2
4616 1
4617 1
4618 2
4619 3
4620 1
4621 1
4622 1
4623 0
4624 2
4625 1
4626 0
4627 1
4628 2
4629 1
4630 2
4631 1
4632 2
4633 1
4634 1
4635 2
4636 1
4637 2
4638 1
4639 2
4640 1
4641 1
4642 2
4643 2
4644 1
4645 3
4646 3
4647 1
4648 3
4649 0
4650 1
4651 1
4652 2
4653 1
4654 2
4655 1
4656 2
4657 1
4658 1
4659 1
4660 0
4661 2
4662 2
4663 0
4664 1
4665 1
4666 1
4667 1
4668 2
4669 0
4670 0
4671 1
4672 0
4673 1
4674 0
4675 1
4676 1
4677 2
4678 1
4679 1
4680 1
4681 1
4682 1
4683 2
4684 0
4685 1
4686 1
4687 2
4688 1
4689 0
4690 1
4691 1
4692 1
4693 2
4694 0
4695 2
4696 1
4697 2
4698 2
4699 1
4700 2
4701 0
4702 1
4703 2
4704 2
4705 2
4706 2
4707 1
4708 1
4709 0
4710 0
4711 2
4712 1
4713 2
4714 1
4715 0
4716 2
4717 2
4718 0
4719 1
4720 0
4721 1
4722 0
4723 0
4724 2
4725 2
4726 1
4727 0
4728 1
4729 1
4730 2
4731 2
4732 0
4733 2
4734 0
4735 2
4736 2
4737 2
4738 1
4739 1
4740 1
4741 1
4742 2
4743 2
4744 1
4745 1
4746 0
4747 2
4748 1
4749 1
4750 1
4751 2
4752 1
4753 1
4754 2
4755 1
4756 2
4757 2
4758 1
4759 2
4760 2
4761 1
4762 2
4763 1
4764 1
4765 0
4766 0
4767 1
4768 2
4769 2
4770 2
4771 0
4772 2
4773 2
4774 2
4775 2
4776 2
4777 2
4778 1
4779 1
4780 1
4781 1
4782 2
4783 1
4784 1
4785 2
4786 1
4787 2
4788 1
4789 1
4790 2
4791 1
4792 2
4793 1
4794 1
4795 1
4796 1
4797 1
4798 2
4799 2
4800 2
4801 2
4802 1
4803 1
4804 0
4805 2
4806 1
4807 1
4808 2
4809 1
4810 1
4811 1
4812 0
4813 1
4814 1
4815 2
4816 2
4817 1
4818 1
4819 2
4820 0
4821 2
4822 2
4823 1
4824 2
4825 2
4826 1
4827 1
4828 1
4829 1
4830 2
4831 2
4832 2
4833 1
4834 2
4835 1
4836 1
4837 1
4838 2
4839 2
4840 1
4841 1
4842 1
4843 1
4844 1
4845 1
4846 1
4847 1
4848 1
4849 0
4850 0
4851 0
4852 0
4853 1
4854 1
4855 0
4856 1
4857 0
4858 1
4859 0
4860 0
4861 0
4862 0
4863 0
4864 0
4865 0
4866 0
4867 1
4868 0
4869 1
4870 1
4871 1
4872 1
4873 1
4874 0
4875 0
4876 0
4877 0
4878 0
4879 1
4880 1
4881 0
4882 0
4883 0
4884 0
4885 0
4886 0
4887 1
4888 0
4889 1
4890 0
4891 0
4892 0
4893 1
4894 0
4895 1
4896 1
4897 0
4898 0
4899 0
4900 0
4901 0
4902 1
4903 1
4904 1
4905 0
4906 0
4907 0
4908 0
4909 0
4910 0
4911 0
4912 0
4913 1
4914 0
4915 0
4916 0
4917 0
4918 0
4919 0
4920 0
4921 0
4922 1
4923 0
4924 0
4925 1
4926 0
4927 0
4928 2
4929 1
4930 1
4931 0
4932 0
4933 0
4934 0
4935 0
4936 1
4937 0
4938 0
4939 1
4940 0
4941 0
4942 1
4943 0
4944 0
4945 0
4946 0
4947 0
4948 0
4949 1
4950 0
4951 0
4952 0
4953 0
4954 1
4955 0
4956 1
4957 1
4958 1
4959 0
4960 1
4961 0
4962 1
4963 0
4964 0
4965 0
4966 0
4967 0
4968 0
4969 0
4970 0
4971 1
4972 2
4973 2
4974 1
4975 0
4976 0
4977 0
4978 0
4979 0
4980 0
4981 0
4982 0
4983 0
4984 0
4985 0
4986 1
4987 1
4988 0
4989 1
4990 1
4991 0
4992 1
4993 1
4994 0
4995 0
4996 0
4997 0
4998 0
4999 0
5000 0
5001 0
5002 0
5003 0
5004 0
5005 0
5006 0
5007 0
5008 0
5009 0
5010 0
5011 1
5012 1
5013 0
5014 0
5015 1
5016 0
5017 1
5018 1
5019 0
5020 0
5021 0
5022 0
5023 1
5024 0
5025 0
5026 0
5027 0
5028 0
5029 0
5030 0
5031 1
5032 1
5033 1
5034 0
5035 0
5036 0
5037 0
5038 0
5039 0
5040 1
5041 0
5042 2
5043 2
5044 2
5045 1
5046 0
5047 0
5048 2
5049 0
5050 2
5051 1
5052 2
5053 2
5054 1
5055 2
5056 1
5057 1
5058 3
5059 1
5060 1
5061 0
5062 2
5063 2
5064 2
5065 1
5066 1
5067 1
5068 3
5069 2
5070 2
5071 1
5072 3
5073 2
5074 1
5075 1
5076 2
5077 2
5078 1
5079 2
5080 1
5081 1
5082 1
5083 2
5084 1
5085 1
5086 2
5087 0
5088 1
5089 1
5090 2
5091 2
5092 1
5093 2
5094 1
5095 2
5096 2
5097 1
5098 1
5099 1
5100 1
5101 1
5102 1
5103 1
5104 1
5105 1
5106 0
5107 1
5108 2
5109 1
5110 2
5111 1
5112 2
5113 1
5114 1
5115 2
5116 2
5117 2
5118 2
5119 2
5120 1
5121 1
5122 1
5123 2
5124 2
5125 0
5126 2
5127 1
5128 2
5129 1
5130 1
5131 0
5132 1
5133 2
5134 2
5135 1
5136 1
5137 2
5138 1
5139 1
5140 2
5141 2
5142 1
5143 1
5144 2
5145 2
5146 2
5147 0
5148 1
5149 1
5150 0
5151 2
5152 3
5153 1
5154 0
5155 1
5156 2
5157 2
5158 2
5159 1
5160 1
5161 2
5162 1
5163 1
5164 1
5165 2
5166 2
5167 2
5168 1
5169 0
5170 1
5171 2
5172 1
5173 1
5174 1
5175 2
5176 1
5177 1
5178 1
5179 1
5180 1
5181 1
5182 1
5183 2
5184 1
5185 2
5186 1
5187 0
5188 2
5189 1
5190 1
5191 1
5192 2
5193 1
5194 2
5195 1
5196 1
5197 2
5198 2
5199 1
5200 1
5201 1
5202 1
5203 1
5204 1
5205 0
5206 1
5207 1
5208 1
5209 2
5210 2
5211 1
5212 1
5213 2
5214 2
5215 1
5216 1
5217 2
5218 2
5219 1
5220 1
5221 1
5222 1
5223 1
5224 0
5225 2
5226 1
5227 1
5228 0
5229 2
5230 0
5231 1
5232 1
5233 2
5234 1
5235 1
5236 1
5237 2
5238 0
5239 2
5240 1
5241 0
5242 1
5243 0
5244 0
5245 1
5246 1
5247 1
5248 0
5249 0
5250 0
5251 1
5252 1
5253 1
5254 0
5255 1
5256 0
5257 1
5258 1
5259 0
5260 2
5261 1
5262 2
5263 1
5264 1
5265 1
5266 1
5267 2
5268 3
5269 2
5270 2
5271 1
5272 1
5273 1
5274 2
5275 1
5276 0
5277 2
5278 1
5279 0
5280 2
5281 2
5282 1
5283 2
5284 2
5285 1
5286 2
5287 2
5288 2
5289 2
5290 1
5291 1
5292 1
5293 1
5294 0
5295 2
5296 2
5297 1
5298 1
5299 1
5300 2
5301 0
5302 2
5303 1
5304 2
5305 1
5306 1
5307 1
5308 2
5309 0
5310 1
5311 1
5312 2
5313 2
5314 2
5315 1
5316 1
5317 2
5318 1
5319 1
5320 0
5321 1
5322 0
5323 2
5324 1
5325 2
5326 1
5327 2
5328 0
5329 2
5330 1
5331 1
5332 2
5333 1
5334 2
5335 2
5336 2
5337 2
5338 2
5339 1
5340 1
5341 1
5342 1
5343 2
5344 1
5345 2
5346 1
5347 1
5348 1
5349 2
5350 1
5351 0
5352 2
5353 1
5354 3
5355 2
5356 0
5357 1
5358 1
5359 0
5360 1
5361 1
5362 1
5363 2
5364 1
5365 2
5366 2
5367 2
5368 1
5369 1
5370 1
5371 0
5372 0
5373 0
5374 0
5375 0
5376 0
5377 0
5378 1
5379 0
5380 0
5381 0
5382 0
5383 0
5384 0
5385 0
5386 0
5387 0
5388 0
5389 0
5390 0
5391 0
5392 0
5393 0
5394 1
5395 0
5396 0
5397 0
5398 1
5399 0
5400 0
5401 0
5402 0
5403 0
5404 2
5405 0
5406 1
5407 1
5408 0
5409 0
5410 1
5411 1
5412 0
5413 0
5414 0
5415 1
5416 0
5417 0
5418 0
5419 0
5420 0
5421 0
5422 0
5423 0
5424 0
5425 0
5426 0
5427 0
5428 0
5429 0
5430 0
5431 0
5432 0
5433 0
5434 0
5435 0
5436 1
5437 0
5438 0
5439 0
5440 1
5441 0
5442 0
5443 0
5444 0
5445 0
5446 0
5447 0
5448 1
5449 0
5450 1
5451 0
5452 0
5453 1
5454 0
5455 0
5456 0
5457 0
5458 0
5459 0
5460 1
5461 0
5462 0
5463 0
5464 0
5465 3
5466 0
5467 1
5468 0
5469 1
5470 2
5471 2
5472 1
5473 2
5474 1
5475 0
5476 2
5477 2
5478 0
5479 2
5480 2
5481 1
5482 1
5483 1
5484 2
5485 1
5486 2
5487 1
5488 1
5489 2
5490 2
5491 2
5492 0
5493 2
5494 2
5495 1
5496 1
5497 1
5498 1
5499 1
5500 2
5501 0
5502 1
5503 0
5504 0
5505 1
5506 1
5507 0
5508 0
5509 0
5510 1
5511 1
5512 1
5513 0
5514 1
5515 2
5516 2
5517 2
5518 0
5519 0
5520 1
5521 2
5522 2
5523 1
5524 3
5525 0
5526 1
5527 1
5528 1
5529 1
5530 0
5531 0
5532 1
5533 1
5534 2
5535 2
5536 2
5537 0
5538 1
5539 0
5540 1
5541 1
5542 2
5543 2
5544 1
5545 1
5546 1
5547 2
5548 2
5549 0
5550 1
5551 1
5552 1
5553 2
5554 3
5555 1
5556 1
5557 1
5558 1
5559 2
5560 1
5561 2
5562 1
5563 2
5564 1
5565 2
5566 1
5567 2
5568 1
5569 1
5570 0
5571 2
5572 1
5573 1
5574 1
5575 0
5576 1
5577 1
5578 1
5579 2
5580 2
5581 2
5582 2
5583 3
5584 1
5585 2
5586 1
5587 2
5588 2
5589 1
5590 1
5591 1
5592 1
5593 2
5594 1
5595 2
5596 0
5597 1
5598 1
5599 2
5600 2
5601 2
5602 1
5603 2
5604 2
5605 1
5606 2
5607 2
5608 2
5609 1
5610 1
5611 1
5612 2
5613 1
5614 2
5615 1
5616 0
5617 1
5618 2
5619 1
5620 1
5621 2
5622 1
5623 1
5624 1
5625 0
5626 2
5627 3
5628 1
5629 2
5630 1
5631 2
5632 1
5633 1
5634 1
5635 1
5636 0
5637 0
5638 2
5639 2
5640 0
5641 2
5642 2
5643 1
5644 1
5645 2
5646 1
5647 1
5648 1
5649 1
5650 0
5651 1
5652 2
5653 2
5654 1
5655 2
5656 2
5657 1
5658 1
5659 0
5660 2
5661 1
5662 2
5663 1
5664 1
5665 2
5666 1
5667 1
5668 0
5669 1
5670 0
5671 0
5672 2
5673 1
5674 2
5675 1
5676 1
5677 2
5678 0
5679 2
5680 0
5681 3
5682 2
5683 0
5684 1
5685 0
5686 1
5687 1
5688 2
5689 2
5690 2
5691 2
5692 1
5693 0
5694 0
5695 2
5696 4
5697 1
5698 0
5699 1
5700 2
5701 2
5702 1
5703 1
5704 2
5705 2
5706 2
5707 2
5708 2
5709 0
5710 1
5711 1
5712 2
5713 2
5714 2
5715 1
5716 2
5717 1
5718 2
5719 2
5720 1
5721 2
5722 1
5723 1
5724 3
5725 2
5726 2
5727 0
5728 1
5729 2
5730 0
5731 2
5732 2
5733 1
5734 1
5735 2
5736 0
5737 1
5738 1
5739 2
5740 1
5741 2
5742 1
5743 2
5744 3
5745 1
5746 1
5747 2
5748 3
5749 2
5750 2
5751 1
5752 0
5753 2
5754 0
5755 1
5756 1
5757 2
5758 1
5759 0
5760 2
5761 0
5762 1
5763 1
5764 1
5765 2
5766 1
5767 2
5768 0
5769 0
5770 0
5771 0
5772 1
5773 2
5774 1
5775 1
5776 2
5777 2
5778 1
5779 1
5780 1
5781 2
5782 1
5783 2
5784 2
5785 0
5786 0
5787 1
5788 1
5789 1
5790 2
5791 2
5792 2
5793 1
5794 2
5795 1
5796 1
5797 0
5798 1
5799 0
5800 0
5801 0
5802 0
5803 0
5804 0
5805 0
5806 0
5807 1
5808 0
5809 0
5810 0
5811 1
5812 0
5813 0
5814 1
5815 1
5816 1
5817 0
5818 0
5819 0
5820 0
5821 0
5822 0
5823 1
5824 1
5825 0
5826 1
5827 1
5828 1
5829 1
5830 0
5831 0
5832 0
5833 1
5834 1
5835 0
5836 1
5837 0
5838 0
5839 0
5840 1
5841 0
5842 1
5843 0
5844 0
5845 0
5846 1
5847 0
5848 0
5849 0
5850 1
5851 1
5852 1
5853 1
5854 1
5855 1
5856 0
5857 1
5858 0
5859 0
5860 1
5861 1
5862 1
5863 0
5864 0
5865 1
5866 0
5867 0
5868 1
5869 0
5870 1
5871 0
5872 0
5873 2
5874 1
5875 1
5876 0
5877 1
5878 0
5879 0
5880 0
5881 0
5882 1
5883 1
5884 0
5885 1
5886 0
5887 0
5888 2
5889 1
5890 1
5891 2
5892 2
5893 1
5894 0
5895 0
5896 1
5897 2
5898 0
5899 1
5900 2
5901 2
5902 2
5903 2
5904 2
5905 0
5906 0
5907 2
5908 1
5909 1
5910 3
5911 2
5912 2
5913 2
5914 1
5915 2
5916 1
5917 3
5918 1
5919 1
5920 3
5921 1
5922 2
5923 1
5924 1
5925 1
5926 1
5927 0
5928 1
5929 3
5930 1
5931 1
5932 1
5933 2
5934 0
5935 2
5936 1
5937 2
5938 2
5939 2
5940 1
5941 3
5942 0
5943 1
5944 2
5945 2
5946 1
5947 2
5948 1
5949 1
5950 2
5951 1
5952 1
5953 2
5954 0
5955 1
5956 2
5957 1
5958 1
5959 2
5960 2
5961 3
5962 1
5963 0
5964 1
5965 2
5966 1
5967 1
5968 1
5969 1
5970 1
5971 1
5972 1
5973 0
5974 3
5975 3
5976 1
5977 1
5978 1
5979 3
5980 1
5981 1
5982 0
5983 2
5984 0
5985 2
5986 1
5987 1
5988 1
5989 1
5990 0
5991 1
5992 0
5993 1
5994 1
5995 0
5996 0
5997 2
5998 0
5999 1
6000 1
6001 1
6002 2
6003 2
6004 1
6005 1
6006 0
6007 1
6008 1
6009 1
6010 2
6011 1
6012 1
6013 2
6014 2
6015 1
6016 1
6017 1
6018 2
6019 2
6020 0
6021 2
6022 1
6023 1
6024 2
6025 0
6026 1
6027 1
6028 2
6029 2
6030 1
6031 2
6032 2
6033 0
6034 0
6035 2
6036 1
6037 1
6038 1
6039 1
6040 0
6041 1
6042 0
6043 2
6044 1
6045 2
6046 1
6047 2
6048 2
6049 2
6050 0
6051 0
6052 1
6053 1
6054 2
6055 2
6056 3
6057 1
6058 1
6059 0
6060 1
6061 0
6062 1
6063 2
6064 2
6065 1
6066 1
6067 2
6068 1
6069 2
6070 1
6071 2
6072 1
6073 1
6074 0
6075 2
6076 2
6077 1
6078 2
6079 2
6080 1
6081 1
6082 2
6083 2
6084 1
6085 1
6086 1
6087 2
6088 2
6089 2
6090 2
6091 0
6092 2
6093 1
6094 1
6095 1
6096 1
6097 1
6098 0
6099 1
6100 1
6101 1
6102 0
6103 2
6104 2
6105 1
6106 2
6107 2
6108 2
6109 2
6110 0
6111 0
6112 0
6113 0
6114 0
6115 0
6116 0
6117 0
6118 1
6119 0
6120 0
6121 1
6122 1
6123 3
6124 1
6125 0
6126 0
6127 0
6128 1
6129 2
6130 2
6131 1
6132 3
6133 2
6134 3
6135 1
6136 2
6137 2
6138 1
6139 0
6140 3
6141 1
6142 2
6143 2
6144 2
6145 1
6146 2
6147 2
6148 1
6149 1
6150 1
6151 2
6152 1
6153 1
6154 2
6155 3
6156 0
6157 1
6158 1
6159 0
6160 1
6161 0
6162 1
6163 2
6164 0
6165 1
6166 2
6167 2
6168 0
6169 2
6170 2
6171 1
6172 1
6173 2
6174 1
6175 2
6176 1
6177 1
6178 2
6179 1
6180 1
6181 1
6182 0
6183 1
6184 0
6185 2
6186 1
6187 1
6188 0
6189 2
6190 2
6191 0
6192 0
6193 2
6194 3
6195 1
6196 1
6197 2
6198 1
6199 1
6200 3
6201 1
6202 1
6203 2
6204 2
6205 1
6206 1
6207 1
6208 2
6209 2
6210 0
6211 1
6212 1
6213 0
6214 0
6215 1
6216 1
6217 1
6218 1
6219 2
6220 1
6221 1
6222 2
6223 0
6224 2
6225 1
6226 1
6227 1
6228 1
6229 2
6230 0
6231 3
6232 2
6233 1
6234 1
6235 1
6236 3
6237 0
6238 2
6239 0
6240 2
6241 1
6242 1
6243 2
6244 1
6245 1
6246 2
6247 2
6248 3
6249 1
6250 2
6251 2
6252 1
6253 2
6254 1
6255 1
6256 2
6257 2
6258 1
6259 2
6260 1
6261 1
6262 0
6263 1
6264 1
6265 1
6266 2
6267 2
6268 1
6269 1
6270 1
6271 1
6272 2
6273 1
6274 0
6275 1
6276 1
6277 0
6278 1
6279 1
6280 0
6281 2
6282 3
6283 2
6284 2
6285 1
6286 2
6287 2
6288 1
6289 1
6290 1
6291 2
6292 2
6293 2
6294 1
6295 3
6296 1
6297 1
6298 2
6299 1
6300 1
6301 2
6302 2
6303 1
6304 1
6305 2
6306 1
6307 2
6308 3
6309 2
6310 1
6311 1
6312 1
6313 3
6314 2
6315 2
6316 1
6317 1
6318 1
6319 1
6320 2
6321 1
6322 0
6323 1
6324 1
6325 1
6326 1
6327 1
6328 1
6329 2
6330 1
6331 1
6332 0
6333 2
6334 1
6335 2
6336 2
6337 2
6338 2
6339 2
6340 1
6341 2
6342 2
6343 1
6344 2
6345 1
6346 2
6347 2
6348 2
6349 3
6350 1
6351 1
6352 1
6353 1
6354 2
6355 2
6356 1
6357 2
6358 0
6359 2
6360 2
6361 0
6362 0
6363 1
6364 1
6365 1
6366 1
6367 1
6368 1
6369 3
6370 1
6371 0
6372 2
6373 1
6374 1
6375 0
6376 1
6377 1
6378 1
6379 1
6380 2
6381 2
6382 1
6383 1
6384 2
6385 1
6386 2
6387 1
6388 2
6389 1
6390 1
6391 0
6392 1
6393 1
6394 0
6395 2
6396 2
6397 2
6398 1
6399 1
6400 1
6401 1
6402 1
6403 0
6404 1
6405 1
6406 1
6407 1
6408 2
6409 1
6410 0
6411 0
6412 1
6413 2
6414 2
6415 1
6416 2
6417 2
6418 1
6419 1
6420 1
6421 2
6422 2
6423 1
6424 1
6425 1
6426 1
6427 2
6428 1
6429 2
6430 1
6431 0
6432 1
6433 0
6434 2
6435 1
6436 1
6437 0
6438 2
6439 2
6440 1
6441 1
6442 2
6443 1
6444 3
6445 1
6446 2
6447 1
6448 2
6449 1
6450 2
6451 1
6452 2
6453 0
6454 2
6455 1
6456 1
6457 1
6458 1
6459 3
6460 0
6461 2
6462 0
6463 1
6464 2
6465 1
6466 2
6467 2
6468 2
6469 1
6470 2
6471 2
6472 2
6473 2
6474 2
6475 2
6476 1
6477 1
6478 2
6479 1
6480 0
6481 0
6482 1
6483 1
6484 2
6485 1
6486 1
6487 2
6488 1
6489 0
6490 1
6491 2
6492 1
6493 1
6494 2
6495 2
6496 3
6497 1
6498 2
6499 2
6500 1
6501 1
6502 2
6503 1
6504 1
6505 2
6506 0
6507 0
6508 1
6509 2
6510 0
6511 2
6512 2
6513 2
6514 1
6515 1
6516 1
6517 2
6518 1
6519 1
6520 1
6521 2
6522 1
6523 0
6524 0
6525 1
6526 1
6527 1
6528 2
6529 1
6530 1
6531 0
6532 0
6533 2
6534 1
6535 2
6536 1
6537 0
6538 0
6539 2
6540 2
6541 1
6542 1
6543 0
6544 2
6545 2
6546 2
6547 1
6548 0
6549 1
6550 0
6551 1
6552 1
6553 0
6554 1
6555 1
6556 2
6557 0
6558 1
6559 2
6560 2
6561 0
6562 0
6563 2
6564 1
6565 2
6566 2
6567 2
6568 1
6569 1
6570 2
6571 1
6572 2
6573 0
6574 0
6575 0
6576 0
6577 0
6578 0
6579 1
6580 1
6581 2
6582 1
6583 0
6584 3
6585 1
6586 1
6587 0
6588 0
6589 1
6590 1
6591 2
6592 1
6593 1
6594 2
6595 0
6596 2
6597 2
6598 1
6599 1
6600 1
6601 2
6602 1
6603 1
6604 1
6605 2
6606 1
6607 2
6608 0
6609 1
6610 2
6611 1
6612 2
6613 1
6614 1
6615 2
6616 2
6617 1
6618 2
6619 2
6620 1
6621 3
6622 1
6623 2
6624 1
6625 2
6626 2
6627 1
6628 0
6629 2
6630 1
6631 0
6632 2
6633 1
6634 2
6635 1
6636 1
6637 0
6638 1
6639 1
6640 2
6641 0
6642 1
6643 1
6644 1
6645 1
6646 1
6647 2
6648 1
6649 1
6650 1
6651 1
6652 2
6653 2
6654 2
6655 1
6656 1
6657 1
6658 2
6659 2
6660 1
6661 2
6662 1
6663 0
6664 1
6665 1
6666 2
6667 1
6668 0
6669 1
6670 0
6671 0
6672 0
6673 0
6674 0
6675 0
6676 0
6677 0
6678 0
6679 1
6680 2
6681 2
6682 1
6683 1
6684 0
6685 0
6686 0
6687 0
6688 1
6689 1
6690 0
6691 1
6692 1
6693 0
6694 0
6695 0
6696 0
6697 0
6698 0
6699 0
6700 0
6701 0
6702 0
6703 0
6704 0
6705 0
6706 0
6707 0
6708 0
6709 0
6710 0
6711 0
6712 0
6713 2
6714 1
6715 1
6716 0
6717 0
6718 0
6719 1
6720 0
6721 0
6722 1
6723 0
6724 1
6725 0
6726 0
6727 0
6728 1
6729 1
6730 2
6731 2
6732 0
6733 1
6734 1
6735 1
6736 2
6737 2
6738 1
6739 2
6740 1
6741 0
6742 0
6743 2
6744 1
6745 2
6746 1
6747 2
6748 2
6749 1
6750 1
6751 1
6752 1
6753 0
6754 0
6755 1
6756 1
6757 1
6758 1
6759 1
6760 2
6761 1
6762 2
6763 2
6764 1
6765 1
6766 2
6767 1
6768 2
6769 1
6770 0
6771 1
6772 2
6773 1
6774 1
6775 0
6776 0
6777 1
6778 2
6779 1
6780 0
6781 1
6782 0
6783 0
6784 1
6785 0
6786 0
6787 0
6788 1
6789 1
6790 0
6791 0
6792 0
6793 0
6794 1
6795 2
6796 1
6797 1
6798 0
6799 0
6800 1
6801 0
6802 0
6803 0
6804 0
6805 1
6806 0
6807 0
6808 0
6809 1
6810 0
6811 1
6812 0
6813 1
6814 0
6815 0
6816 0
6817 1
6818 0
6819 0
6820 1
6821 0
6822 0
6823 0
6824 0
6825 0
6826 0
6827 0
6828 0
6829 0
6830 0
6831 0
6832 0
6833 0
6834 0
6835 0
6836 0
6837 0
6838 1
6839 0
6840 0
6841 0
6842 0
6843 0
6844 0
6845 0
6846 0
6847 0
6848 0
6849 0
6850 0
6851 0
6852 0
6853 0
6854 0
6855 0
6856 0
6857 0
6858 0
6859 0
6860 1
6861 0
6862 0
6863 0
6864 0
6865 0
6866 0
6867 1
6868 1
6869 0
6870 1
6871 1
6872 1
6873 1
6874 0
6875 0
6876 1
6877 0
6878 1
6879 1
6880 1
6881 1
6882 1
6883 0
6884 0
6885 0
6886 1
6887 1
6888 0
6889 0
6890 0
6891 0
6892 0
6893 0
6894 0
6895 0
6896 0
6897 0
6898 0
6899 0
6900 0
6901 0
6902 0
6903 0
6904 0
6905 0
6906 0
6907 0
6908 0
6909 0
6910 0
6911 0
6912 0
6913 0
6914 0
6915 0
6916 0
6917 0
6918 1
6919 0
6920 1
6921 1
6922 1
6923 1
6924 0
6925 1
6926 0
6927 0
6928 0
6929 0
6930 1
6931 0
6932 1
6933 0
6934 0
6935 0
6936 0
6937 0
6938 1
6939 0
6940 0
6941 1
6942 1
6943 0
6944 1
6945 0
6946 1
6947 0
6948 0
6949 0
6950 0
6951 0
6952 1
6953 0
6954 0
6955 1
6956 1
6957 0
6958 0
6959 0
6960 0
6961 0
6962 0
6963 0
6964 0
6965 1
6966 0
6967 0
6968 0
6969 0
6970 0
6971 0
6972 0
6973 0
6974 0
6975 0
6976 1
6977 0
6978 1
6979 1
6980 0
6981 1
6982 0
6983 0
6984 1
6985 0
6986 0
6987 0
6988 0
6989 0
6990 0
6991 0
6992 0
6993 0
6994 1
6995 0
6996 0
6997 0
6998 0
6999 0
7000 0
7001 1
7002 0
7003 0
7004 0
7005 1
7006 0
7007 0
7008 1
7009 1
7010 0
7011 0
7012 1
7013 0
7014 0
7015 0
7016 0
7017 0
7018 0
7019 1
7020 1
7021 0
7022 2
7023 0
7024 0
7025 0
7026 1
7027 0
7028 0
7029 1
7030 0
7031 0
7032 1
7033 1
7034 1
7035 1
7036 2
7037 0
7038 1
7039 0
7040 0
7041 1
7042 0
7043 0
7044 0
7045 1
7046 0
7047 1
7048 0
7049 0
7050 0
7051 0
7052 0
7053 1
7054 0
7055 0
7056 1
7057 1
7058 0
7059 0
7060 1
7061 1
7062 0
7063 0
7064 0
7065 0
7066 0
7067 1
7068 0
7069 0
7070 0
7071 0
7072 0
7073 1
7074 1
7075 0
7076 0
7077 0
7078 1
7079 0
7080 0
7081 0
7082 0
7083 0
7084 1
7085 1
7086 1
7087 1
7088 0
7089 0
7090 0
7091 0
7092 0
7093 0
7094 0
7095 0
7096 0
7097 0
7098 0
7099 0
7100 1
7101 1
7102 2
7103 1
7104 1
7105 2
7106 1
7107 1
7108 0
7109 1
7110 1
7111 1
7112 0
7113 1
7114 0
7115 1
7116 0
7117 2
7118 1
7119 1
7120 1
7121 1
7122 1
7123 1
7124 1
7125 1
7126 1
7127 0
7128 1
7129 2
7130 2
7131 1
7132 2
7133 0
7134 2
7135 1
7136 1
7137 1
7138 1
7139 1
7140 1
7141 2
7142 0
7143 0
7144 1
7145 1
7146 2
7147 1
7148 2
7149 1
7150 2
7151 2
7152 1
7153 2
7154 2
7155 1
7156 1
7157 0
7158 0
7159 1
7160 0
7161 0
7162 1
7163 0
7164 1
7165 1
7166 2
7167 0
7168 1
7169 0
7170 0
7171 0
7172 1
7173 0
7174 0
7175 0
7176 0
7177 0
7178 1
7179 0
7180 0
7181 1
7182 0
7183 1
7184 1
7185 0
7186 1
7187 1
7188 1
7189 1
7190 0
7191 0
7192 0
7193 1
7194 1
7195 1
7196 1
7197 1
7198 1
7199 1
7200 0
7201 2
7202 1
7203 1
7204 0
7205 0
7206 0
7207 0
7208 1
7209 2
7210 1
7211 2
7212 1
7213 2
7214 1
7215 1
7216 2
7217 1
7218 2
7219 1
7220 2
7221 1
7222 1
7223 1
7224 2
7225 2
7226 3
7227 2
7228 1
7229 1
7230 1
7231 1
7232 2
7233 1
7234 1
7235 2
7236 1
7237 1
7238 0
7239 1
7240 2
7241 2
7242 1
7243 1
7244 2
7245 2
7246 1
7247 1
7248 1
7249 1
7250 1
7251 2
7252 2
7253 1
7254 0
7255 0
7256 1
7257 0
7258 1
7259 3
7260 1
7261 1
7262 2
7263 1
7264 1
7265 1
7266 2
7267 2
7268 1
7269 1
7270 1
7271 2
7272 2
7273 2
7274 1
7275 2
7276 1
7277 2
7278 2
7279 0
7280 2
7281 1
7282 2
7283 1
7284 0
7285 1
7286 1
7287 2
7288 1
7289 2
7290 1
7291 2
7292 1
7293 2
7294 3
7295 0
7296 1
7297 2
7298 1
7299 0
7300 1
7301 1
7302 2
7303 1
7304 2
7305 1
7306 1
7307 0
7308 0
7309 0
7310 0
7311 0
7312 1
7313 1
7314 0
7315 0
7316 0
7317 0
7318 1
7319 1
7320 0
7321 0
7322 0
7323 1
7324 1
7325 1
7326 0
7327 1
7328 1
7329 2
7330 1
7331 1
7332 1
7333 1
7334 1
7335 1
7336 0
7337 0
7338 0
7339 0
7340 0
7341 0
7342 1
7343 0
7344 0
7345 0
7346 0
7347 0
7348 0
7349 0
7350 0
7351 0
7352 0
7353 0
7354 0
7355 0
7356 0
7357 0
7358 0
7359 0
7360 0
7361 0
7362 1
7363 0
7364 0
7365 0
7366 1
7367 1
7368 0
7369 0
7370 1
7371 0
7372 0
7373 0
7374 1
7375 0
7376 0
7377 1
7378 0
7379 0
7380 0
7381 0
7382 0
7383 1
7384 0
7385 0
7386 0
7387 1
7388 0
7389 0
7390 1
7391 0
7392 1
7393 0
7394 0
7395 0
7396 0
7397 0
7398 1
7399 0
7400 1
7401 1
7402 1
7403 1
7404 1
7405 0
7406 1
7407 0
7408 0
7409 0
7410 0
7411 0
7412 1
7413 1
7414 1
7415 0
7416 0
7417 1
7418 0
7419 1
7420 1
7421 0
7422 0
7423 1
7424 0
7425 0
7426 1
7427 1
7428 1
7429 0
7430 0
7431 0
7432 1
7433 0
7434 0
7435 0
7436 0
7437 2
7438 1
7439 1
7440 0
7441 0
7442 0
7443 1
7444 1
7445 0
7446 0
7447 0
7448 0
7449 1
7450 0
7451 0
7452 0
7453 0
7454 0
7455 1
7456 1
7457 0
7458 0
7459 1
7460 0
7461 1
7462 0
7463 0
7464 0
7465 0
7466 0
7467 0
7468 0
7469 0
7470 0
7471 0
7472 1
7473 1
7474 1
7475 1
7476 0
7477 0
7478 1
7479 0
7480 1
7481 1
7482 1
7483 0
7484 1
7485 0
7486 0
7487 1
7488 1
7489 0
7490 1
7491 1
7492 2
7493 1
7494 1
7495 2
7496 2
7497 1
7498 3
7499 1
7500 3
7501 2
7502 1
7503 1
7504 1
7505 1
7506 2
7507 1
7508 1
7509 0
7510 1
7511 2
7512 1
7513 2
7514 2
7515 2
7516 2
7517 2
7518 0
7519 1
7520 0
7521 1
7522 1
7523 1
7524 1
7525 2
7526 2
7527 2
7528 1
7529 1
7530 2
7531 2
7532 3
7533 2
7534 3
7535 3
7536 1
7537 0
7538 1
7539 1
7540 1
7541 1
7542 0
7543 1
7544 1
7545 1
7546 0
7547 1
7548 0
7549 0
7550 2
7551 3
7552 2
7553 1
7554 2
7555 1
7556 1
7557 1
7558 1
7559 1
7560 2
7561 2
7562 1
7563 3
7564 2
7565 2
7566 1
7567 1
7568 1
7569 0
7570 0
7571 1
7572 1
7573 0
7574 2
7575 3
7576 2
7577 1
7578 1
7579 1
7580 2
7581 1
7582 2
7583 1
7584 1
7585 1
7586 1
7587 1
7588 2
7589 2
7590 1
7591 1
7592 2
7593 1
7594 1
7595 1
7596 0
7597 2
7598 2
7599 1
7600 2
7601 2
7602 2
7603 2
7604 1
7605 1
7606 1
7607 1
7608 3
7609 2
7610 2
7611 0
7612 1
7613 0
7614 2
7615 1
7616 3
7617 2
7618 1
7619 2
7620 1
7621 2
7622 1
7623 2
7624 1
7625 2
7626 0
7627 1
7628 1
7629 2
7630 1
7631 0
7632 1
7633 1
7634 0
7635 1
7636 2
7637 2
7638 1
7639 1
7640 1
7641 2
7642 0
7643 2
7644 2
7645 1
7646 0
7647 1
7648 0
7649 0
7650 0
7651 1
7652 0
7653 0
7654 0
7655 0
7656 0
7657 0
7658 0
7659 0
7660 0
7661 0
7662 0
7663 0
7664 0
7665 0
7666 0
7667 0
7668 0
7669 0
7670 1
7671 1
7672 1
7673 0
7674 0
7675 0
7676 0
7677 0
7678 1
7679 1
7680 0
7681 0
7682 0
7683 0
7684 0
7685 0
7686 0
7687 0
7688 1
7689 0
7690 0
7691 0
7692 0
7693 0
7694 0
7695 0
7696 0
7697 0
7698 2
7699 2
7700 1
7701 3
7702 2
7703 2
7704 0
7705 1
7706 1
7707 1
7708 0
7709 1
7710 1
7711 2
7712 0
7713 1
7714 1
7715 2
7716 2
7717 1
7718 1
7719 2
7720 1
7721 1
7722 3
7723 2
7724 2
7725 1
7726 1
7727 2
7728 1
7729 2
7730 1
7731 2
7732 1
7733 1
7734 1
7735 1
7736 0
7737 0
7738 1
7739 2
7740 2
7741 3
7742 0
7743 1
7744 1
7745 1
7746 3
7747 0
7748 1
7749 1
7750 1
7751 1
7752 2
7753 1
7754 1
7755 2
7756 1
7757 1
7758 1
7759 1
7760 2
7761 2
7762 1
7763 1
7764 0
7765 3
7766 2
7767 1
7768 2
7769 0
7770 1
7771 2
7772 1
7773 1
7774 2
7775 0
7776 1
7777 1
7778 2
7779 2
7780 3
7781 2
7782 1
7783 1
7784 2
7785 1
7786 2
7787 2
7788 2
7789 0
7790 1
7791 1
7792 1
7793 2
7794 0
7795 2
7796 2
7797 2
7798 2
7799 2
7800 2
7801 2
7802 1
7803 2
7804 1
7805 1
7806 1
7807 2
7808 1
7809 1
7810 2
7811 2
7812 2
7813 1
7814 0
7815 1
7816 1
7817 1
7818 2
7819 1
7820 0
7821 2
7822 1
7823 1
7824 2
7825 0
7826 2
7827 1
7828 3
7829 2
7830 2
7831 1
7832 1
7833 2
7834 2
7835 2
7836 1
7837 2
7838 2
7839 1
7840 1
7841 1
7842 1
7843 2
7844 1
7845 2
7846 0
7847 1
7848 2
7849 1
7850 1
7851 1
7852 2
7853 1
7854 1
7855 1
7856 1
7857 2
7858 2
7859 1
7860 0
7861 0
7862 2
7863 1
7864 2
7865 1
7866 2
7867 1
7868 3
7869 2
7870 1
7871 1
7872 1
7873 2
7874 2
7875 2
7876 1
7877 1
7878 1
7879 2
7880 2
7881 3
7882 1
7883 3
7884 0
7885 2
7886 1
7887 0
7888 0
7889 2
7890 0
7891 2
7892 0
7893 1
7894 2
7895 2
7896 1
7897 1
7898 1
7899 1
7900 1
7901 0
7902 0
7903 2
7904 1
7905 2
7906 2
7907 0
7908 2
7909 1
7910 1
7911 2
7912 2
7913 1
7914 1
7915 0
7916 1
7917 2
7918 0
7919 2
7920 1
7921 2
7922 1
7923 3
7924 1
7925 0
7926 1
7927 2
7928 1
7929 1
7930 2
7931 1
7932 1
7933 1
7934 1
7935 1
7936 0
7937 0
7938 2
7939 2
7940 2
7941 1
7942 2
7943 2
7944 2
7945 0
7946 1
7947 2
7948 2
7949 0
7950 2
7951 2
7952 1
7953 1
7954 0
7955 1
7956 1
7957 2
7958 1
7959 0
7960 1
7961 3
7962 2
7963 2
7964 1
7965 1
7966 2
7967 2
7968 0
7969 1
7970 1
7971 2
7972 1
7973 1
7974 1
7975 1
7976 3
7977 2
7978 1
7979 1
7980 2
7981 1
7982 2
7983 1
7984 2
7985 2
7986 1
7987 2
7988 2
7989 1
7990 2
7991 1
7992 1
7993 2
7994 3
7995 1
7996 0
7997 2
7998 2
7999 1
8000 2
8001 1
8002 2
8003 2
8004 3
8005 1
8006 1
8007 1
8008 2
8009 2
8010 2
8011 0
8012 1
8013 0
8014 0
8015 2
8016 1
8017 1
8018 2
8019 1
8020 0
8021 3
8022 2
8023 2
8024 2
8025 1
8026 1
8027 2
8028 0
8029 1
8030 2
8031 1
8032 3
8033 2
8034 2
8035 2
8036 2
8037 1
8038 1
8039 1
8040 0
8041 0
8042 0
8043 2
8044 1
8045 2
8046 1
8047 1
8048 0
8049 1
8050 1
8051 2
8052 0
8053 2
8054 1
8055 2
8056 0
8057 2
8058 1
8059 2
8060 2
8061 1
8062 1
8063 2
8064 2
8065 1
8066 2
8067 1
8068 1
8069 1
8070 1
8071 1
8072 0
8073 2
8074 2
8075 2
8076 2
8077 1
8078 1
8079 1
8080 1
8081 3
8082 1
8083 0
8084 1
8085 1
8086 2
8087 2
8088 2
8089 0
8090 1
8091 0
8092 1
8093 1
8094 1
8095 1
8096 2
8097 2
8098 1
8099 1
8100 2
8101 1
8102 2
8103 1
8104 1
8105 1
8106 2
8107 1
8108 2
8109 1
8110 0
8111 1
8112 2
8113 1
8114 2
8115 1
8116 2
8117 1
8118 1
8119 2
8120 1
8121 1
8122 0
8123 2
8124 1
8125 1
8126 2
8127 1
8128 1
8129 2
8130 1
8131 2
8132 1
8133 1
8134 2
8135 2
8136 1
8137 1
8138 1
8139 3
8140 1
8141 1
8142 1
8143 2
8144 2
8145 3
8146 2
8147 1
8148 1
8149 2
8150 1
8151 0
8152 0
8153 1
8154 1
8155 0
8156 1
8157 1
8158 1
8159 2
8160 1
8161 1
8162 2
8163 2
8164 2
8165 1
8166 1
8167 0
8168 1
8169 2
8170 1
8171 1
8172 1
8173 1
8174 2
8175 1
8176 2
8177 1
8178 1
8179 1
8180 2
8181 1
8182 2
8183 1
8184 2
8185 0
8186 2
8187 1
8188 2
8189 0
8190 1
8191 2
8192 1
8193 0
8194 1
8195 2
8196 2
8197 1
8198 1
8199 1
8200 2
8201 2
8202 1
8203 1
8204 1
8205 2
8206 1
8207 2
8208 0
8209 2
8210 3
8211 1
8212 1
8213 2
8214 2
8215 0
8216 2
8217 2
8218 1
8219 1
8220 2
8221 2
8222 2
8223 1
8224 2
8225 1
8226 1
8227 0
8228 1
8229 0
8230 2
8231 1
8232 2
8233 2
8234 2
8235 1
8236 0
8237 1
8238 2
8239 2
8240 1
8241 1
8242 3
8243 2
8244 2
8245 2
8246 1
8247 2
8248 2
8249 1
8250 1
8251 1
8252 1
8253 2
8254 1
8255 2
8256 1
8257 2
8258 1
8259 1
8260 0
8261 2
8262 0
8263 1
8264 2
8265 2
8266 1
8267 1
8268 2
8269 1
8270 1
8271 1
8272 1
8273 1
8274 2
8275 1
8276 2
8277 2
8278 0
8279 0
8280 1
8281 1
8282 2
8283 2
8284 3
8285 1
8286 2
8287 0
8288 1
8289 2
8290 1
8291 0
8292 1
8293 1
8294 3
8295 1
8296 0
8297 1
8298 1
8299 2
8300 0
8301 1
8302 0
8303 1
8304 0
8305 1
8306 1
8307 0
8308 0
8309 0
8310 0
8311 0
8312 0
8313 0
8314 1
8315 0
8316 1
8317 1
8318 0
8319 1
8320 1
8321 0
8322 1
8323 1
8324 0
8325 0
8326 1
8327 1
8328 0
8329 0
8330 1
8331 1
8332 0
8333 0
8334 1
8335 0
8336 0
8337 0
8338 0
8339 0
8340 0
8341 0
8342 1
8343 1
8344 1
8345 0
8346 1
8347 0
8348 0
8349 1
8350 1
8351 1
8352 0
8353 0
8354 0
8355 0
8356 0
8357 0
8358 1
8359 0
8360 1
8361 1
8362 0
8363 1
8364 1
8365 0
8366 1
8367 1
8368 1
8369 2
8370 1
8371 1
8372 1
8373 1
8374 1
8375 0
8376 1
8377 0
8378 0
8379 3
8380 1
8381 1
8382 2
8383 1
8384 1
8385 2
8386 1
8387 2
8388 0
8389 0
8390 0
8391 1
8392 0
8393 0
8394 0
8395 1
8396 1
8397 0
8398 0
8399 1
8400 0
8401 0
8402 0
8403 0
8404 2
8405 2
8406 2
8407 3
8408 0
8409 0
8410 2
8411 1
8412 1
8413 1
8414 0
8415 1
8416 1
8417 0
8418 0
8419 1
8420 1
8421 0
8422 0
8423 0
8424 1
8425 1
8426 0
8427 0
8428 1
8429 1
8430 1
8431 1
8432 1
8433 1
8434 1
8435 1
8436 1
8437 0
8438 0
8439 1
8440 1
8441 1
8442 0
8443 0
8444 0
8445 0
8446 0
8447 1
8448 1
8449 0
8450 0
8451 0
8452 1
8453 1
8454 0
8455 1
8456 0
8457 1
8458 1
8459 1
8460 1
8461 0
8462 0
8463 1
8464 1
8465 2
8466 1
8467 1
8468 0
8469 0
8470 0
8471 0
8472 0
8473 2
8474 0
8475 1
8476 1
8477 0
8478 0
8479 0
8480 0
8481 1
8482 1
8483 0
8484 0
8485 1
8486 1
8487 1
8488 1
8489 1
8490 0
8491 0
8492 0
8493 0
8494 0
8495 0
8496 1
8497 0
8498 1
8499 1
8500 0
8501 1
8502 1
8503 4
8504 1
8505 1
8506 1
8507 2
8508 0
8509 2
8510 0
8511 2
8512 1
8513 1
8514 2
8515 1
8516 2
8517 2
8518 1
8519 1
8520 2
8521 1
8522 2
8523 1
8524 0
8525 2
8526 1
8527 1
8528 1
8529 2
8530 0
8531 2
8532 2
8533 1
8534 2
8535 1
8536 2
8537 1
8538 1
8539 2
8540 2
8541 2
8542 1
8543 2
8544 1
8545 2
8546 2
8547 0
8548 1
8549 2
8550 1
8551 3
8552 2
8553 2
8554 1
8555 0
8556 0
8557 1
8558 2
8559 2
8560 0
8561 2
8562 1
8563 1
8564 1
8565 0
8566 2
8567 0
8568 2
8569 2
8570 0
8571 2
8572 2
8573 2
8574 2
8575 1
8576 1
8577 1
8578 1
8579 2
8580 2
8581 2
8582 1
8583 2
8584 2
8585 1
8586 1
8587 2
8588 3
8589 2
8590 1
8591 1
8592 1
8593 1
8594 1
8595 1
8596 1
8597 2
8598 1
8599 1
8600 0
8601 2
8602 1
8603 2
8604 1
8605 1
8606 1
8607 2
8608 2
8609 1
8610 0
8611 3
8612 1
8613 3
8614 3
8615 2
8616 0
8617 1
8618 0
8619 2
8620 1
8621 2
8622 1
8623 0
8624 2
8625 2
8626 1
8627 1
8628 1
8629 2
8630 1
8631 1
8632 0
8633 1
8634 1
8635 2
8636 1
8637 1
8638 1
8639 1
8640 2
8641 2
8642 1
8643 1
8644 1
8645 1
8646 1
8647 2
8648 1
8649 1
8650 1
8651 1
8652 1
8653 1
8654 1
8655 0
8656 2
8657 2
8658 1
8659 2
8660 0
8661 1
8662 0
8663 1
8664 2
8665 1
8666 1
8667 1
8668 1
8669 1
8670 2
8671 1
8672 2
8673 2
8674 1
8675 0
8676 2
8677 1
8678 1
8679 2
8680 1
8681 1
8682 2
8683 0
8684 1
8685 2
8686 1
8687 1
8688 0
8689 1
8690 2
8691 2
8692 1
8693 2
8694 0
8695 1
8696 2
8697 1
8698 1
8699 1
8700 1
8701 1
8702 2
8703 1
8704 2
8705 2
8706 1
8707 2
8708 2
8709 2
8710 1
8711 1
8712 1
8713 2
8714 1
8715 3
8716 1
8717 2
8718 1
8719 0
8720 1
8721 2
8722 1
8723 1
8724 2
8725 2
8726 2
8727 1
8728 2
8729 1
8730 1
8731 0
8732 2
8733 1
8734 1
8735 1
8736 1
8737 2
8738 0
8739 2
8740 0
8741 2
8742 1
8743 2
8744 0
8745 1
8746 2
8747 1
8748 2
8749 1
8750 3
8751 1
8752 3
8753 1
8754 1
8755 1
8756 1
8757 1
8758 1
8759 2
8760 2
8761 2
8762 1
8763 1
8764 1
8765 1
8766 3
8767 2
8768 1
8769 2
8770 1
8771 2
8772 2
8773 2
8774 1
8775 0
8776 2
8777 1
8778 2
8779 1
8780 1
8781 1
8782 2
8783 1
8784 0
8785 1
8786 1
8787 1
8788 0
8789 1
8790 1
8791 2
8792 0
8793 1
8794 1
8795 1
8796 1
8797 1
8798 0
8799 1
8800 3
8801 2
8802 1
8803 2
8804 1
8805 1
8806 2
8807 1
8808 1
8809 0
8810 0
8811 1
8812 2
8813 2
8814 2
8815 2
8816 1
8817 1
8818 1
8819 1
8820 1
8821 1
8822 2
8823 3
8824 1
8825 2
8826 0
8827 2
8828 1
8829 0
8830 2
8831 1
8832 1
8833 1
8834 2
8835 3
8836 2
8837 1
8838 2
8839 0
8840 2
8841 3
8842 2
8843 1
8844 2
8845 2
8846 0
8847 0
8848 2
8849 1
8850 0
8851 1
8852 2
8853 1
8854 2
8855 1
8856 2
8857 1
8858 1
8859 1
8860 1
8861 1
8862 1
8863 1
8864 2
8865 1
8866 2
8867 2
8868 2
8869 2
8870 2
8871 2
8872 2
8873 1
8874 1
8875 3
8876 0
8877 0
8878 1
8879 1
8880 1
8881 2
8882 1
8883 0
8884 2
8885 2
8886 1
8887 2
8888 1
8889 1
8890 1
8891 1
8892 1
8893 1
8894 0
8895 0
8896 1
8897 0
8898 1
8899 0
8900 1
8901 0
8902 0
8903 0
8904 0
8905 2
8906 1
8907 1
8908 1
8909 3
8910 2
8911 1
8912 1
8913 2
8914 1
8915 1
8916 1
8917 1
8918 2
8919 2
8920 1
8921 1
8922 1
8923 0
8924 1
8925 0
8926 1
8927 0
8928 1
8929 0
8930 0
8931 1
8932 1
8933 1
8934 1
8935 1
8936 1
8937 3
8938 1
8939 0
8940 1
8941 1
8942 1
8943 2
8944 2
8945 2
8946 1
8947 1
8948 1
8949 2
8950 0
8951 1
8952 1
8953 2
8954 3
8955 1
8956 2
8957 2
8958 1
8959 1
8960 2
8961 1
8962 1
8963 1
8964 1
8965 2
8966 1
8967 1
8968 0
8969 2
8970 1
8971 2
8972 0
8973 1
8974 1
8975 0
8976 2
8977 2
8978 2
8979 1
8980 1
8981 2
8982 1
8983 2
8984 1
8985 2
8986 2
8987 1
8988 1
8989 2
8990 2
8991 1
8992 2
8993 1
8994 2
8995 1
8996 2
8997 1
8998 2
8999 2
9000 2
9001 2
9002 2
9003 1
9004 2
9005 2
9006 0
9007 1
9008 0
9009 1
9010 0
9011 0
9012 1
9013 0
9014 0
9015 0
9016 0
9017 0
9018 1
9019 0
9020 0
9021 0
9022 0
9023 0
9024 0
9025 0
9026 0
9027 0
9028 0
9029 1
9030 2
9031 1
9032 1
9033 1
9034 0
9035 0
9036 0
9037 1
9038 2
9039 1
9040 2
9041 1
9042 1
9043 2
9044 2
9045 2
9046 2
9047 1
9048 1
9049 2
9050 2
9051 1
9052 1
9053 1
9054 0
9055 1
9056 2
9057 2
9058 0
9059 3
9060 1
9061 1
9062 2
9063 0
9064 0
9065 1
9066 1
9067 2
9068 1
9069 3
9070 1
9071 0
9072 1
9073 2
9074 1
9075 1
9076 3
9077 1
9078 1
9079 1
9080 2
9081 0
9082 2
9083 1
9084 2
9085 1
9086 1
9087 1
9088 2
9089 2
9090 2
9091 2
9092 1
9093 1
9094 1
9095 1
9096 1
9097 2
9098 2
9099 1
9100 2
9101 1
9102 2
9103 1
9104 2
9105 1
9106 1
9107 2
9108 1
9109 2
9110 2
9111 2
9112 1
9113 2
9114 1
9115 1
9116 1
9117 2
9118 1
9119 1
9120 2
9121 1
9122 0
9123 2
9124 1
9125 2
9126 2
9127 2
9128 1
9129 1
9130 2
9131 0
9132 1
9133 1
9134 1
9135 1
9136 1
9137 3
9138 1
9139 1
9140 0
9141 0
9142 1
9143 0
9144 1
9145 0
9146 0
9147 0
9148 0
9149 0
9150 0
9151 1
9152 0
9153 0
9154 0
9155 0
9156 1
9157 1
9158 1
9159 0
9160 0
9161 0
9162 1
9163 0
9164 0
9165 0
9166 0
9167 1
9168 0
9169 0
9170 0
9171 0
9172 0
9173 1
9174 0
9175 0
9176 0
9177 1
9178 0
9179 0
9180 0
9181 0
9182 0
9183 0
9184 0
9185 0
9186 1
9187 0
9188 0
9189 0
9190 0
9191 0
9192 0
9193 0
9194 0
9195 1
9196 0
9197 1
9198 0
9199 2
9200 2
9201 1
9202 1
9203 2
9204 2
9205 0
9206 2
9207 1
9208 0
9209 1
9210 1
9211 2
9212 2
9213 1
9214 2
9215 1
9216 1
9217 1
9218 1
9219 1
9220 2
9221 1
9222 1
9223 2
9224 2
9225 1
9226 1
9227 2
9228 2
9229 1
9230 1
9231 2
9232 2
9233 1
9234 2
9235 0
9236 1
9237 1
9238 2
9239 2
9240 1
9241 2
9242 1
9243 2
9244 1
9245 1
9246 0
9247 1
9248 0
9249 0
9250 1
9251 1
9252 0
9253 1
9254 0
9255 1
9256 0
9257 1
9258 1
9259 1
9260 0
9261 1
9262 0
9263 1
9264 0
9265 1
9266 1
9267 1
9268 1
9269 0
9270 0
9271 0
9272 0
9273 2
9274 2
9275 1
9276 2
9277 2
9278 1
9279 1
9280 0
9281 1
9282 3
9283 1
9284 1
9285 1
9286 1
9287 0
9288 0
9289 0
9290 0
9291 0
9292 1
9293 1
9294 2
9295 0
9296 0
9297 1
9298 0
9299 0
9300 0
9301 0
9302 0
9303 0
9304 0
9305 0
9306 0
9307 0
9308 0
9309 0
9310 0
9311 0
9312 0
9313 0
9314 0
9315 0
9316 0
9317 0
9318 0
9319 0
9320 0
9321 1
9322 0
9323 0
9324 0
9325 0
9326 0
9327 0
9328 0
9329 0
9330 1
9331 0
9332 0
9333 0
9334 0
9335 0
9336 0
9337 1
9338 0
9339 0
9340 0
9341 1
9342 2
9343 1
9344 1
9345 2
9346 1
9347 1
9348 1
9349 1
9350 0
9351 1
9352 2
9353 1
9354 2
9355 1
9356 2
9357 2
9358 0
9359 0
9360 0
9361 1
9362 1
9363 0
9364 1
9365 0
9366 0
9367 1
9368 1
9369 0
9370 0
9371 0
9372 0
9373 0
9374 0
9375 0
9376 0
9377 0
9378 0
9379 0
9380 0
9381 0
9382 0
9383 0
9384 0
9385 0
9386 0
9387 1
9388 0
9389 0
9390 0
9391 0
9392 0
9393 0
9394 0
9395 0
9396 0
9397 0
9398 0
9399 0
9400 0
9401 1
9402 0
9403 0
9404 0
9405 0
9406 0
9407 0
9408 1
9409 0
9410 0
9411 0
9412 0
9413 0
9414 1
9415 0
9416 0
9417 0
9418 0
9419 0
9420 0
9421 0
9422 0
9423 0
9424 0
9425 0
9426 1
9427 0
9428 1
9429 0
9430 0
9431 2
9432 0
9433 2
9434 2
9435 1
9436 1
9437 1
9438 2
9439 2
9440 1
9441 1
9442 1
9443 2
9444 2
9445 2
9446 1
9447 3
9448 1
9449 3
9450 0
9451 1
9452 1
9453 1
9454 0
9455 0
9456 1
9457 0
9458 0
9459 0
9460 0
9461 0
9462 0
9463 0
9464 0
9465 0
9466 0
9467 1
9468 0
9469 0
9470 0
9471 1
9472 0
9473 1
9474 0
9475 1
9476 0
9477 0
9478 0
9479 0
9480 0
9481 0
9482 1
9483 0
9484 0
9485 0
9486 0
9487 0
9488 0
9489 1
9490 1
9491 0
9492 0
9493 1
9494 1
9495 0
9496 0
9497 1
9498 0
9499 1
9500 0
9501 0
9502 0
9503 0
9504 1
9505 0
9506 0
9507 0
9508 0
9509 1
9510 0
9511 0
9512 1
9513 1
9514 1
9515 0
9516 1
9517 1
9518 0
9519 0
9520 0
9521 0
9522 0
9523 0
9524 0
9525 0
9526 0
9527 0
9528 1
9529 1
9530 1
9531 0
9532 0
9533 0
9534 0
9535 0
9536 1
9537 1
9538 1
9539 0
9540 0
9541 0
9542 1
9543 0
9544 0
9545 0
9546 0
9547 1
9548 1
9549 1
9550 0
9551 0
9552 0
9553 0
9554 0
9555 1
9556 1
9557 0
9558 0
9559 1
9560 0
9561 0
9562 1
9563 1
9564 0
9565 0
9566 1
9567 1
9568 0
9569 1
9570 0
9571 0
9572 0
9573 0
9574 2
9575 0
9576 1
9577 1
9578 3
9579 2
9580 2
9581 1
9582 0
9583 0
9584 0
9585 0
9586 0
9587 0
9588 0
9589 0
9590 1
9591 0
9592 0
9593 0
9594 1
9595 0
9596 1
9597 1
9598 1
9599 1
9600 1
9601 2
9602 1
9603 1
9604 1
9605 3
9606 1
9607 0
9608 2
9609 1
9610 1
9611 2
9612 1
9613 2
9614 2
9615 1
9616 1
9617 2
9618 1
9619 1
9620 2
9621 0
9622 2
9623 1
9624 2
9625 0
9626 1
9627 1
9628 2
9629 1
9630 1
9631 0
9632 2
9633 2
9634 0
9635 1
9636 1
9637 1
9638 1
9639 3
9640 1
9641 0
9642 1
9643 2
9644 1
9645 2
9646 2
9647 1
9648 2
9649 1
9650 3
9651 0
9652 0
9653 2
9654 1
9655 1
9656 1
9657 1
9658 1
9659 1
9660 1
9661 0
9662 1
9663 2
9664 2
9665 1
9666 1
9667 2
9668 0
9669 2
9670 0
9671 2
9672 0
9673 2
9674 0
9675 2
9676 2
9677 1
9678 1
9679 1
9680 1
9681 0
9682 2
9683 2
9684 2
9685 0
9686 1
9687 1
9688 1
9689 2
9690 1
9691 0
9692 0
9693 1
9694 0
9695 0
9696 0
9697 0
9698 0
9699 0
9700 0
9701 0
9702 0
9703 2
9704 1
9705 2
9706 1
9707 0
9708 1
9709 1
9710 1
9711 2
9712 0
9713 2
9714 2
9715 1
9716 2
9717 2
9718 0
9719 1
9720 1
9721 2
9722 2
9723 0
9724 1
9725 1
9726 1
9727 0
9728 1
9729 0
9730 0
9731 0
9732 0
9733 1
9734 1
9735 1
9736 1
9737 1
9738 1
9739 0
9740 0
9741 1
9742 0
9743 1
9744 1
9745 1
9746 1
9747 0
9748 0
9749 0
9750 0
9751 0
9752 0
9753 0
9754 1
9755 0
9756 2
9757 1
9758 2
9759 1
9760 2
9761 1
9762 0
9763 0
9764 0
9765 0
9766 0
9767 0
9768 1
9769 1
9770 1
9771 1
9772 1
9773 2
9774 2
9775 2
9776 1
9777 2
9778 2
9779 1
9780 0
9781 1
9782 0
9783 1
9784 1
9785 2
9786 2
9787 2
9788 2
9789 2
9790 0
9791 1
9792 0
9793 1
9794 2
9795 1
9796 3
9797 2
9798 2
9799 2
9800 1
9801 2
9802 2
9803 1
9804 1
9805 2
9806 1
9807 1
9808 2
9809 3
9810 1
9811 1
9812 0
9813 2
9814 0
9815 1
9816 1
9817 1
9818 1
9819 0
9820 2
9821 1
9822 2
9823 0
9824 1
9825 2
9826 1
9827 1
9828 1
9829 2
9830 1
9831 2
9832 1
9833 1
9834 0
9835 0
9836 0
9837 1
9838 1
9839 0
9840 0
9841 0
9842 0
9843 0
9844 0
9845 0
9846 1
9847 0
9848 0
9849 0
9850 0
9851 1
9852 0
9853 0
9854 0
9855 0
9856 0
9857 1
9858 0
9859 1
9860 2
9861 0
9862 1
9863 1
9864 0
9865 1
9866 1
9867 0
9868 1
9869 1
9870 1
9871 2
9872 1
9873 1
9874 1
9875 0
9876 1
9877 0
9878 1
9879 1
9880 1
9881 2
9882 1
9883 2
9884 3
9885 2
9886 1
9887 1
9888 2
9889 1
9890 1
9891 0
9892 1
9893 0
9894 3
9895 1
9896 1
9897 1
9898 2
9899 1
9900 1
9901 1
9902 2
9903 1
9904 2
9905 2
9906 2
9907 2
9908 2
9909 0
9910 1
9911 2
9912 3
9913 1
9914 2
9915 1
9916 1
9917 1
9918 1
9919 2
9920 1
9921 0
9922 2
9923 2
9924 1
9925 1
9926 2
9927 0
9928 2
9929 1
9930 1
9931 0
9932 1
9933 1
9934 1
9935 3
9936 1
9937 1
9938 2
9939 1
9940 1
9941 2
9942 2
9943 2
9944 0
9945 2
9946 1
9947 1
9948 0
9949 1
9950 1
9951 1
9952 2
9953 0
9954 1
9955 1
9956 1
9957 1
9958 2
9959 1
9960 2
9961 2
9962 1
9963 2
9964 2
9965 2
9966 1
9967 1
9968 1
9969 1
9970 0
9971 1
9972 1
9973 2
9974 2
9975 0
9976 2
9977 2
9978 1
9979 2
9980 1
9981 1
9982 0
9983 2
9984 1
9985 2
9986 1
9987 1
9988 2
9989 3
9990 0
9991 2
9992 1
9993 2
9994 1
9995 1
9996 0
9997 1
9998 2
9999 1
10000 0
10001 1
