1 1
2 1
3 2
4 1
5 2
6 1
7 1
8 0
9 2
10 2
11 1
12 2
13 1
14 2
15 1
16 1
17 1
18 1
19 2
20 1
21 0
22 2
23 1
24 1
25 2
26 0
27 1
28 1
29 2
30 1
31 0
32 2
33 2
34 1
35 1
36 1
37 2
38 0
39 1
40 0
41 0
42 2
43 1
44 1
45 1
46 1
47 2
48 2
49 1
50 1
51 1
52 1
53 1
54 1
55 1
56 1
57 0
58 2
59 1
60 1
61 1
62 1
63 2
64 1
65 1
66 2
67 1
68 0
69 2
70 1
71 1
72 0
73 2
74 1
75 2
76 2
77 2
78 1
79 2
80 1
81 0
82 1
83 1
84 1
85 1
86 1
87 2
88 2
89 2
90 1
91 0
92 2
93 2
94 2
95 2
96 1
97 1
98 2
99 1
100 1
101 1
102 1
103 1
104 1
105 2
106 2
107 1
108 2
109 0
110 1
111 2
112 1
113 2
114 2
115 1
116 1
117 2
118 2
119 2
120 2
121 1
122 1
123 3
124 2
125 2
126 1
127 0
128 2
129 1
130 2
131 2
132 0
133 1
134 2
135 1
136 2
137 1
138 2
139 2
140 1
141 2
142 2
143 2
144 1
145 2
146 2
147 1
148 2
149 1
150 1
151 3
152 0
153 2
154 2
155 1
156 1
157 0
158 2
159 1
160 2
161 0
162 1
163 2
164 1
165 2
166 1
167 1
168 1
169 1
170 1
171 2
172 1
173 2
174 2
175 1
176 1
177 1
178 2
179 1
180 1
181 1
182 3
183 2
184 2
185 1
186 2
187 1
188 1
189 1
190 1
191 1
192 1
193 2
194 2
195 2
196 1
197 1
198 2
199 1
200 1
201 1
202 1
203 3
204 2
205 2
206 2
207 2
208 3
209 2
210 1
211 2
212 2
213 2
214 3
215 1
216 0
217 0
218 2
219 2
220 2
221 2
222 2
223 2
224 1
225 0
226 2
227 2
228 1
229 2
230 2
231 1
232 0
233 0
234 0
235 2
236 2
237 0
238 1
239 0
240 1
241 2
242 0
243 1
244 1
245 1
246 1
247 1
248 2
249 1
250 2
251 0
252 2
253 2
254 2
255 1
256 1
257 1
258 1
259 1
260 1
261 2
262 2
263 1
264 1
265 1
266 1
267 2
268 1
269 0
270 0
271 0
272 1
273 0
274 0
275 0
276 0
277 1
278 1
279 2
280 0
281 0
282 0
283 0
284 0
285 0
286 0
287 0
288 0
289 0
290 1
291 1
292 1
293 0
294 0
295 0
296 0
297 1
298 0
299 0
300 0
301 0
302 0
303 0
304 0
305 0
306 0
307 1
308 0
309 0
310 0
311 0
312 0
313 0
314 0
315 0
316 0
317 0
318 0
319 1
320 0
321 0
322 0
323 0
324 0
325 0
326 0
327 1
328 1
329 0
330 0
331 0
332 1
333 0
334 0
335 0
336 0
337 0
338 0
339 0
340 0
341 1
342 0
343 1
344 0
345 0
346 0
347 0
348 1
349 0
350 0
351 0
352 1
353 1
354 0
355 1
356 0
357 0
358 1
359 1
360 0
361 1
362 0
363 1
364 0
365 1
366 0
367 1
368 2
369 0
370 0
371 0
372 0
373 0
374 1
375 1
376 0
377 0
378 0
379 1
380 0
381 1
382 0
383 0
384 1
385 0
386 2
387 3
388 0
389 1
390 2
391 2
392 2
393 1
394 2
395 1
396 1
397 1
398 0
399 0
400 2
401 2
402 1
403 1
404 2
405 2
406 2
407 2
408 2
409 1
410 2
411 1
412 2
413 2
414 2
415 1
416 1
417 1
418 1
419 1
420 3
421 1
422 0
423 1
424 1
425 0
426 0
427 0
428 0
429 1
430 1
431 1
432 0
433 0
434 1
435 0
436 1
437 1
438 1
439 1
440 1
441 1
442 0
443 1
444 2
445 2
446 0
447 1
448 2
449 2
450 1
451 1
452 2
453 0
454 0
455 2
456 2
457 1
458 1
459 1
460 2
461 1
462 1
463 0
464 1
465 0
466 2
467 1
468 1
469 1
470 0
471 1
472 1
473 1
474 1
475 1
476 1
477 1
478 2
479 2
480 2
481 2
482 1
483 1
484 0
485 1
486 0
487 0
488 0
489 2
490 0
491 0
492 1
493 1
494 1
495 1
496 0
497 0
498 1
499 0
500 0
501 0
502 0
503 0
504 0
505 0
506 1
507 0
508 0
509 0
510 0
511 0
512 0
513 0
514 0
515 0
516 1
517 0
518 0
519 1
520 0
521 0
522 0
523 0
524 1
525 0
526 0
527 1
528 1
529 1
530 2
531 3
532 1
533 1
534 2
535 0
536 0
537 1
538 2
539 1
540 2
541 1
542 2
543 2
544 1
545 3
546 0
547 2
548 2
549 1
550 2
551 2
552 1
553 0
554 1
555 2
556 1
557 2
558 1
559 1
560 2
561 1
562 2
563 1
564 0
565 2
566 1
567 1
568 1
569 2
570 1
571 2
572 2
573 2
574 1
575 1
576 2
577 1
578 1
579 1
580 1
581 2
582 0
583 2
584 2
585 2
586 1
587 0
588 2
589 0
590 1
591 2
592 1
593 0
594 1
595 1
596 0
597 1
598 2
599 2
600 2
601 3
602 1
603 2
604 1
605 1
606 2
607 1
608 0
609 2
610 2
611 1
612 2
613 1
614 1
615 2
616 2
617 0
618 1
619 2
620 2
621 0
622 0
623 2
624 1
625 2
626 1
627 1
628 1
629 0
630 0
631 1
632 1
633 1
634 2
635 1
636 2
637 2
638 1
639 0
640 2
641 2
642 0
643 2
644 1
645 0
646 2
647 2
648 1
649 1
650 1
651 2
652 1
653 2
654 0
655 2
656 1
657 1
658 1
659 2
660 1
661 2
662 2
663 2
664 1
665 2
666 0
667 1
668 0
669 2
670 1
671 2
672 1
673 2
674 2
675 2
676 2
677 1
678 1
679 1
680 1
681 2
682 1
683 1
684 1
685 1
686 0
687 2
688 2
689 3
690 2
691 1
692 1
693 2
694 0
695 1
696 1
697 2
698 1
699 2
700 1
701 2
702 2
703 1
704 2
705 1
706 2
707 0
708 0
709 2
710 2
711 1
712 0
713 2
714 1
715 1
716 1
717 2
718 0
719 2
720 0
721 0
722 0
723 0
724 0
725 0
726 0
727 1
728 1
729 0
730 0
731 1
732 1
733 1
734 1
735 0
736 1
737 0
738 0
739 0
740 0
741 0
742 0
743 1
744 1
745 1
746 1
747 0
748 0
749 0
750 0
751 0
752 1
753 0
754 2
755 1
756 1
757 1
758 1
759 1
760 1
761 1
762 0
763 1
764 2
765 2
766 0
767 1
768 1
769 1
770 1
771 2
772 0
773 2
774 0
775 0
776 1
777 2
778 1
779 1
780 1
781 1
782 1
783 1
784 1
785 1
786 2
787 2
788 0
789 1
790 1
791 2
792 1
793 2
794 1
795 1
796 1
797 1
798 1
799 1
800 2
801 1
802 1
803 1
804 2
805 2
806 2
807 2
808 1
809 0
810 1
811 2
812 2
813 2
814 1
815 0
816 1
817 1
818 1
819 1
820 1
821 1
822 2
823 1
824 2
825 1
826 1
827 2
828 1
829 2
830 1
831 1
832 0
833 2
834 1
835 2
836 1
837 2
838 1
839 1
840 1
841 2
842 0
843 1
844 0
845 0
846 2
847 1
848 1
849 1
850 1
851 2
852 2
853 0
854 1
855 2
856 2
857 2
858 2
859 1
860 1
861 1
862 2
863 1
864 1
865 2
866 1
867 2
868 1
869 2
870 1
871 2
872 2
873 1
874 2
875 1
876 1
877 2
878 1
879 2
880 1
881 2
882 2
883 0
884 1
885 1
886 1
887 1
888 2
889 2
890 0
891 2
892 1
893 1
894 2
895 1
896 1
897 2
898 2
899 1
900 1
901 1
902 0
903 2
904 1
905 2
906 1
907 1
908 1
909 2
910 0
911 1
912 0
913 1
914 1
915 2
916 1
917 1
918 2
919 1
920 2
921 1
922 2
923 0
924 2
925 1
926 0
927 2
928 2
929 3
930 2
931 1
932 2
933 1
934 2
935 2
936 2
937 2
938 0
939 1
940 2
941 0
942 2
943 0
944 1
945 0
946 1
947 1
948 1
949 0
950 1
951 0
952 2
953 1
954 2
955 1
956 2
957 2
958 2
959 2
960 1
961 1
962 1
963 2
964 1
965 2
966 1
967 2
968 3
969 1
970 1
971 1
972 0
973 1
974 0
975 2
976 2
977 1
978 1
979 1
980 1
981 2
982 2
983 2
984 1
985 1
986 0
987 1
988 1
989 1
990 0
991 2
992 1
993 2
994 2
995 2
996 1
997 2
998 1
999 1
1000 1
1001 1
1002 2
1003 1
1004 2
1005 1
1006 1
1007 2
1008 2
1009 2
1010 1
1011 1
1012 1
1013 1
1014 1
1015 2
1016 1
1017 1
1018 1
1019 1
1020 0
1021 2
1022 1
1023 1
1024 2
1025 2
1026 2
1027 1
1028 2
1029 0
1030 1
1031 2
1032 1
1033 2
1034 2
1035 1
1036 1
1037 2
1038 3
1039 1
1040 1
1041 0
1042 1
1043 2
1044 1
1045 0
1046 0
1047 0
1048 0
1049 1
1050 2
1051 0
1052 0
1053 1
1054 2
1055 1
1056 2
1057 2
1058 1
1059 2
1060 2
1061 1
1062 1
1063 2
1064 1
1065 2
1066 1
1067 0
1068 1
1069 1
1070 1
1071 0
1072 1
1073 1
1074 1
1075 1
1076 1
1077 1
1078 1
1079 2
1080 2
1081 1
1082 2
1083 0
1084 0
1085 0
1086 0
1087 1
1088 2
1089 2
1090 2
1091 1
1092 1
1093 1
1094 2
1095 0
1096 2
1097 2
1098 1
1099 1
1100 2
1101 2
1102 1
1103 1
1104 2
1105 2
1106 1
1107 1
1108 1
1109 3
1110 1
1111 2
1112 0
1113 1
1114 1
1115 2
1116 0
1117 1
1118 1
1119 2
1120 0
1121 2
1122 1
1123 1
1124 2
1125 1
1126 2
1127 2
1128 2
1129 2
1130 2
1131 2
1132 1
1133 1
1134 1
1135 1
1136 1
1137 1
1138 1
1139 1
1140 1
1141 0
1142 1
1143 1
1144 3
1145 2
1146 1
1147 1
1148 1
1149 0
1150 1
1151 2
1152 2
1153 1
1154 1
1155 0
1156 2
1157 0
1158 3
1159 1
1160 0
1161 1
1162 1
1163 2
1164 1
1165 1
1166 1
1167 1
1168 2
1169 2
1170 1
1171 1
1172 1
1173 2
1174 1
1175 0
1176 0
1177 1
1178 2
1179 1
1180 1
1181 1
1182 3
1183 1
1184 2
1185 2
1186 1
1187 1
1188 0
1189 1
1190 2
1191 2
1192 1
1193 1
1194 1
1195 1
1196 1
1197 1
1198 2
1199 1
1200 2
1201 1
1202 2
1203 2
1204 1
1205 2
1206 1
1207 2
1208 1
1209 2
1210 2
1211 2
1212 2
1213 1
1214 1
1215 1
1216 2
1217 0
1218 2
1219 0
1220 1
1221 1
1222 1
1223 2
1224 1
1225 2
1226 2
1227 2
1228 2
1229 2
1230 1
1231 2
1232 2
1233 2
1234 2
1235 1
1236 2
1237 1
1238 1
1239 0
1240 1
1241 1
1242 0
1243 2
1244 1
1245 1
1246 0
1247 1
1248 2
1249 1
1250 0
1251 1
1252 1
1253 3
1254 0
1255 1
1256 2
1257 1
1258 1
1259 1
1260 1
1261 1
1262 1
1263 1
1264 1
1265 1
1266 1
1267 2
1268 2
1269 2
1270 1
1271 1
1272 1
1273 1
1274 1
1275 1
1276 0
1277 1
1278 1
1279 1
1280 2
1281 1
1282 1
1283 0
1284 1
1285 1
1286 0
1287 2
1288 2
1289 1
1290 2
1291 0
1292 0
1293 2
1294 2
1295 2
1296 1
1297 0
1298 0
1299 2
1300 2
1301 1
1302 2
1303 1
1304 1
1305 1
1306 2
1307 0
1308 0
1309 1
1310 2
1311 1
1312 1
1313 1
1314 0
1315 2
1316 3
1317 1
1318 1
1319 2
1320 1
1321 2
1322 0
1323 1
1324 2
1325 2
1326 1
1327 3
1328 1
1329 1
1330 1
1331 0
1332 1
1333 1
1334 1
1335 2
1336 1
1337 0
1338 2
1339 0
1340 2
1341 1
1342 0
1343 1
1344 2
1345 3
1346 1
1347 1
1348 2
1349 1
1350 2
1351 2
1352 2
1353 2
1354 1
1355 0
1356 1
1357 3
1358 0
1359 3
1360 1
1361 1
1362 2
1363 1
1364 1
1365 1
1366 1
1367 1
1368 2
1369 2
1370 2
1371 1
1372 2
1373 1
1374 1
1375 1
1376 1
1377 0
1378 1
1379 1
1380 0
1381 0
1382 2
1383 1
1384 1
1385 1
1386 1
1387 3
1388 1
1389 1
1390 1
1391 0
1392 1
1393 0
1394 0
1395 0
1396 0
1397 0
1398 0
1399 0
1400 0
1401 0
1402 0
1403 0
1404 0
1405 0
1406 0
1407 0
1408 0
1409 0
1410 0
1411 0
1412 0
1413 0
1414 0
1415 0
1416 0
1417 0
1418 0
1419 0
1420 0
1421 0
1422 0
1423 0
1424 1
1425 1
1426 0
1427 0
1428 0
1429 0
1430 0
1431 0
1432 0
1433 1
1434 0
1435 0
1436 0
1437 1
1438 1
1439 0
1440 1
1441 1
1442 0
1443 0
1444 1
1445 1
1446 0
1447 0
1448 0
1449 0
1450 0
1451 0
1452 0
1453 1
1454 0
1455 0
1456 0
1457 0
1458 0
1459 0
1460 0
1461 1
1462 0
1463 0
1464 0
1465 0
1466 0
1467 0
1468 0
1469 0
1470 0
1471 0
1472 1
1473 1
1474 0
1475 0
1476 0
1477 0
1478 0
1479 1
1480 0
1481 0
1482 0
1483 0
1484 1
1485 1
1486 1
1487 1
1488 0
1489 0
1490 0
1491 0
1492 0
1493 0
1494 1
1495 0
1496 1
1497 0
1498 1
1499 1
1500 1
1501 0
1502 1
1503 0
1504 0
1505 0
1506 0
1507 1
1508 1
1509 1
1510 1
1511 1
1512 0
1513 1
1514 0
1515 0
1516 0
1517 0
1518 0
1519 0
1520 0
1521 0
1522 0
1523 1
1524 0
1525 1
1526 0
1527 0
1528 0
1529 1
1530 1
1531 0
1532 0
1533 1
1534 0
1535 0
1536 0
1537 1
1538 0
1539 0
1540 0
1541 0
1542 0
1543 0
1544 1
1545 0
1546 1
1547 1
1548 0
1549 1
1550 0
1551 0
1552 0
1553 1
1554 0
1555 0
1556 0
1557 1
1558 0
1559 0
1560 0
1561 0
1562 1
1563 1
1564 0
1565 0
1566 1
1567 0
1568 0
1569 0
1570 1
1571 0
1572 0
1573 1
1574 1
1575 1
1576 2
1577 1
1578 1
1579 1
1580 2
1581 1
1582 1
1583 1
1584 1
1585 0
1586 1
1587 1
1588 0
1589 1
1590 2
1591 1
1592 0
1593 2
1594 0
1595 2
1596 1
1597 2
1598 1
1599 2
1600 1
1601 2
1602 1
1603 1
1604 1
1605 0
1606 1
1607 1
1608 2
1609 1
1610 2
1611 1
1612 1
1613 0
1614 1
1615 2
1616 1
1617 1
1618 1
1619 1
1620 2
1621 1
1622 1
1623 0
1624 2
1625 1
1626 2
1627 0
1628 1
1629 2
1630 2
1631 1
1632 2
1633 1
1634 0
1635 0
1636 0
1637 1
1638 2
1639 1
1640 0
1641 0
1642 0
1643 1
1644 2
1645 1
1646 2
1647 1
1648 2
1649 2
1650 2
1651 1
1652 0
1653 2
1654 1
1655 1
1656 0
1657 0
1658 1
1659 1
1660 2
1661 2
1662 1
1663 0
1664 0
1665 0
1666 1
1667 2
1668 2
1669 1
1670 1
1671 2
1672 1
1673 1
1674 2
1675 1
1676 2
1677 1
1678 1
1679 1
1680 2
1681 2
1682 2
1683 2
1684 1
1685 0
1686 2
1687 1
1688 1
1689 2
1690 2
1691 1
1692 1
1693 1
1694 1
1695 2
1696 0
1697 2
1698 2
1699 0
1700 3
1701 1
1702 2
1703 2
1704 1
1705 0
1706 2
1707 1
1708 2
1709 1
1710 1
1711 1
1712 2
1713 1
1714 1
1715 2
1716 1
1717 1
1718 1
1719 1
1720 0
1721 2
1722 1
1723 0
1724 2
1725 1
1726 0
1727 2
1728 1
1729 1
1730 1
1731 0
1732 1
1733 2
1734 1
1735 1
1736 2
1737 1
1738 1
1739 2
1740 2
1741 0
1742 1
1743 0
1744 1
1745 2
1746 2
1747 2
1748 2
1749 1
1750 2
1751 1
1752 0
1753 1
1754 1
1755 0
1756 1
1757 1
1758 1
1759 1
1760 2
1761 1
1762 1
1763 1
1764 0
1765 1
1766 1
1767 1
1768 1
1769 2
1770 1
1771 1
1772 1
1773 1
1774 1
1775 1
1776 1
1777 1
1778 1
1779 1
1780 1
1781 0
1782 1
1783 1
1784 0
1785 2
1786 1
1787 1
1788 0
1789 1
1790 1
1791 2
1792 1
1793 1
1794 0
1795 1
1796 1
1797 2
1798 0
1799 1
1800 1
1801 1
1802 1
1803 1
1804 2
1805 1
1806 1
1807 0
1808 1
1809 0
1810 1
1811 1
1812 1
1813 1
1814 0
1815 1
1816 0
1817 2
1818 1
1819 2
1820 1
1821 1
1822 1
1823 1
1824 0
1825 1
1826 1
1827 2
1828 1
1829 1
1830 1
1831 1
1832 1
1833 1
1834 1
1835 0
1836 1
1837 2
1838 2
1839 1
1840 1
1841 1
1842 2
1843 1
1844 0
1845 0
1846 1
1847 1
1848 0
1849 1
1850 1
1851 2
1852 1
1853 1
1854 1
1855 2
1856 1
1857 1
1858 2
1859 1
1860 1
1861 0
1862 1
1863 1
1864 1
1865 1
1866 2
1867 1
1868 1
1869 0
1870 0
1871 1
1872 0
1873 1
1874 2
1875 1
1876 0
1877 0
1878 1
1879 0
1880 0
1881 0
1882 2
1883 1
1884 1
1885 1
1886 1
1887 1
1888 1
1889 1
1890 1
1891 1
1892 1
1893 0
1894 2
1895 0
1896 1
1897 0
1898 1
1899 1
1900 1
1901 1
1902 1
1903 1
1904 1
1905 1
1906 1
1907 2
1908 1
1909 1
1910 2
1911 2
1912 2
1913 2
1914 1
1915 1
1916 0
1917 1
1918 1
1919 0
1920 1
1921 2
1922 1
1923 1
1924 1
1925 2
1926 1
1927 1
1928 1
1929 0
1930 1
1931 0
1932 0
1933 2
1934 1
1935 2
1936 2
1937 1
1938 1
1939 0
1940 2
1941 1
1942 1
1943 2
1944 1
1945 1
1946 0
1947 2
1948 1
1949 0
1950 2
1951 1
1952 1
1953 1
1954 1
1955 1
1956 2
1957 1
1958 1
1959 0
1960 1
1961 0
1962 2
1963 1
1964 1
1965 1
1966 2
1967 0
1968 2
1969 1
1970 1
1971 2
1972 1
1973 0
1974 2
1975 1
1976 2
1977 1
1978 2
1979 1
1980 1
1981 0
1982 1
1983 0
1984 1
1985 1
1986 1
1987 1
1988 1
1989 1
1990 0
1991 1
1992 2
1993 1
1994 1
1995 2
1996 0
1997 2
1998 0
1999 1
2000 2
2001 2
2002 2
2003 1
2004 1
2005 1
2006 0
2007 3
2008 1
2009 1
2010 1
2011 1
2012 1
2013 0
2014 1
2015 2
2016 1
2017 2
2018 0
2019 1
2020 1
2021 0
2022 1
2023 1
2024 1
2025 1
2026 2
2027 1
2028 2
2029 0
2030 1
2031 1
2032 1
2033 0
2034 2
2035 1
2036 2
2037 1
2038 2
2039 0
2040 0
2041 2
2042 2
2043 1
2044 2
2045 1
2046 1
2047 2
2048 1
2049 1
2050 2
2051 1
2052 1
2053 2
2054 1
2055 1
2056 1
2057 1
2058 1
2059 2
2060 1
2061 0
2062 1
2063 1
2064 2
2065 0
2066 1
2067 1
2068 3
2069 1
2070 2
2071 1
2072 0
2073 0
2074 1
2075 1
2076 0
2077 1
2078 1
2079 1
2080 1
2081 1
2082 2
2083 0
2084 1
2085 2
2086 2
2087 2
2088 1
2089 2
2090 0
2091 2
2092 0
2093 1
2094 2
2095 1
2096 1
2097 1
2098 2
2099 1
2100 0
2101 1
2102 1
2103 2
2104 1
2105 2
2106 1
2107 0
2108 0
2109 2
2110 2
2111 1
2112 0
2113 1
2114 2
2115 1
2116 1
2117 0
2118 0
2119 1
2120 2
2121 2
2122 2
2123 1
2124 2
2125 1
2126 1
2127 1
2128 2
2129 2
2130 2
2131 1
2132 1
2133 1
2134 1
2135 2
2136 1
2137 1
2138 1
2139 2
2140 1
2141 2
2142 2
2143 1
2144 0
2145 1
2146 1
2147 1
2148 2
2149 2
2150 1
2151 1
2152 0
2153 2
2154 1
2155 1
2156 1
2157 2
2158 1
2159 2
2160 2
2161 2
2162 2
2163 2
2164 3
2165 1
2166 1
2167 2
2168 2
2169 1
2170 2
2171 0
2172 1
2173 2
2174 0
2175 3
2176 0
2177 1
2178 1
2179 1
2180 0
2181 2
2182 1
2183 0
2184 0
2185 0
2186 1
2187 0
2188 1
2189 0
2190 1
2191 0
2192 1
2193 1
2194 1
2195 0
2196 1
2197 0
2198 0
2199 1
2200 0
2201 0
2202 0
2203 0
2204 0
2205 0
2206 1
2207 0
2208 0
2209 1
2210 0
2211 0
2212 1
2213 1
2214 0
2215 0
2216 0
2217 0
2218 1
2219 0
2220 0
2221 0
2222 1
2223 1
2224 0
2225 0
2226 0
2227 1
2228 0
2229 1
2230 1
2231 1
2232 0
2233 1
2234 1
2235 1
2236 0
2237 0
2238 1
2239 0
2240 2
2241 1
2242 0
2243 1
2244 0
2245 0
2246 1
2247 0
2248 2
2249 0
2250 0
2251 0
2252 2
2253 1
2254 1
2255 2
2256 3
2257 2
2258 2
2259 0
2260 0
2261 1
2262 1
2263 0
2264 0
2265 0
2266 0
2267 1
2268 0
2269 1
2270 1
2271 1
2272 0
2273 0
2274 0
2275 0
2276 1
2277 0
2278 0
2279 0
2280 0
2281 0
2282 0
2283 0
2284 0
2285 0
2286 0
2287 0
2288 0
2289 0
2290 0
2291 0
2292 0
2293 1
2294 0
2295 0
2296 1
2297 0
2298 0
2299 1
2300 0
2301 1
2302 1
2303 2
2304 2
2305 2
2306 1
2307 0
2308 1
2309 0
2310 2
2311 1
2312 2
2313 1
2314 1
2315 2
2316 2
2317 1
2318 0
2319 0
2320 1
2321 1
2322 2
2323 2
2324 1
2325 1
2326 2
2327 1
2328 2
2329 2
2330 2
2331 2
2332 0
2333 2
2334 3
2335 1
2336 2
2337 1
2338 2
2339 2
2340 1
2341 0
2342 2
2343 1
2344 2
2345 3
2346 2
2347 0
2348 2
2349 2
2350 1
2351 0
2352 2
2353 3
2354 1
2355 1
2356 3
2357 2
2358 3
2359 2
2360 2
2361 1
2362 1
2363 2
2364 1
2365 2
2366 1
2367 1
2368 0
2369 1
2370 1
2371 1
2372 0
2373 2
2374 1
2375 1
2376 1
2377 2
2378 1
2379 1
2380 1
2381 1
2382 0
2383 3
2384 1
2385 2
2386 2
2387 1
2388 0
2389 1
2390 2
2391 2
2392 2
2393 1
2394 1
2395 1
2396 1
2397 1
2398 2
2399 1
2400 1
2401 2
2402 0
2403 1
2404 1
2405 1
2406 1
2407 1
2408 1
2409 1
2410 1
2411 1
2412 1
2413 0
2414 2
2415 1
2416 1
2417 2
2418 3
2419 1
2420 2
2421 2
2422 1
2423 2
2424 1
2425 1
2426 1
2427 1
2428 1
2429 2
2430 1
2431 0
2432 2
2433 1
2434 1
2435 0
2436 2
2437 1
2438 2
2439 1
2440 1
2441 2
2442 2
2443 2
2444 2
2445 2
2446 1
2447 2
2448 1
2449 2
2450 2
2451 1
2452 1
2453 1
2454 2
2455 2
2456 1
2457 1
2458 1
2459 1
2460 1
2461 3
2462 2
2463 1
2464 2
2465 2
2466 1
2467 2
2468 2
2469 1
2470 2
2471 1
2472 1
2473 2
2474 2
2475 2
2476 2
2477 2
2478 1
2479 1
2480 0
2481 3
2482 1
2483 1
2484 1
2485 1
2486 2
2487 1
2488 2
2489 2
2490 1
2491 0
2492 2
2493 1
2494 1
2495 1
2496 0
2497 0
2498 0
2499 0
2500 0
2501 0
2502 1
2503 0
2504 0
2505 1
2506 0
2507 1
2508 1
2509 0
2510 1
2511 1
2512 0
2513 1
2514 0
2515 0
2516 0
2517 0
2518 1
2519 0
2520 0
2521 0
2522 1
2523 1
2524 0
2525 0
2526 0
2527 0
2528 1
2529 0
2530 1
2531 1
2532 0
2533 0
2534 1
2535 0
2536 1
2537 0
2538 0
2539 0
2540 0
2541 0
2542 0
2543 1
2544 0
2545 1
2546 1
2547 1
2548 2
2549 1
2550 2
2551 1
2552 1
2553 0
2554 0
2555 0
2556 0
2557 0
2558 0
2559 1
2560 0
2561 0
2562 1
2563 1
2564 1
2565 0
2566 0
2567 1
2568 1
2569 0
2570 0
2571 0
2572 1
2573 0
2574 0
2575 1
2576 0
2577 0
2578 0
2579 0
2580 0
2581 1
2582 2
2583 1
2584 2
2585 2
2586 1
2587 0
2588 1
2589 1
2590 3
2591 1
2592 1
2593 1
2594 0
2595 1
2596 2
2597 1
2598 1
2599 2
2600 1
2601 1
2602 2
2603 1
2604 2
2605 2
2606 1
2607 2
2608 2
2609 3
2610 0
2611 2
2612 0
2613 1
2614 2
2615 1
2616 2
2617 1
2618 2
2619 1
2620 1
2621 2
2622 2
2623 2
2624 2
2625 1
2626 2
2627 0
2628 1
2629 1
2630 1
2631 1
2632 1
2633 0
2634 0
2635 0
2636 2
2637 0
2638 0
2639 1
2640 1
2641 0
2642 2
2643 3
2644 1
2645 2
2646 2
2647 0
2648 2
2649 3
2650 1
2651 1
2652 2
2653 2
2654 1
2655 1
2656 2
2657 1
2658 1
2659 2
2660 2
2661 2
2662 2
2663 2
2664 1
2665 2
2666 1
2667 1
2668 2
2669 2
2670 1
2671 2
2672 2
2673 1
2674 1
2675 3
2676 1
2677 1
2678 1
2679 2
2680 2
2681 1
2682 1
2683 1
2684 1
2685 1
2686 3
2687 0
2688 2
2689 2
2690 0
2691 1
2692 1
2693 1
2694 2
2695 1
2696 1
2697 2
2698 1
2699 0
2700 1
2701 1
2702 1
2703 1
2704 2
2705 2
2706 1
2707 1
2708 1
2709 1
2710 2
2711 2
2712 3
2713 2
2714 1
2715 2
2716 2
2717 1
2718 1
2719 2
2720 2
2721 1
2722 0
2723 2
2724 1
2725 2
2726 2
2727 2
2728 0
2729 0
2730 1
2731 1
2732 2
2733 2
2734 1
2735 1
2736 1
2737 2
2738 3
2739 2
2740 2
2741 2
2742 2
2743 2
2744 1
2745 2
2746 1
2747 2
2748 1
2749 1
2750 2
2751 3
2752 2
2753 2
2754 1
2755 1
2756 2
2757 2
2758 2
2759 1
2760 1
2761 1
2762 1
2763 3
2764 1
2765 2
2766 1
2767 1
2768 1
2769 2
2770 1
2771 0
2772 1
2773 1
2774 1
2775 1
2776 0
2777 2
2778 1
2779 0
2780 1
2781 2
2782 0
2783 1
2784 2
2785 1
2786 0
2787 1
2788 1
2789 2
2790 1
2791 1
2792 2
2793 0
2794 2
2795 2
2796 1
2797 2
2798 1
2799 1
2800 2
2801 2
2802 0
2803 1
2804 0
2805 2
2806 2
2807 2
2808 1
2809 0
2810 1
2811 2
2812 0
2813 1
2814 2
2815 1
2816 1
2817 2
2818 1
2819 1
2820 1
2821 2
2822 2
2823 0
2824 0
2825 1
2826 1
2827 2
2828 1
2829 2
2830 0
2831 3
2832 1
2833 1
2834 2
2835 1
2836 1
2837 1
2838 2
2839 2
2840 2
2841 2
2842 1
2843 1
2844 0
2845 0
2846 0
2847 0
2848 0
2849 0
2850 0
2851 0
2852 1
2853 0
2854 0
2855 0
2856 0
2857 1
2858 0
2859 0
2860 0
2861 1
2862 0
2863 0
2864 1
2865 0
2866 0
2867 0
2868 0
2869 0
2870 0
2871 0
2872 0
2873 0
2874 0
2875 0
2876 0
2877 0
2878 0
2879 0
2880 0
2881 0
2882 0
2883 0
2884 0
2885 0
2886 0
2887 0
2888 0
2889 0
2890 0
2891 0
2892 0
2893 0
2894 0
2895 0
2896 0
2897 0
2898 2
2899 1
2900 2
2901 1
2902 1
2903 1
2904 1
2905 2
2906 2
2907 2
2908 0
2909 1
2910 1
2911 2
2912 1
2913 1
2914 1
2915 1
2916 0
2917 1
2918 1
2919 1
2920 1
2921 2
2922 1
2923 1
2924 2
2925 1
2926 0
2927 1
2928 0
2929 2
2930 1
2931 2
2932 1
2933 2
2934 1
2935 1
2936 1
2937 1
2938 1
2939 0
2940 1
2941 1
2942 0
2943 0
2944 0
2945 0
2946 0
2947 0
2948 0
2949 0
2950 1
2951 0
2952 0
2953 0
2954 0
2955 0
2956 1
2957 1
2958 0
2959 0
2960 0
2961 0
2962 0
2963 0
2964 1
2965 0
2966 1
2967 0
2968 0
2969 0
2970 0
2971 0
2972 0
2973 0
2974 1
2975 0
2976 0
2977 0
2978 1
2979 0
2980 1
2981 1
2982 1
2983 1
2984 0
2985 0
2986 0
2987 0
2988 0
2989 0
2990 1
2991 0
2992 0
2993 1
2994 1
2995 0
2996 1
2997 0
2998 1
2999 0
3000 1
3001 1
3002 0
3003 0
3004 0
3005 1
3006 1
3007 1
3008 0
3009 0
3010 0
3011 0
3012 0
3013 1
3014 0
3015 0
3016 0
3017 2
3018 0
3019 1
3020 0
3021 0
3022 0
3023 0
3024 0
3025 0
3026 0
3027 0
3028 1
3029 0
3030 0
3031 1
3032 1
3033 0
3034 0
3035 0
3036 1
3037 0
3038 1
3039 2
3040 1
3041 0
3042 1
3043 1
3044 1
3045 1
3046 2
3047 1
3048 0
3049 0
3050 0
3051 0
3052 0
3053 0
3054 1
3055 0
3056 1
3057 0
3058 0
3059 0
3060 0
3061 1
3062 1
3063 0
3064 1
3065 0
3066 0
3067 0
3068 0
3069 1
3070 1
3071 1
3072 0
3073 1
3074 0
3075 1
3076 0
3077 1
3078 2
3079 1
3080 2
3081 2
3082 1
3083 1
3084 2
3085 2
3086 2
3087 1
3088 2
3089 2
3090 1
3091 2
3092 2
3093 2
3094 0
3095 2
3096 2
3097 1
3098 2
3099 0
3100 0
3101 0
3102 0
3103 1
3104 1
3105 1
3106 1
3107 1
3108 0
3109 0
3110 0
3111 0
3112 1
3113 0
3114 1
3115 0
3116 0
3117 0
3118 0
3119 0
3120 0
3121 0
3122 0
3123 1
3124 2
3125 0
3126 2
3127 0
3128 1
3129 1
3130 1
3131 0
3132 0
3133 1
3134 2
3135 1
3136 1
3137 1
3138 3
3139 1
3140 2
3141 2
3142 1
3143 2
3144 1
3145 2
3146 0
3147 1
3148 1
3149 1
3150 1
3151 0
3152 0
3153 0
3154 1
3155 0
3156 0
3157 0
3158 0
3159 0
3160 1
3161 1
3162 1
3163 1
3164 0
3165 1
3166 1
3167 1
3168 1
3169 1
3170 2
3171 2
3172 1
3173 3
3174 2
3175 1
3176 2
3177 0
3178 1
3179 1
3180 1
3181 0
3182 1
3183 1
3184 2
3185 1
3186 3
3187 1
3188 1
3189 1
3190 1
3191 2
3192 2
3193 2
3194 1
3195 0
3196 1
3197 0
3198 2
3199 2
3200 1
3201 0
3202 0
3203 1
3204 1
3205 1
3206 0
3207 1
3208 0
3209 0
3210 1
3211 1
3212 2
3213 0
3214 1
3215 1
3216 1
3217 1
3218 0
3219 1
3220 0
3221 1
3222 0
3223 1
3224 2
3225 0
3226 0
3227 0
3228 0
3229 0
3230 1
3231 1
3232 0
3233 1
3234 0
3235 0
3236 1
3237 0
3238 0
3239 0
3240 1
3241 1
3242 1
3243 0
3244 0
3245 0
3246 1
3247 0
3248 1
3249 0
3250 1
3251 1
3252 1
3253 0
3254 1
3255 1
3256 0
3257 0
3258 0
3259 0
3260 0
3261 0
3262 0
3263 1
3264 0
3265 0
3266 0
3267 0
3268 1
3269 1
3270 0
3271 1
3272 0
3273 0
3274 0
3275 1
3276 1
3277 0
3278 0
3279 0
3280 1
3281 0
3282 0
3283 1
3284 0
3285 0
3286 0
3287 0
3288 0
3289 0
3290 0
3291 0
3292 1
3293 0
3294 0
3295 1
3296 1
3297 1
3298 1
3299 0
3300 0
3301 0
3302 0
3303 0
3304 0
3305 1
3306 1
3307 0
3308 1
3309 1
3310 1
3311 0
3312 0
3313 0
3314 0
3315 0
3316 1
3317 1
3318 0
3319 0
3320 0
3321 0
3322 1
3323 1
3324 2
3325 1
3326 0
3327 1
3328 1
3329 0
3330 0
3331 0
3332 0
3333 1
3334 1
3335 0
3336 1
3337 2
3338 1
3339 1
3340 1
3341 1
3342 1
3343 1
3344 1
3345 1
3346 1
3347 1
3348 1
3349 1
3350 1
3351 1
3352 1
3353 1
3354 1
3355 0
3356 1
3357 1
3358 1
3359 0
3360 0
3361 0
3362 0
3363 0
3364 0
3365 0
3366 0
3367 0
3368 0
3369 0
3370 1
3371 1
3372 0
3373 0
3374 0
3375 0
3376 0
3377 0
3378 0
3379 0
3380 0
3381 0
3382 0
3383 0
3384 0
3385 1
3386 0
3387 0
3388 1
3389 1
3390 0
3391 1
3392 0
3393 1
3394 0
3395 0
3396 0
3397 0
3398 0
3399 1
3400 0
3401 0
3402 0
3403 1
3404 0
3405 1
3406 0
3407 1
3408 0
3409 0
3410 0
3411 0
3412 0
3413 0
3414 1
3415 1
3416 1
3417 1
3418 1
3419 1
3420 0
3421 0
3422 0
3423 1
3424 0
3425 0
3426 0
3427 0
3428 0
3429 1
3430 0
3431 1
3432 0
3433 1
3434 1
3435 0
3436 0
3437 0
3438 1
3439 0
3440 0
3441 0
3442 0
3443 0
3444 0
3445 0
3446 0
3447 0
3448 0
3449 2
3450 2
3451 1
3452 0
3453 0
3454 0
3455 0
3456 1
3457 1
3458 1
3459 2
3460 0
3461 0
3462 0
3463 0
3464 0
3465 0
3466 0
3467 0
3468 0
3469 1
3470 0
3471 1
3472 1
3473 0
3474 0
3475 0
3476 1
3477 1
3478 0
3479 1
3480 1
3481 0
3482 1
3483 0
3484 0
3485 0
3486 1
3487 0
3488 0
3489 0
3490 0
3491 0
3492 0
3493 1
3494 0
3495 1
3496 0
3497 0
3498 1
3499 0
3500 0
3501 1
3502 0
3503 0
3504 1
3505 2
3506 1
3507 1
3508 2
3509 1
3510 1
3511 0
3512 1
3513 1
3514 1
3515 3
3516 1
3517 2
3518 0
3519 0
3520 2
3521 2
3522 2
3523 1
3524 1
3525 1
3526 2
3527 1
3528 2
3529 2
3530 2
3531 2
3532 2
3533 0
3534 0
3535 2
3536 1
3537 1
3538 2
3539 2
3540 1
3541 1
3542 2
3543 1
3544 2
3545 0
3546 2
3547 1
3548 2
3549 1
3550 0
3551 1
3552 2
3553 2
3554 1
3555 0
3556 0
3557 0
3558 2
3559 0
3560 1
3561 1
3562 1
3563 1
3564 1
3565 2
3566 2
3567 1
3568 2
3569 1
3570 0
3571 0
3572 2
3573 1
3574 1
3575 2
3576 1
3577 2
3578 2
3579 1
3580 1
3581 2
3582 2
3583 1
3584 0
3585 2
3586 2
3587 0
3588 2
3589 0
3590 2
3591 1
3592 1
3593 1
3594 1
3595 2
3596 0
3597 1
3598 2
3599 0
3600 2
3601 2
3602 1
3603 1
3604 1
3605 0
3606 1
3607 1
3608 0
3609 2
3610 1
3611 1
3612 2
3613 1
3614 1
3615 2
3616 1
3617 2
3618 1
3619 2
3620 1
3621 1
3622 1
3623 0
3624 1
3625 3
3626 2
3627 0
3628 0
3629 2
3630 1
3631 2
3632 1
3633 1
3634 0
3635 0
3636 1
3637 1
3638 2
3639 1
3640 2
3641 2
3642 0
3643 1
3644 1
3645 1
3646 1
3647 1
3648 1
3649 0
3650 1
3651 0
3652 1
3653 1
3654 0
3655 0
3656 0
3657 0
3658 0
3659 0
3660 1
3661 1
3662 1
3663 0
3664 1
3665 1
3666 1
3667 0
3668 1
3669 0
3670 1
3671 0
3672 1
3673 0
3674 0
3675 0
3676 1
3677 0
3678 1
3679 0
3680 0
3681 0
3682 0
3683 0
3684 0
3685 1
3686 0
3687 0
3688 0
3689 0
3690 0
3691 0
3692 0
3693 0
3694 0
3695 0
3696 0
3697 0
3698 2
3699 2
3700 0
3701 2
3702 1
3703 1
3704 2
3705 0
3706 2
3707 1
3708 1
3709 1
3710 1
3711 2
3712 1
3713 1
3714 2
3715 2
3716 1
3717 2
3718 2
3719 1
3720 0
3721 0
3722 1
3723 1
3724 1
3725 2
3726 0
3727 1
3728 2
3729 2
3730 2
3731 1
3732 1
3733 0
3734 1
3735 1
3736 1
3737 1
3738 2
3739 1
3740 1
3741 1
3742 2
3743 2
3744 1
3745 1
3746 1
3747 2
3748 2
3749 2
3750 1
3751 2
3752 1
3753 1
3754 2
3755 0
3756 1
3757 2
3758 2
3759 2
3760 2
3761 1
3762 1
3763 2
3764 0
3765 1
3766 1
3767 1
3768 2
3769 2
3770 0
3771 2
3772 2
3773 2
3774 1
3775 1
3776 2
3777 0
3778 1
3779 2
3780 1
3781 1
3782 0
3783 1
3784 0
3785 2
3786 2
3787 2
3788 2
3789 0
3790 1
3791 2
3792 1
3793 2
3794 1
3795 2
3796 0
3797 2
3798 1
3799 2
3800 1
3801 0
3802 1
3803 3
3804 2
3805 2
3806 1
3807 1
3808 1
3809 1
3810 1
3811 1
3812 3
3813 2
3814 1
3815 1
3816 0
3817 2
3818 1
3819 2
3820 0
3821 2
3822 2
3823 0
3824 2
3825 2
3826 2
3827 0
3828 2
3829 1
3830 1
3831 2
3832 1
3833 2
3834 2
3835 0
3836 1
3837 0
3838 2
3839 1
3840 0
3841 1
3842 0
3843 2
3844 1
3845 0
3846 0
3847 3
3848 2
3849 1
3850 0
3851 1
3852 1
3853 2
3854 1
3855 1
3856 1
3857 0
3858 1
3859 2
3860 2
3861 2
3862 1
3863 3
3864 2
3865 1
3866 1
3867 2
3868 1
3869 0
3870 2
3871 2
3872 0
3873 1
3874 0
3875 1
3876 1
3877 1
3878 2
3879 0
3880 1
3881 2
3882 1
3883 1
3884 0
3885 1
3886 2
3887 1
3888 1
3889 0
3890 2
3891 1
3892 3
3893 1
3894 1
3895 1
3896 2
3897 1
3898 2
3899 1
3900 2
3901 1
3902 2
3903 1
3904 1
3905 1
3906 0
3907 1
3908 2
3909 2
3910 2
3911 2
3912 1
3913 1
3914 2
3915 2
3916 1
3917 1
3918 0
3919 2
3920 2
3921 1
3922 3
3923 1
3924 1
3925 2
3926 1
3927 1
3928 2
3929 0
3930 1
3931 1
3932 2
3933 2
3934 2
3935 1
3936 1
3937 1
3938 1
3939 1
3940 1
3941 2
3942 1
3943 0
3944 0
3945 0
3946 1
3947 1
3948 0
3949 1
3950 1
3951 1
3952 0
3953 1
3954 0
3955 0
3956 1
3957 2
3958 0
3959 1
3960 0
3961 1
3962 0
3963 1
3964 2
3965 1
3966 1
3967 0
3968 1
3969 1
3970 1
3971 1
3972 2
3973 1
3974 0
3975 0
3976 2
3977 2
3978 1
3979 1
3980 0
3981 1
3982 1
3983 1
3984 1
3985 0
3986 2
3987 2
3988 2
3989 1
3990 2
3991 1
3992 2
3993 1
3994 2
3995 1
3996 1
3997 0
3998 2
3999 3
4000 1
4001 1
4002 1
4003 0
4004 1
4005 2
4006 1
4007 2
4008 1
4009 0
4010 2
4011 0
4012 1
4013 1
4014 2
4015 2
4016 2
4017 1
4018 2
4019 1
4020 1
4021 1
4022 2
4023 0
4024 2
4025 1
4026 2
4027 1
4028 1
4029 0
4030 1
4031 1
4032 1
4033 1
4034 3
4035 1
4036 2
4037 2
4038 0
4039 1
4040 1
4041 1
4042 2
4043 0
4044 1
4045 2
4046 2
4047 0
4048 2
4049 1
4050 0
4051 2
4052 0
4053 0
4054 1
4055 1
4056 1
4057 2
4058 0
4059 0
4060 0
4061 2
4062 2
4063 0
4064 0
4065 0
4066 0
4067 1
4068 2
4069 1
4070 2
4071 2
4072 2
4073 2
4074 1
4075 2
4076 0
4077 2
4078 1
4079 3
4080 2
4081 1
4082 2
4083 0
4084 2
4085 0
4086 1
4087 0
4088 1
4089 2
4090 1
4091 1
4092 0
4093 2
4094 1
4095 2
4096 1
4097 2
4098 2
4099 1
4100 1
4101 2
4102 2
4103 2
4104 1
4105 1
4106 0
4107 2
4108 2
4109 1
4110 1
4111 1
4112 1
4113 2
4114 2
4115 1
4116 1
4117 2
4118 3
4119 1
4120 3
4121 0
4122 2
4123 1
4124 1
4125 1
4126 1
4127 2
4128 1
4129 1
4130 1
4131 2
4132 0
4133 2
4134 2
4135 2
4136 2
4137 1
4138 2
4139 2
4140 2
4141 2
4142 0
4143 1
4144 1
4145 1
4146 2
4147 1
4148 1
4149 2
4150 0
4151 1
4152 0
4153 0
4154 0
4155 1
4156 1
4157 0
4158 0
4159 0
4160 1
4161 1
4162 0
4163 0
4164 0
4165 1
4166 1
4167 1
4168 0
4169 0
4170 0
4171 1
4172 0
4173 1
4174 0
4175 0
4176 0
4177 0
4178 0
4179 0
4180 1
4181 0
4182 0
4183 1
4184 1
4185 1
4186 1
4187 1
4188 0
4189 0
4190 1
4191 0
4192 0
4193 0
4194 0
4195 0
4196 0
4197 0
4198 0
4199 0
4200 0
4201 0
4202 0
4203 0
4204 0
4205 0
4206 0
4207 0
4208 2
4209 0
4210 2
4211 0
4212 1
4213 1
4214 1
4215 1
4216 0
4217 1
4218 2
4219 2
4220 1
4221 1
4222 1
4223 2
4224 1
4225 2
4226 1
4227 1
4228 2
4229 1
4230 3
4231 2
4232 1
4233 2
4234 1
4235 1
4236 2
4237 0
4238 1
4239 1
4240 2
4241 1
4242 1
4243 1
4244 1
4245 1
4246 1
4247 2
4248 1
4249 1
4250 2
4251 2
4252 0
4253 1
4254 3
4255 2
4256 2
4257 0
4258 1
4259 2
4260 1
4261 0
4262 2
4263 1
4264 2
4265 2
4266 2
4267 1
4268 2
4269 2
4270 2
4271 1
4272 2
4273 2
4274 1
4275 2
4276 1
4277 0
4278 1
4279 2
4280 1
4281 1
4282 1
4283 3
4284 2
4285 0
4286 0
4287 0
4288 0
4289 0
4290 0
4291 0
4292 0
4293 0
4294 1
4295 0
4296 0
4297 0
4298 0
4299 1
4300 0
4301 0
4302 0
4303 0
4304 1
4305 0
4306 1
4307 0
4308 0
4309 1
4310 0
4311 0
4312 0
4313 0
4314 0
4315 0
4316 0
4317 0
4318 0
4319 0
4320 0
4321 0
4322 0
4323 0
4324 0
4325 0
4326 1
4327 0
4328 0
4329 0
4330 0
4331 0
4332 0
4333 0
4334 0
4335 1
4336 0
4337 0
4338 0
4339 0
4340 0
4341 0
4342 0
4343 0
4344 1
4345 0
4346 0
4347 0
4348 0
4349 0
4350 0
4351 1
4352 0
4353 0
4354 0
4355 0
4356 0
4357 2
4358 2
4359 1
4360 0
4361 2
4362 1
4363 1
4364 1
4365 2
4366 1
4367 1
4368 0
4369 0
4370 2
4371 2
4372 1
4373 2
4374 2
4375 1
4376 2
4377 1
4378 1
4379 1
4380 3
4381 1
4382 2
4383 2
4384 2
4385 1
4386 2
4387 1
4388 0
4389 2
4390 1
4391 1
4392 1
4393 2
4394 2
4395 1
4396 2
4397 0
4398 0
4399 1
4400 2
4401 1
4402 2
4403 0
4404 2
4405 2
4406 1
4407 1
4408 1
4409 2
4410 2
4411 0
4412 1
4413 2
4414 1
4415 1
4416 1
4417 1
4418 2
4419 1
4420 2
4421 0
4422 1
4423 1
4424 0
4425 2
4426 2
4427 1
4428 2
4429 2
4430 1
4431 1
4432 2
4433 0
4434 1
4435 1
4436 2
4437 2
4438 1
4439 1
4440 1
4441 1
4442 1
4443 2
4444 1
4445 2
4446 1
4447 1
4448 1
4449 1
4450 0
4451 1
4452 2
4453 2
4454 2
4455 1
4456 2
4457 1
4458 2
4459 2
4460 2
4461 2
4462 2
4463 1
4464 1
4465 2
4466 2
4467 1
4468 2
4469 0
4470 1
4471 0
4472 0
4473 0
4474 0
4475 0
4476 0
4477 1
4478 0
4479 0
4480 0
4481 1
4482 1
4483 0
4484 0
4485 0
4486 0
4487 0
4488 1
4489 2
4490 1
4491 1
4492 2
4493 2
4494 0
4495 0
4496 1
4497 2
4498 1
4499 1
4500 2
4501 3
4502 0
4503 1
4504 1
4505 2
4506 1
4507 1
4508 1
4509 1
4510 2
4511 0
4512 1
4513 1
4514 1
4515 1
4516 1
4517 2
4518 1
4519 2
4520 0
4521 2
4522 2
4523 2
4524 1
4525 1
4526 2
4527 0
4528 2
4529 1
4530 1
4531 1
4532 2
4533 2
4534 2
4535 1
4536 3
4537 2
4538 2
4539 2
4540 1
4541 1
4542 1
4543 1
4544 1
4545 0
4546 0
4547 1
4548 1
4549 2
4550 1
4551 2
4552 1
4553 1
4554 0
4555 0
4556 0
4557 0
4558 0
4559 0
4560 1
4561 0
4562 0
4563 0
4564 0
4565 1
4566 0
4567 0
4568 0
4569 2
4570 2
4571 1
4572 0
4573 0
4574 1
4575 0
4576 2
4577 1
4578 0
4579 0
4580 0
4581 0
4582 0
4583 0
4584 1
4585 0
4586 0
4587 0
4588 0
4589 1
4590 1
4591 1
4592 0
4593 0
4594 0
4595 0
4596 0
4597 0
4598 0
4599 0
4600 0
4601 0
4602 0
4603 0
4604 0
4605 0
4606 0
4607 2
4608 2
4609 2
4610 2
4611 1
4612 3
4613 0
4614 1
4615 1
4616 0
4617 0
4618 1
4619 1
4620 1
4621 0
4622 1
4623 2
4624 1
4625 1
4626 1
4627 1
4628 2
4629 0
4630 1
4631 2
4632 0
4633 1
4634 2
4635 0
4636 0
4637 1
4638 3
4639 2
4640 0
4641 2
4642 1
4643 1
4644 1
4645 1
4646 1
4647 1
4648 2
4649 1
4650 2
4651 0
4652 2
4653 2
4654 2
4655 2
4656 1
4657 2
4658 1
4659 1
4660 1
4661 2
4662 1
4663 1
4664 2
4665 1
4666 2
4667 1
4668 1
4669 2
4670 1
4671 2
4672 2
4673 1
4674 1
4675 1
4676 0
4677 2
4678 1
4679 2
4680 1
4681 1
4682 2
4683 1
4684 1
4685 1
4686 2
4687 1
4688 1
4689 1
4690 2
4691 3
4692 2
4693 0
4694 1
4695 1
4696 1
4697 1
4698 1
4699 2
4700 2
4701 0
4702 1
4703 1
4704 3
4705 1
4706 1
4707 3
4708 1
4709 1
4710 2
4711 1
4712 1
4713 2
4714 2
4715 2
4716 1
4717 1
4718 1
4719 0
4720 2
4721 2
4722 1
4723 0
4724 2
4725 1
4726 1
4727 2
4728 1
4729 2
4730 1
4731 1
4732 3
4733 2
4734 2
4735 2
4736 2
4737 3
4738 1
4739 1
4740 1
4741 0
4742 1
4743 1
4744 1
4745 1
4746 2
4747 1
4748 0
4749 1
4750 1
4751 1
4752 2
4753 1
4754 1
4755 2
4756 1
4757 1
4758 1
4759 1
4760 2
4761 1
4762 1
4763 1
4764 1
4765 2
4766 1
4767 2
4768 0
4769 1
4770 0
4771 1
4772 2
4773 1
4774 2
4775 2
4776 2
4777 2
4778 1
4779 0
4780 1
4781 1
4782 0
4783 1
4784 1
4785 0
4786 1
4787 0
4788 0
4789 1
4790 1
4791 0
4792 1
4793 0
4794 0
4795 0
4796 0
4797 1
4798 0
4799 0
4800 2
4801 0
4802 0
4803 0
4804 1
4805 1
4806 1
4807 1
4808 1
4809 1
4810 1
4811 0
4812 0
4813 0
4814 0
4815 0
4816 0
4817 0
4818 1
4819 1
4820 0
4821 0
4822 0
4823 0
4824 1
4825 0
4826 0
4827 0
4828 0
4829 0
4830 1
4831 1
4832 0
4833 0
4834 1
4835 1
4836 1
4837 0
4838 0
4839 1
4840 0
4841 0
4842 0
4843 1
4844 0
4845 1
4846 0
4847 0
4848 1
4849 1
4850 1
4851 1
4852 1
4853 0
4854 0
4855 1
4856 1
4857 1
4858 1
4859 0
4860 1
4861 0
4862 0
4863 1
4864 2
4865 2
4866 1
4867 1
4868 1
4869 0
4870 2
4871 2
4872 0
4873 1
4874 2
4875 2
4876 2
4877 1
4878 2
4879 2
4880 1
4881 2
4882 0
4883 2
4884 1
4885 1
4886 1
4887 1
4888 1
4889 1
4890 1
4891 2
4892 2
4893 1
4894 1
4895 2
4896 2
4897 3
4898 0
4899 2
4900 2
4901 2
4902 2
4903 2
4904 1
4905 2
4906 2
4907 1
4908 2
4909 2
4910 0
4911 1
4912 1
4913 2
4914 1
4915 2
4916 1
4917 2
4918 1
4919 0
4920 0
4921 0
4922 0
4923 0
4924 1
4925 0
4926 1
4927 0
4928 0
4929 0
4930 0
4931 0
4932 0
4933 0
4934 0
4935 0
4936 0
4937 0
4938 1
4939 1
4940 0
4941 0
4942 1
4943 0
4944 0
4945 0
4946 0
4947 0
4948 0
4949 1
4950 1
4951 2
4952 0
4953 1
4954 0
4955 1
4956 1
4957 0
4958 0
4959 0
4960 1
4961 0
4962 1
4963 1
4964 1
4965 1
4966 0
4967 0
4968 0
4969 0
4970 0
4971 0
4972 1
4973 0
4974 1
4975 0
4976 0
4977 0
4978 2
4979 0
4980 2
4981 0
4982 2
4983 2
4984 0
4985 1
4986 1
4987 0
4988 0
4989 1
4990 2
4991 0
4992 1
4993 2
4994 2
4995 0
4996 2
4997 1
4998 2
4999 2
5000 1
5001 1
5002 2
5003 2
5004 1
5005 1
5006 1
5007 0
5008 2
5009 1
5010 1
5011 2
5012 2
5013 2
5014 1
5015 1
5016 1
5017 0
5018 1
5019 2
5020 1
5021 1
5022 2
5023 1
5024 0
5025 1
5026 1
5027 1
5028 1
5029 1
5030 1
5031 0
5032 0
5033 2
5034 1
5035 2
5036 1
5037 2
5038 2
5039 1
5040 0
5041 0
5042 2
5043 1
5044 2
5045 1
5046 1
5047 1
5048 1
5049 1
5050 1
5051 2
5052 1
5053 1
5054 2
5055 2
5056 2
5057 0
5058 1
5059 1
5060 1
5061 1
5062 1
5063 1
5064 1
5065 2
5066 1
5067 2
5068 1
5069 1
5070 2
5071 1
5072 2
5073 0
5074 0
5075 2
5076 1
5077 0
5078 0
5079 1
5080 1
5081 1
5082 2
5083 2
5084 1
5085 0
5086 1
5087 0
5088 0
5089 0
5090 0
5091 0
5092 0
5093 0
5094 0
5095 0
5096 0
5097 0
5098 0
5099 1
5100 0
5101 0
5102 0
5103 0
5104 0
5105 0
5106 0
5107 0
5108 0
5109 0
5110 0
5111 0
5112 0
5113 0
5114 0
5115 0
5116 1
5117 0
5118 1
5119 0
5120 0
5121 1
5122 1
5123 0
5124 0
5125 1
5126 0
5127 0
5128 0
5129 0
5130 0
5131 0
5132 1
5133 2
5134 1
5135 1
5136 1
5137 1
5138 1
5139 0
5140 0
5141 1
5142 0
5143 0
5144 0
5145 1
5146 0
5147 1
5148 0
5149 1
5150 1
5151 0
5152 1
5153 1
5154 0
5155 0
5156 0
5157 0
5158 0
5159 0
5160 0
5161 0
5162 0
5163 1
5164 1
5165 0
5166 0
5167 0
5168 1
5169 0
5170 1
5171 0
5172 0
5173 1
5174 1
5175 1
5176 0
5177 0
5178 1
5179 0
5180 0
5181 0
5182 0
5183 0
5184 0
5185 0
5186 0
5187 0
5188 0
5189 0
5190 1
5191 0
5192 1
5193 0
5194 0
5195 0
5196 0
5197 0
5198 0
5199 1
5200 1
5201 0
5202 1
5203 1
5204 0
5205 0
5206 0
5207 0
5208 0
5209 0
5210 1
5211 0
5212 0
5213 1
5214 0
5215 0
5216 0
5217 0
5218 0
5219 0
5220 0
5221 0
5222 0
5223 1
5224 0
5225 2
5226 0
5227 1
5228 2
5229 2
5230 1
5231 2
5232 0
5233 2
5234 0
5235 2
5236 2
5237 2
5238 2
5239 1
5240 2
5241 1
5242 2
5243 2
5244 2
5245 0
5246 0
5247 2
5248 1
5249 1
5250 3
5251 0
5252 0
5253 1
5254 2
5255 0
5256 1
5257 2
5258 1
5259 2
5260 1
5261 1
5262 2
5263 2
5264 2
5265 1
5266 1
5267 1
5268 2
5269 1
5270 1
5271 2
5272 3
5273 2
5274 2
5275 1
5276 1
5277 1
5278 2
5279 2
5280 2
5281 1
5282 2
5283 1
5284 1
5285 1
5286 1
5287 2
5288 1
5289 2
5290 1
5291 2
5292 2
5293 1
5294 1
5295 1
5296 1
5297 1
5298 1
5299 2
5300 1
5301 1
5302 0
5303 1
5304 1
5305 1
5306 0
5307 1
5308 1
5309 2
5310 2
5311 2
5312 1
5313 1
5314 2
5315 1
5316 2
5317 2
5318 1
5319 0
5320 2
5321 0
5322 2
5323 1
5324 1
5325 2
5326 1
5327 1
5328 2
5329 0
5330 2
5331 1
5332 1
5333 2
5334 2
5335 2
5336 1
5337 2
5338 1
5339 2
5340 0
5341 1
5342 0
5343 1
5344 2
5345 1
5346 1
5347 1
5348 3
5349 1
5350 0
5351 2
5352 1
5353 1
5354 1
5355 2
5356 1
5357 2
5358 2
5359 1
5360 1
5361 2
5362 0
5363 1
5364 1
5365 3
5366 1
5367 1
5368 0
5369 2
5370 0
5371 1
5372 1
5373 0
5374 1
5375 2
5376 1
5377 1
5378 1
5379 0
5380 0
5381 1
5382 0
5383 2
5384 1
5385 2
5386 1
5387 1
5388 3
5389 2
5390 1
5391 1
5392 2
5393 2
5394 2
5395 1
5396 3
5397 2
5398 1
5399 2
5400 1
5401 1
5402 1
5403 2
5404 1
5405 1
5406 0
5407 1
5408 1
5409 0
5410 2
5411 0
5412 1
5413 2
5414 1
5415 1
5416 2
5417 1
5418 1
5419 1
5420 1
5421 1
5422 2
5423 0
5424 1
5425 1
5426 1
5427 2
5428 1
5429 1
5430 1
5431 1
5432 1
5433 1
5434 1
5435 1
5436 1
5437 1
5438 1
5439 2
5440 0
5441 2
5442 1
5443 0
5444 2
5445 0
5446 1
5447 1
5448 0
5449 2
5450 2
5451 3
5452 1
5453 1
5454 1
5455 2
5456 1
5457 2
5458 1
5459 1
5460 1
5461 2
5462 0
5463 2
5464 1
5465 0
5466 1
5467 2
5468 0
5469 1
5470 3
5471 3
5472 0
5473 3
5474 0
5475 1
5476 1
5477 1
5478 1
5479 1
5480 0
5481 2
5482 0
5483 2
5484 0
5485 0
5486 2
5487 1
5488 1
5489 2
5490 0
5491 2
5492 1
5493 1
5494 2
5495 1
5496 2
5497 1
5498 2
5499 1
5500 1
5501 2
5502 1
5503 2
5504 1
5505 2
5506 0
5507 1
5508 2
5509 1
5510 2
5511 0
5512 1
5513 2
5514 1
5515 1
5516 2
5517 2
5518 2
5519 0
5520 2
5521 2
5522 1
5523 2
5524 1
5525 0
5526 2
5527 0
5528 1
5529 1
5530 1
5531 1
5532 0
5533 0
5534 0
5535 2
5536 2
5537 2
5538 2
5539 0
5540 1
5541 1
5542 2
5543 1
5544 1
5545 2
5546 1
5547 2
5548 2
5549 1
5550 1
5551 0
5552 2
5553 2
5554 1
5555 1
5556 2
5557 3
5558 2
5559 1
5560 0
5561 2
5562 2
5563 1
5564 2
5565 1
5566 2
5567 1
5568 2
5569 1
5570 2
5571 2
5572 3
5573 1
5574 2
5575 1
5576 1
5577 0
5578 1
5579 1
5580 2
5581 2
5582 2
5583 2
5584 0
5585 1
5586 1
5587 2
5588 0
5589 1
5590 1
5591 0
5592 2
5593 2
5594 1
5595 2
5596 1
5597 2
5598 2
5599 1
5600 1
5601 0
5602 0
5603 1
5604 1
5605 2
5606 1
5607 2
5608 2
5609 1
5610 2
5611 1
5612 1
5613 2
5614 1
5615 1
5616 1
5617 2
5618 1
5619 1
5620 1
5621 0
5622 2
5623 1
5624 1
5625 1
5626 1
5627 0
5628 1
5629 0
5630 1
5631 2
5632 1
5633 0
5634 0
5635 1
5636 0
5637 0
5638 0
5639 0
5640 0
5641 0
5642 0
5643 0
5644 0
5645 0
5646 0
5647 0
5648 0
5649 0
5650 0
5651 0
5652 0
5653 0
5654 0
5655 0
5656 1
5657 0
5658 0
5659 0
5660 0
5661 0
5662 0
5663 1
5664 1
5665 0
5666 1
5667 1
5668 1
5669 1
5670 0
5671 0
5672 0
5673 0
5674 0
5675 0
5676 0
5677 0
5678 0
5679 0
5680 0
5681 1
5682 0
5683 1
5684 1
5685 1
5686 1
5687 2
5688 1
5689 0
5690 3
5691 1
5692 0
5693 2
5694 1
5695 1
5696 1
5697 1
5698 1
5699 0
5700 0
5701 2
5702 0
5703 2
5704 1
5705 2
5706 3
5707 2
5708 1
5709 2
5710 3
5711 1
5712 2
5713 2
5714 2
5715 1
5716 2
5717 0
5718 0
5719 2
5720 0
5721 1
5722 1
5723 1
5724 2
5725 1
5726 0
5727 2
5728 2
5729 2
5730 0
5731 2
5732 0
5733 1
5734 1
5735 2
5736 1
5737 1
5738 2
5739 1
5740 1
5741 1
5742 2
5743 2
5744 0
5745 0
5746 2
5747 2
5748 2
5749 1
5750 2
5751 1
5752 1
5753 1
5754 1
5755 2
5756 1
5757 1
5758 2
5759 1
5760 1
5761 1
5762 3
5763 1
5764 1
5765 1
5766 2
5767 1
5768 0
5769 1
5770 0
5771 1
5772 0
5773 0
5774 0
5775 0
5776 0
5777 0
5778 0
5779 0
5780 1
5781 2
5782 1
5783 0
5784 0
5785 0
5786 1
5787 1
5788 0
5789 0
5790 1
5791 1
5792 1
5793 0
5794 0
5795 0
5796 0
5797 0
5798 1
5799 1
5800 1
5801 0
5802 0
5803 1
5804 0
5805 0
5806 0
5807 0
5808 1
5809 1
5810 0
5811 1
5812 1
5813 0
5814 1
5815 1
5816 1
5817 1
5818 3
5819 1
5820 2
5821 2
5822 2
5823 1
5824 1
5825 1
5826 1
5827 2
5828 1
5829 1
5830 1
5831 1
5832 0
5833 1
5834 1
5835 2
5836 1
5837 1
5838 1
5839 0
5840 0
5841 1
5842 1
5843 1
5844 1
5845 1
5846 1
5847 1
5848 1
5849 2
5850 1
5851 0
5852 1
5853 1
5854 1
5855 1
5856 1
5857 2
5858 2
5859 2
5860 0
5861 2
5862 2
5863 2
5864 2
5865 1
5866 0
5867 2
5868 1
5869 1
5870 2
5871 1
5872 1
5873 1
5874 2
5875 1
5876 2
5877 0
5878 0
5879 1
5880 0
5881 0
5882 2
5883 1
5884 1
5885 1
5886 1
5887 1
5888 0
5889 1
5890 0
5891 0
5892 2
5893 2
5894 1
5895 1
5896 1
5897 1
5898 2
5899 1
5900 1
5901 1
5902 2
5903 2
5904 2
5905 2
5906 2
5907 1
5908 2
5909 2
5910 2
5911 2
5912 1
5913 3
5914 1
5915 1
5916 1
5917 0
5918 1
5919 2
5920 0
5921 0
5922 1
5923 2
5924 2
5925 1
5926 2
5927 2
5928 1
5929 1
5930 0
5931 0
5932 2
5933 2
5934 1
5935 2
5936 1
5937 1
5938 2
5939 2
5940 2
5941 1
5942 1
5943 2
5944 1
5945 1
5946 2
5947 1
5948 1
5949 2
5950 2
5951 2
5952 2
5953 0
5954 0
5955 1
5956 1
5957 1
5958 1
5959 1
5960 1
5961 1
5962 1
5963 1
5964 2
5965 1
5966 1
5967 0
5968 1
5969 1
5970 0
5971 1
5972 1
5973 2
5974 2
5975 2
5976 0
5977 1
5978 1
5979 2
5980 2
5981 1
5982 2
5983 2
5984 2
5985 2
5986 1
5987 0
5988 0
5989 2
5990 1
5991 2
5992 2
5993 2
5994 1
5995 1
5996 3
5997 2
5998 1
5999 2
6000 1
6001 1
6002 2
6003 0
6004 2
6005 1
6006 2
6007 1
6008 1
6009 2
6010 2
6011 1
6012 2
6013 1
6014 1
6015 2
6016 2
6017 1
6018 2
6019 1
6020 2
6021 1
6022 1
6023 2
6024 1
6025 2
6026 1
6027 0
6028 1
6029 1
6030 1
6031 1
6032 1
6033 1
6034 1
6035 2
6036 0
6037 1
6038 1
6039 1
6040 2
6041 1
6042 1
6043 1
6044 1
6045 0
6046 1
6047 3
6048 3
6049 2
6050 1
6051 1
6052 2
6053 3
6054 1
6055 2
6056 1
6057 1
6058 1
6059 1
6060 2
6061 2
6062 2
6063 1
6064 1
6065 2
6066 1
6067 1
6068 2
6069 2
6070 2
6071 2
6072 2
6073 2
6074 2
6075 0
6076 2
6077 1
6078 2
6079 1
6080 1
6081 1
6082 2
6083 0
6084 2
6085 0
6086 0
6087 0
6088 0
6089 1
6090 0
6091 0
6092 0
6093 1
6094 0
6095 1
6096 1
6097 1
6098 2
6099 1
6100 2
6101 2
6102 1
6103 1
6104 2
6105 1
6106 1
6107 2
6108 1
6109 1
6110 1
6111 2
6112 1
6113 1
6114 0
6115 2
6116 1
6117 1
6118 1
6119 1
6120 2
6121 1
6122 0
6123 1
6124 0
6125 1
6126 1
6127 2
6128 2
6129 1
6130 2
6131 1
6132 1
6133 2
6134 2
6135 0
6136 1
6137 2
6138 2
6139 2
6140 0
6141 3
6142 2
6143 0
6144 3
6145 2
6146 1
6147 2
6148 1
6149 1
6150 2
6151 0
6152 1
6153 2
6154 1
6155 1
6156 0
6157 0
6158 1
6159 0
6160 0
6161 1
6162 0
6163 1
6164 0
6165 0
6166 1
6167 0
6168 0
6169 0
6170 0
6171 0
6172 0
6173 0
6174 0
6175 1
6176 0
6177 1
6178 0
6179 0
6180 0
6181 0
6182 0
6183 1
6184 0
6185 0
6186 0
6187 0
6188 0
6189 0
6190 2
6191 1
6192 1
6193 1
6194 1
6195 1
6196 0
6197 0
6198 0
6199 0
6200 1
6201 0
6202 0
6203 0
6204 0
6205 0
6206 0
6207 1
6208 0
6209 0
6210 0
6211 1
6212 0
6213 2
6214 1
6215 1
6216 0
6217 0
6218 0
6219 0
6220 2
6221 0
6222 2
6223 2
6224 0
6225 0
6226 1
6227 0
6228 2
6229 1
6230 1
6231 1
6232 2
6233 2
6234 1
6235 1
6236 3
6237 1
6238 1
6239 1
6240 2
6241 1
6242 1
6243 1
6244 0
6245 1
6246 1
6247 2
6248 1
6249 1
6250 1
6251 0
6252 1
6253 1
6254 1
6255 2
6256 2
6257 2
6258 1
6259 2
6260 1
6261 2
6262 1
6263 1
6264 2
6265 1
6266 1
6267 2
6268 2
6269 0
6270 2
6271 1
6272 1
6273 3
6274 2
6275 1
6276 0
6277 2
6278 1
6279 1
6280 1
6281 1
6282 3
6283 1
6284 1
6285 1
6286 2
6287 1
6288 2
6289 2
6290 1
6291 2
6292 2
6293 1
6294 2
6295 1
6296 1
6297 2
6298 1
6299 1
6300 1
6301 2
6302 2
6303 2
6304 2
6305 3
6306 1
6307 1
6308 1
6309 2
6310 2
6311 1
6312 2
6313 2
6314 1
6315 1
6316 1
6317 1
6318 1
6319 1
6320 1
6321 2
6322 1
6323 2
6324 1
6325 1
6326 1
6327 1
6328 1
6329 2
6330 1
6331 2
6332 2
6333 1
6334 0
6335 2
6336 2
6337 0
6338 1
6339 2
6340 2
6341 0
6342 1
6343 1
6344 1
6345 1
6346 1
6347 1
6348 2
6349 2
6350 1
6351 2
6352 2
6353 2
6354 2
6355 1
6356 1
6357 1
6358 0
6359 1
6360 2
6361 0
6362 1
6363 2
6364 2
6365 1
6366 1
6367 2
6368 1
6369 2
6370 2
6371 1
6372 2
6373 1
6374 1
6375 2
6376 1
6377 2
6378 1
6379 0
6380 2
6381 1
6382 1
6383 0
6384 1
6385 2
6386 1
6387 1
6388 1
6389 2
6390 1
6391 2
6392 1
6393 1
6394 1
6395 2
6396 2
6397 2
6398 1
6399 1
6400 0
6401 2
6402 3
6403 0
6404 1
6405 1
6406 1
6407 2
6408 2
6409 1
6410 2
6411 2
6412 0
6413 2
6414 2
6415 1
6416 3
6417 1
6418 1
6419 2
6420 1
6421 2
6422 1
6423 1
6424 3
6425 2
6426 2
6427 1
6428 1
6429 2
6430 2
6431 1
6432 1
6433 1
6434 1
6435 1
6436 1
6437 2
6438 2
6439 1
6440 1
6441 1
6442 1
6443 1
6444 1
6445 3
6446 2
6447 2
6448 1
6449 1
6450 2
6451 1
6452 1
6453 2
6454 2
6455 0
6456 2
6457 2
6458 2
6459 3
6460 2
6461 2
6462 1
6463 2
6464 2
6465 2
6466 2
6467 2
6468 0
6469 1
6470 2
6471 1
6472 1
6473 2
6474 2
6475 0
6476 1
6477 1
6478 2
6479 1
6480 1
6481 3
6482 1
6483 1
6484 1
6485 1
6486 1
6487 2
6488 0
6489 1
6490 1
6491 2
6492 3
6493 0
6494 1
6495 1
6496 1
6497 1
6498 2
6499 2
6500 2
6501 1
6502 2
6503 0
6504 2
6505 1
6506 1
6507 1
6508 1
6509 1
6510 1
6511 0
6512 2
6513 0
6514 2
6515 0
6516 0
6517 3
6518 2
6519 0
6520 1
6521 1
6522 2
6523 1
6524 1
6525 2
6526 1
6527 2
6528 1
6529 1
6530 1
6531 0
6532 1
6533 0
6534 1
6535 2
6536 1
6537 2
6538 1
6539 2
6540 2
6541 1
6542 2
6543 2
6544 1
6545 1
6546 1
6547 1
6548 0
6549 1
6550 0
6551 0
6552 0
6553 0
6554 0
6555 1
6556 0
6557 1
6558 0
6559 0
6560 0
6561 0
6562 1
6563 0
6564 1
6565 0
6566 0
6567 0
6568 0
6569 0
6570 1
6571 1
6572 1
6573 1
6574 0
6575 1
6576 1
6577 1
6578 0
6579 0
6580 0
6581 0
6582 0
6583 0
6584 0
6585 0
6586 0
6587 0
6588 0
6589 0
6590 0
6591 0
6592 1
6593 1
6594 0
6595 0
6596 0
6597 0
6598 0
6599 0
6600 1
6601 0
6602 1
6603 1
6604 2
6605 2
6606 0
6607 0
6608 0
6609 1
6610 0
6611 0
6612 2
6613 1
6614 1
6615 0
6616 0
6617 2
6618 1
6619 1
6620 0
6621 1
6622 0
6623 2
6624 1
6625 2
6626 2
6627 1
6628 1
6629 1
6630 1
6631 1
6632 1
6633 2
6634 1
6635 2
6636 1
6637 2
6638 1
6639 1
6640 1
6641 1
6642 1
6643 2
6644 1
6645 1
6646 2
6647 1
6648 1
6649 1
6650 1
6651 1
6652 1
6653 2
6654 1
6655 1
6656 1
6657 0
6658 1
6659 1
6660 3
6661 2
6662 2
6663 2
6664 1
6665 1
6666 2
6667 1
6668 1
6669 2
6670 1
6671 2
6672 1
6673 2
6674 0
6675 2
6676 1
6677 2
6678 1
6679 1
6680 1
6681 0
6682 1
6683 2
6684 0
6685 0
6686 0
6687 1
6688 0
6689 1
6690 0
6691 0
6692 0
6693 1
6694 0
6695 1
6696 1
6697 0
6698 0
6699 0
6700 2
6701 1
6702 1
6703 0
6704 1
6705 0
6706 0
6707 0
6708 0
6709 0
6710 0
6711 0
6712 0
6713 0
6714 0
6715 0
6716 1
6717 0
6718 1
6719 0
6720 0
6721 0
6722 0
6723 0
6724 0
6725 0
6726 0
6727 0
6728 0
6729 0
6730 0
6731 0
6732 0
6733 0
6734 1
6735 1
6736 1
6737 0
6738 0
6739 1
6740 1
6741 0
6742 0
6743 1
6744 2
6745 1
6746 3
6747 2
6748 0
6749 2
6750 3
6751 0
6752 2
6753 0
6754 1
6755 1
6756 1
6757 2
6758 2
6759 2
6760 1
6761 2
6762 0
6763 1
6764 1
6765 1
6766 2
6767 1
6768 2
6769 2
6770 2
6771 2
6772 1
6773 2
6774 1
6775 1
6776 2
6777 1
6778 2
6779 1
6780 2
6781 2
6782 1
6783 0
6784 2
6785 2
6786 1
6787 2
6788 1
6789 1
6790 2
6791 0
6792 1
6793 1
6794 0
6795 2
6796 1
6797 1
6798 2
6799 1
6800 2
6801 2
6802 0
6803 1
6804 0
6805 1
6806 1
6807 2
6808 0
6809 1
6810 2
6811 2
6812 1
6813 2
6814 2
6815 1
6816 1
6817 2
6818 2
6819 2
6820 2
6821 2
6822 2
6823 1
6824 2
6825 2
6826 1
6827 1
6828 2
6829 2
6830 0
6831 2
6832 2
6833 2
6834 2
6835 2
6836 1
6837 2
6838 0
6839 1
6840 1
6841 1
6842 1
6843 1
6844 1
6845 2
6846 1
6847 2
6848 2
6849 1
6850 2
6851 2
6852 2
6853 1
6854 1
6855 1
6856 1
6857 1
6858 0
6859 1
6860 1
6861 2
6862 2
6863 2
6864 1
6865 0
6866 2
6867 1
6868 1
6869 2
6870 1
6871 2
6872 2
6873 0
6874 1
6875 1
6876 2
6877 2
6878 2
6879 2
6880 1
6881 1
6882 2
6883 1
6884 2
6885 2
6886 1
6887 1
6888 0
6889 1
6890 0
6891 0
6892 1
6893 0
6894 1
6895 0
6896 0
6897 0
6898 0
6899 1
6900 2
6901 1
6902 1
6903 1
6904 2
6905 0
6906 1
6907 1
6908 1
6909 1
6910 1
6911 0
6912 0
6913 2
6914 1
6915 1
6916 1
6917 2
6918 1
6919 1
6920 1
6921 0
6922 0
6923 1
6924 0
6925 0
6926 0
6927 0
6928 0
6929 1
6930 0
6931 0
6932 0
6933 0
6934 0
6935 1
6936 0
6937 0
6938 0
6939 0
6940 1
6941 1
6942 0
6943 0
6944 0
6945 2
6946 1
6947 1
6948 1
6949 0
6950 2
6951 0
6952 0
6953 1
6954 1
6955 2
6956 2
6957 1
6958 1
6959 2
6960 1
6961 1
6962 0
6963 0
6964 0
6965 0
6966 1
6967 0
6968 0
6969 1
6970 0
6971 1
6972 0
6973 1
6974 0
6975 0
6976 1
6977 0
6978 1
6979 0
6980 1
6981 0
6982 0
6983 0
6984 0
6985 1
6986 1
6987 1
6988 2
6989 1
6990 1
6991 1
6992 1
6993 1
6994 0
6995 1
6996 1
6997 1
6998 0
6999 0
7000 0
7001 0
7002 0
7003 1
7004 1
7005 0
7006 0
7007 0
7008 0
7009 0
7010 1
7011 0
7012 0
7013 0
7014 1
7015 1
7016 0
7017 0
7018 0
7019 0
7020 0
7021 1
7022 1
7023 0
7024 0
7025 0
7026 0
7027 0
7028 0
7029 0
7030 0
7031 0
7032 0
7033 0
7034 0
7035 0
7036 0
7037 0
7038 1
7039 2
7040 1
7041 2
7042 1
7043 1
7044 0
7045 1
7046 2
7047 0
7048 2
7049 2
7050 1
7051 1
7052 3
7053 1
7054 1
7055 1
7056 0
7057 1
7058 1
7059 1
7060 1
7061 1
7062 0
7063 0
7064 1
7065 1
7066 1
7067 1
7068 0
7069 0
7070 1
7071 1
7072 1
7073 1
7074 2
7075 1
7076 1
7077 3
7078 1
7079 1
7080 2
7081 2
7082 1
7083 1
7084 1
7085 1
7086 1
7087 2
7088 2
7089 1
7090 2
7091 1
7092 0
7093 1
7094 1
7095 2
7096 1
7097 2
7098 2
7099 0
7100 1
7101 1
7102 1
7103 1
7104 2
7105 1
7106 2
7107 1
7108 1
7109 2
7110 1
7111 2
7112 1
7113 2
7114 1
7115 3
7116 2
7117 0
7118 3
7119 2
7120 0
7121 2
7122 2
7123 1
7124 1
7125 2
7126 1
7127 0
7128 1
7129 2
7130 2
7131 2
7132 1
7133 1
7134 2
7135 2
7136 2
7137 0
7138 0
7139 1
7140 1
7141 2
7142 1
7143 1
7144 3
7145 2
7146 2
7147 0
7148 2
7149 2
7150 1
7151 2
7152 2
7153 0
7154 2
7155 1
7156 1
7157 2
7158 2
7159 2
7160 0
7161 2
7162 0
7163 1
7164 2
7165 2
7166 1
7167 2
7168 1
7169 2
7170 2
7171 2
7172 2
7173 0
7174 0
7175 1
7176 1
7177 1
7178 2
7179 1
7180 3
7181 1
7182 2
7183 1
7184 1
7185 2
7186 1
7187 2
7188 1
7189 1
7190 1
7191 1
7192 0
7193 0
7194 0
7195 0
7196 0
7197 0
7198 0
7199 0
7200 0
7201 0
7202 0
7203 0
7204 1
7205 0
7206 0
7207 0
7208 1
7209 1
7210 0
7211 0
7212 0
7213 0
7214 0
7215 0
7216 2
7217 0
7218 1
7219 2
7220 2
7221 1
7222 1
7223 1
7224 0
7225 1
7226 2
7227 1
7228 0
7229 1
7230 1
7231 2
7232 2
7233 2
7234 1
7235 1
7236 2
7237 1
7238 1
7239 1
7240 1
7241 2
7242 2
7243 2
7244 2
7245 2
7246 1
7247 2
7248 1
7249 1
7250 1
7251 2
7252 2
7253 1
7254 2
7255 3
7256 1
7257 2
7258 2
7259 2
7260 1
7261 1
7262 1
7263 2
7264 1
7265 0
7266 1
7267 0
7268 1
7269 0
7270 0
7271 1
7272 0
7273 2
7274 1
7275 3
7276 2
7277 2
7278 2
7279 2
7280 2
7281 1
7282 1
7283 2
7284 2
7285 1
7286 1
7287 0
7288 1
7289 1
7290 2
7291 1
7292 2
7293 2
7294 1
7295 2
7296 3
7297 1
7298 1
7299 1
7300 1
7301 2
7302 1
7303 2
7304 2
7305 1
7306 3
7307 2
7308 1
7309 2
7310 1
7311 3
7312 1
7313 2
7314 1
7315 2
7316 1
7317 1
7318 2
7319 1
7320 0
7321 1
7322 1
7323 2
7324 0
7325 3
7326 2
7327 2
7328 1
7329 1
7330 1
7331 1
7332 0
7333 2
7334 1
7335 1
7336 2
7337 1
7338 1
7339 0
7340 3
7341 1
7342 1
7343 1
7344 1
7345 1
7346 2
7347 1
7348 1
7349 1
7350 3
7351 2
7352 1
7353 2
7354 2
7355 1
7356 2
7357 1
7358 1
7359 2
7360 2
7361 2
7362 1
7363 2
7364 1
7365 1
7366 1
7367 2
7368 2
7369 2
7370 1
7371 1
7372 2
7373 1
7374 1
7375 2
7376 1
7377 1
7378 2
7379 2
7380 2
7381 2
7382 1
7383 2
7384 1
7385 1
7386 1
7387 2
7388 1
7389 1
7390 2
7391 1
7392 1
7393 2
7394 2
7395 2
7396 1
7397 2
7398 2
7399 1
7400 1
7401 1
7402 1
7403 2
7404 2
7405 1
7406 1
7407 1
7408 1
7409 1
7410 0
7411 2
7412 0
7413 0
7414 2
7415 2
7416 1
7417 1
7418 2
7419 1
7420 1
7421 2
7422 2
7423 3
7424 1
7425 0
7426 1
7427 1
7428 2
7429 1
7430 2
7431 0
7432 0
7433 1
7434 1
7435 2
7436 1
7437 1
7438 2
7439 1
7440 1
7441 2
7442 2
7443 0
7444 2
7445 2
7446 2
7447 2
7448 0
7449 0
7450 1
7451 3
7452 2
7453 0
7454 2
7455 1
7456 1
7457 1
7458 1
7459 1
7460 2
7461 2
7462 0
7463 3
7464 1
7465 1
7466 2
7467 1
7468 1
7469 1
7470 1
7471 1
7472 2
7473 2
7474 1
7475 1
7476 1
7477 1
7478 2
7479 1
7480 2
7481 0
7482 1
7483 2
7484 0
7485 1
7486 0
7487 1
7488 0
7489 1
7490 1
7491 1
7492 1
7493 1
7494 1
7495 0
7496 0
7497 1
7498 0
7499 0
7500 2
7501 2
7502 0
7503 2
7504 2
7505 1
7506 0
7507 1
7508 2
7509 2
7510 2
7511 2
7512 2
7513 2
7514 1
7515 0
7516 1
7517 2
7518 1
7519 2
7520 1
7521 1
7522 2
7523 2
7524 1
7525 1
7526 0
7527 2
7528 1
7529 1
7530 1
7531 2
7532 1
7533 2
7534 2
7535 2
7536 2
7537 1
7538 1
7539 1
7540 2
7541 1
7542 0
7543 1
7544 2
7545 1
7546 2
7547 1
7548 1
7549 1
7550 2
7551 1
7552 2
7553 2
7554 3
7555 2
7556 0
7557 1
7558 1
7559 0
7560 1
7561 2
7562 2
7563 2
7564 3
7565 2
7566 1
7567 2
7568 1
7569 3
7570 1
7571 1
7572 1
7573 1
7574 1
7575 2
7576 2
7577 2
7578 1
7579 1
7580 1
7581 1
7582 1
7583 2
7584 0
7585 2
7586 1
7587 1
7588 2
7589 2
7590 1
7591 3
7592 1
7593 0
7594 1
7595 2
7596 1
7597 1
7598 1
7599 1
7600 2
7601 1
7602 1
7603 1
7604 2
7605 2
7606 1
7607 2
7608 0
7609 1
7610 1
7611 2
7612 1
7613 2
7614 1
7615 0
7616 1
7617 2
7618 0
7619 1
7620 2
7621 2
7622 1
7623 1
7624 2
7625 2
7626 1
7627 2
7628 1
7629 1
7630 1
7631 1
7632 2
7633 1
7634 2
7635 1
7636 2
7637 1
7638 3
7639 1
7640 0
7641 2
7642 1
7643 3
7644 1
7645 2
7646 0
7647 2
7648 2
7649 1
7650 0
7651 1
7652 1
7653 2
7654 1
7655 2
7656 1
7657 2
7658 2
7659 1
7660 1
7661 1
7662 2
7663 1
7664 3
7665 2
7666 1
7667 1
7668 1
7669 1
7670 2
7671 1
7672 1
7673 0
7674 0
7675 1
7676 2
7677 1
7678 1
7679 2
7680 0
7681 2
7682 0
7683 1
7684 1
7685 1
7686 1
7687 1
7688 1
7689 1
7690 1
7691 0
7692 1
7693 3
7694 1
7695 1
7696 2
7697 1
7698 2
7699 2
7700 2
7701 1
7702 0
7703 1
7704 2
7705 0
7706 1
7707 0
7708 1
7709 0
7710 0
7711 0
7712 0
7713 0
7714 0
7715 0
7716 0
7717 0
7718 0
7719 0
7720 1
7721 0
7722 1
7723 1
7724 1
7725 0
7726 1
7727 1
7728 0
7729 1
7730 0
7731 1
7732 1
7733 1
7734 0
7735 0
7736 0
7737 0
7738 0
7739 0
7740 0
7741 0
7742 0
7743 0
7744 0
7745 0
7746 1
7747 0
7748 0
7749 0
7750 0
7751 0
7752 0
7753 0
7754 0
7755 0
7756 0
7757 0
7758 0
7759 0
7760 0
7761 0
7762 0
7763 0
7764 0
7765 0
7766 0
7767 0
7768 0
7769 0
7770 1
7771 0
7772 0
7773 0
7774 0
7775 0
7776 0
7777 1
7778 0
7779 1
7780 0
7781 0
7782 0
7783 0
7784 0
7785 0
7786 0
7787 1
7788 0
7789 0
7790 0
7791 0
7792 0
7793 0
7794 0
7795 0
7796 0
7797 0
7798 1
7799 1
7800 0
7801 1
7802 0
7803 1
7804 0
7805 0
7806 1
7807 0
7808 1
7809 0
7810 0
7811 1
7812 0
7813 0
7814 0
7815 1
7816 0
7817 0
7818 0
7819 1
7820 1
7821 1
7822 0
7823 1
7824 1
7825 2
7826 0
7827 0
7828 1
7829 0
7830 0
7831 0
7832 1
7833 0
7834 1
7835 1
7836 0
7837 0
7838 1
7839 1
7840 1
7841 0
7842 0
7843 0
7844 1
7845 1
7846 1
7847 0
7848 0
7849 0
7850 0
7851 0
7852 1
7853 0
7854 1
7855 0
7856 0
7857 0
7858 0
7859 0
7860 0
7861 1
7862 0
7863 0
7864 0
7865 1
7866 1
7867 1
7868 0
7869 1
7870 1
7871 0
7872 1
7873 1
7874 1
7875 1
7876 1
7877 0
7878 0
7879 1
7880 1
7881 1
7882 0
7883 1
7884 0
7885 1
7886 0
7887 0
7888 1
7889 0
7890 0
7891 0
7892 0
7893 0
7894 0
7895 0
7896 0
7897 0
7898 1
7899 0
7900 1
7901 0
7902 1
7903 0
7904 1
7905 0
7906 0
7907 0
7908 0
7909 1
7910 1
7911 0
7912 1
7913 1
7914 0
7915 0
7916 0
7917 0
7918 1
7919 0
7920 1
7921 0
7922 0
7923 0
7924 0
7925 0
7926 1
7927 0
7928 0
7929 0
7930 0
7931 0
7932 0
7933 0
7934 0
7935 0
7936 0
7937 1
7938 1
7939 0
7940 0
7941 0
7942 0
7943 0
7944 0
7945 0
7946 0
7947 1
7948 0
7949 0
7950 0
7951 0
7952 0
7953 1
7954 0
7955 0
7956 0
7957 1
7958 0
7959 0
7960 0
7961 1
7962 1
7963 1
7964 0
7965 1
7966 0
7967 0
7968 0
7969 2
7970 1
7971 1
7972 1
7973 1
7974 1
7975 0
7976 0
7977 1
7978 2
7979 2
7980 1
7981 0
7982 2
7983 0
7984 1
7985 2
7986 1
7987 1
7988 0
7989 2
7990 2
7991 2
7992 2
7993 0
7994 0
7995 1
7996 1
7997 0
7998 0
7999 1
8000 1
8001 1
8002 1
8003 1
8004 2
8005 2
8006 1
8007 2
8008 1
8009 2
8010 2
8011 1
8012 2
8013 1
8014 0
8015 1
8016 1
8017 2
8018 2
8019 1
8020 2
8021 1
8022 2
8023 2
8024 2
8025 1
8026 0
8027 1
8028 1
8029 1
8030 1
8031 1
8032 1
8033 1
8034 1
8035 1
8036 1
8037 3
8038 2
8039 1
8040 0
8041 1
8042 1
8043 1
8044 1
8045 2
8046 1
8047 1
8048 1
8049 1
8050 3
8051 3
8052 2
8053 1
8054 2
8055 0
8056 2
8057 2
8058 0
8059 1
8060 2
8061 2
8062 2
8063 2
8064 1
8065 1
8066 1
8067 1
8068 2
8069 0
8070 0
8071 2
8072 1
8073 0
8074 0
8075 2
8076 0
8077 2
8078 2
8079 3
8080 2
8081 1
8082 2
8083 1
8084 2
8085 1
8086 1
8087 2
8088 0
8089 1
8090 0
8091 1
8092 1
8093 1
8094 1
8095 3
8096 2
8097 0
8098 1
8099 1
8100 1
8101 2
8102 1
8103 1
8104 0
8105 1
8106 1
8107 1
8108 0
8109 1
8110 1
8111 0
8112 1
8113 1
8114 0
8115 0
8116 1
8117 2
8118 1
8119 1
8120 2
8121 2
8122 1
8123 1
8124 2
8125 1
8126 1
8127 1
8128 1
8129 1
8130 2
8131 1
8132 1
8133 2
8134 2
8135 2
8136 2
8137 0
8138 2
8139 2
8140 3
8141 2
8142 1
8143 2
8144 2
8145 2
8146 2
8147 1
8148 2
8149 1
8150 1
8151 1
8152 2
8153 1
8154 2
8155 1
8156 2
8157 1
8158 1
8159 2
8160 1
8161 1
8162 0
8163 2
8164 2
8165 2
8166 2
8167 2
8168 1
8169 0
8170 0
8171 1
8172 2
8173 1
8174 1
8175 0
8176 0
8177 1
8178 1
8179 1
8180 0
8181 0
8182 0
8183 0
8184 0
8185 1
8186 0
8187 1
8188 0
8189 0
8190 1
8191 0
8192 0
8193 0
8194 0
8195 0
8196 1
8197 0
8198 0
8199 0
8200 1
8201 0
8202 1
8203 1
8204 1
8205 0
8206 0
8207 0
8208 0
8209 1
8210 1
8211 1
8212 1
8213 1
8214 3
8215 1
8216 1
8217 1
8218 2
8219 3
8220 2
8221 2
8222 2
8223 1
8224 1
8225 2
8226 2
8227 2
8228 3
8229 1
8230 1
8231 1
8232 2
8233 2
8234 0
8235 1
8236 0
8237 2
8238 1
8239 0
8240 1
8241 2
8242 2
8243 2
8244 1
8245 1
8246 1
8247 1
8248 1
8249 0
8250 1
8251 2
8252 1
8253 0
8254 1
8255 2
8256 0
8257 2
8258 0
8259 2
8260 1
8261 0
8262 0
8263 1
8264 0
8265 0
8266 0
8267 1
8268 0
8269 0
8270 1
8271 1
8272 0
8273 1
8274 1
8275 1
8276 1
8277 1
8278 1
8279 0
8280 0
8281 0
8282 0
8283 0
8284 0
8285 0
8286 0
8287 0
8288 0
8289 0
8290 0
8291 0
8292 0
8293 0
8294 0
8295 0
8296 0
8297 0
8298 0
8299 0
8300 0
8301 0
8302 0
8303 0
8304 1
8305 0
8306 0
8307 0
8308 0
8309 0
8310 0
8311 0
8312 0
8313 0
8314 0
8315 0
8316 0
8317 0
8318 0
8319 0
8320 0
8321 0
8322 0
8323 1
8324 0
8325 0
8326 0
8327 0
8328 0
8329 1
8330 1
8331 1
8332 0
8333 0
8334 0
8335 1
8336 0
8337 1
8338 1
8339 0
8340 0
8341 1
8342 1
8343 2
8344 1
8345 0
8346 2
8347 1
8348 1
8349 1
8350 0
8351 2
8352 2
8353 2
8354 1
8355 1
8356 2
8357 2
8358 2
8359 0
8360 1
8361 2
8362 2
8363 1
8364 1
8365 1
8366 1
8367 1
8368 1
8369 0
8370 1
8371 1
8372 0
8373 3
8374 2
8375 2
8376 2
8377 2
8378 2
8379 2
8380 1
8381 2
8382 1
8383 0
8384 1
8385 1
8386 2
8387 1
8388 0
8389 1
8390 2
8391 2
8392 2
8393 1
8394 2
8395 0
8396 2
8397 2
8398 0
8399 1
8400 1
8401 0
8402 0
8403 0
8404 0
8405 1
8406 1
8407 0
8408 0
8409 0
8410 0
8411 0
8412 1
8413 0
8414 0
8415 0
8416 0
8417 1
8418 0
8419 0
8420 1
8421 0
8422 0
8423 0
8424 0
8425 0
8426 0
8427 0
8428 0
8429 0
8430 1
8431 0
8432 0
8433 0
8434 1
8435 0
8436 0
8437 0
8438 0
8439 0
8440 0
8441 0
8442 0
8443 0
8444 0
8445 0
8446 0
8447 0
8448 0
8449 0
8450 0
8451 0
8452 0
8453 1
8454 0
8455 0
8456 0
8457 0
8458 1
8459 0
8460 0
8461 1
8462 2
8463 3
8464 3
8465 3
8466 1
8467 1
8468 1
8469 1
8470 0
8471 1
8472 1
8473 1
8474 0
8475 1
8476 0
8477 0
8478 0
8479 1
8480 1
8481 0
8482 1
8483 1
8484 0
8485 0
8486 0
8487 0
8488 0
8489 0
8490 1
8491 0
8492 1
8493 0
8494 1
8495 0
8496 0
8497 1
8498 0
8499 0
8500 1
8501 0
8502 0
8503 0
8504 1
8505 0
8506 0
8507 0
8508 0
8509 1
8510 1
8511 1
8512 1
8513 0
8514 0
8515 0
8516 1
8517 1
8518 1
8519 1
8520 1
8521 1
8522 0
8523 0
8524 0
8525 0
8526 1
8527 1
8528 0
8529 1
8530 1
8531 0
8532 1
8533 1
8534 0
8535 0
8536 1
8537 0
8538 0
8539 1
8540 1
8541 1
8542 1
8543 1
8544 1
8545 0
8546 1
8547 0
8548 0
8549 0
8550 1
8551 1
8552 1
8553 2
8554 1
8555 0
8556 1
8557 0
8558 1
8559 0
8560 1
8561 1
8562 0
8563 1
8564 2
8565 0
8566 2
8567 1
8568 0
8569 1
8570 2
8571 1
8572 1
8573 1
8574 0
8575 1
8576 1
8577 2
8578 0
8579 1
8580 1
8581 1
8582 1
8583 1
8584 1
8585 0
8586 1
8587 1
8588 2
8589 2
8590 0
8591 2
8592 2
8593 1
8594 1
8595 1
8596 0
8597 2
8598 0
8599 1
8600 0
8601 0
8602 2
8603 1
8604 2
8605 2
8606 2
8607 0
8608 0
8609 1
8610 0
8611 1
8612 1
8613 2
8614 2
8615 1
8616 2
8617 1
8618 1
8619 2
8620 1
8621 0
8622 0
8623 2
8624 2
8625 2
8626 1
8627 0
8628 1
8629 0
8630 2
8631 1
8632 1
8633 1
8634 1
8635 3
8636 2
8637 2
8638 1
8639 1
8640 2
8641 1
8642 2
8643 1
8644 3
8645 2
8646 1
8647 1
8648 1
8649 2
8650 2
8651 2
8652 1
8653 0
8654 2
8655 2
8656 2
8657 1
8658 1
8659 2
8660 1
8661 2
8662 1
8663 1
8664 1
8665 0
8666 1
8667 2
8668 2
8669 2
8670 0
8671 1
8672 3
8673 0
8674 1
8675 1
8676 2
8677 3
8678 1
8679 1
8680 0
8681 1
8682 1
8683 2
8684 0
8685 1
8686 2
8687 2
8688 1
8689 1
8690 2
8691 1
8692 2
8693 1
8694 1
8695 1
8696 1
8697 2
8698 2
8699 1
8700 0
8701 0
8702 1
8703 0
8704 0
8705 0
8706 2
8707 2
8708 1
8709 1
8710 1
8711 0
8712 1
8713 2
8714 1
8715 1
8716 1
8717 1
8718 0
8719 2
8720 1
8721 0
8722 2
8723 0
8724 1
8725 1
8726 1
8727 2
8728 2
8729 1
8730 2
8731 2
8732 2
8733 2
8734 2
8735 1
8736 2
8737 1
8738 1
8739 2
8740 2
8741 1
8742 2
8743 1
8744 1
8745 1
8746 2
8747 0
8748 0
8749 1
8750 2
8751 2
8752 2
8753 1
8754 2
8755 2
8756 2
8757 0
8758 1
8759 1
8760 0
8761 2
8762 2
8763 1
8764 1
8765 1
8766 1
8767 0
8768 1
8769 0
8770 1
8771 1
8772 1
8773 1
8774 1
8775 1
8776 1
8777 2
8778 1
8779 1
8780 2
8781 1
8782 0
8783 2
8784 1
8785 0
8786 1
8787 2
8788 1
8789 1
8790 2
8791 1
8792 2
8793 1
8794 1
8795 0
8796 1
8797 1
8798 1
8799 1
8800 0
8801 2
8802 1
8803 1
8804 1
8805 1
8806 0
8807 1
8808 0
8809 1
8810 1
8811 1
8812 1
8813 1
8814 1
8815 2
8816 1
8817 1
8818 1
8819 2
8820 2
8821 1
8822 1
8823 1
8824 1
8825 1
8826 1
8827 1
8828 2
8829 1
8830 2
8831 2
8832 1
8833 1
8834 1
8835 2
8836 1
8837 1
8838 0
8839 1
8840 1
8841 2
8842 1
8843 2
8844 1
8845 1
8846 1
8847 1
8848 1
8849 1
8850 0
8851 1
8852 1
8853 1
8854 0
8855 2
8856 1
8857 1
8858 1
8859 1
8860 2
8861 0
8862 0
8863 2
8864 1
8865 1
8866 1
8867 1
8868 1
8869 1
8870 1
8871 1
8872 1
8873 1
8874 1
8875 1
8876 2
8877 2
8878 2
8879 1
8880 2
8881 1
8882 1
8883 2
8884 2
8885 1
8886 2
8887 2
8888 1
8889 1
8890 2
8891 2
8892 1
8893 1
8894 2
8895 1
8896 1
8897 1
8898 0
8899 1
8900 2
8901 1
8902 0
8903 1
8904 1
8905 2
8906 1
8907 1
8908 2
8909 1
8910 1
8911 2
8912 2
8913 1
8914 1
8915 1
8916 0
8917 2
8918 2
8919 1
8920 1
8921 2
8922 1
8923 1
8924 1
8925 0
8926 0
8927 2
8928 2
8929 1
8930 0
8931 1
8932 1
8933 0
8934 0
8935 0
8936 1
8937 0
8938 2
8939 0
8940 1
8941 1
8942 2
8943 1
8944 2
8945 1
8946 0
8947 0
8948 1
8949 0
8950 1
8951 0
8952 1
8953 2
8954 2
8955 1
8956 1
8957 1
8958 1
8959 1
8960 1
8961 2
8962 1
8963 1
8964 2
8965 0
8966 2
8967 1
8968 1
8969 1
8970 1
8971 2
8972 1
8973 1
8974 0
8975 1
8976 2
8977 1
8978 2
8979 1
8980 2
8981 1
8982 2
8983 2
8984 2
8985 0
8986 1
8987 0
8988 2
8989 1
8990 0
8991 1
8992 1
8993 0
8994 0
8995 1
8996 2
8997 1
8998 1
8999 0
9000 2
9001 1
9002 1
9003 1
9004 1
9005 0
9006 1
9007 1
9008 2
9009 1
9010 1
9011 1
9012 1
9013 1
9014 0
9015 2
9016 2
9017 1
9018 1
9019 1
9020 2
9021 2
9022 1
9023 1
9024 1
9025 2
9026 2
9027 2
9028 1
9029 1
9030 1
9031 2
9032 2
9033 1
9034 2
9035 0
9036 1
9037 1
9038 2
9039 2
9040 2
9041 2
9042 1
9043 1
9044 1
9045 0
9046 0
9047 0
9048 0
9049 1
9050 0
9051 0
9052 0
9053 0
9054 0
9055 0
9056 0
9057 0
9058 0
9059 0
9060 0
9061 1
9062 0
9063 0
9064 0
9065 0
9066 0
9067 1
9068 0
9069 0
9070 0
9071 0
9072 1
9073 1
9074 0
9075 0
9076 0
9077 1
9078 0
9079 0
9080 1
9081 0
9082 1
9083 1
9084 0
9085 0
9086 0
9087 1
9088 0
9089 1
9090 1
9091 1
9092 0
9093 1
9094 1
9095 1
9096 2
9097 1
9098 1
9099 1
9100 1
9101 1
9102 1
9103 0
9104 0
9105 0
9106 1
9107 1
9108 0
9109 0
9110 0
9111 0
9112 0
9113 1
9114 1
9115 1
9116 2
9117 2
9118 1
9119 2
9120 2
9121 1
9122 2
9123 2
9124 2
9125 2
9126 0
9127 2
9128 2
9129 1
9130 1
9131 1
9132 0
9133 1
9134 1
9135 1
9136 0
9137 1
9138 0
9139 0
9140 0
9141 1
9142 0
9143 1
9144 0
9145 1
9146 0
9147 1
9148 0
9149 1
9150 0
9151 1
9152 2
9153 2
9154 1
9155 2
9156 1
9157 0
9158 2
9159 2
9160 2
9161 1
9162 2
9163 2
9164 0
9165 2
9166 1
9167 2
9168 1
9169 1
9170 2
9171 1
9172 1
9173 1
9174 1
9175 2
9176 2
9177 0
9178 2
9179 2
9180 1
9181 0
9182 0
9183 2
9184 1
9185 1
9186 1
9187 1
9188 2
9189 1
9190 2
9191 0
9192 1
9193 2
9194 3
9195 2
9196 2
9197 2
9198 0
9199 1
9200 1
9201 2
9202 0
9203 0
9204 1
9205 0
9206 0
9207 1
9208 1
9209 1
9210 0
9211 0
9212 0
9213 0
9214 0
9215 1
9216 0
9217 1
9218 1
9219 1
9220 0
9221 0
9222 0
9223 1
9224 1
9225 1
9226 0
9227 0
9228 1
9229 0
9230 0
9231 0
9232 1
9233 0
9234 0
9235 0
9236 0
9237 1
9238 1
9239 0
9240 0
9241 0
9242 0
9243 0
9244 0
9245 0
9246 1
9247 0
9248 0
9249 0
9250 1
9251 0
9252 0
9253 1
9254 0
9255 1
9256 0
9257 0
9258 0
9259 1
9260 1
9261 0
9262 0
9263 0
9264 1
9265 0
9266 1
9267 1
9268 2
9269 1
9270 2
9271 1
9272 0
9273 1
9274 2
9275 1
9276 2
9277 1
9278 1
9279 1
9280 1
9281 0
9282 1
9283 1
9284 1
9285 1
9286 1
9287 1
9288 2
9289 3
9290 0
9291 2
9292 2
9293 1
9294 1
9295 2
9296 1
9297 1
9298 2
9299 1
9300 0
9301 2
9302 3
9303 2
9304 2
9305 1
9306 1
9307 1
9308 1
9309 1
9310 2
9311 2
9312 1
9313 0
9314 1
9315 1
9316 1
9317 1
9318 1
9319 2
9320 1
9321 2
9322 0
9323 1
9324 1
9325 1
9326 1
9327 1
9328 2
9329 2
9330 1
9331 2
9332 1
9333 0
9334 0
9335 1
9336 1
9337 2
9338 2
9339 0
9340 2
9341 2
9342 1
9343 1
9344 1
9345 1
9346 1
9347 1
9348 0
9349 1
9350 1
9351 1
9352 2
9353 0
9354 0
9355 0
9356 1
9357 1
9358 2
9359 1
9360 3
9361 2
9362 1
9363 0
9364 1
9365 2
9366 2
9367 1
9368 1
9369 2
9370 1
9371 0
9372 2
9373 2
9374 1
9375 1
9376 2
9377 2
9378 2
9379 2
9380 0
9381 2
9382 1
9383 1
9384 1
9385 1
9386 2
9387 2
9388 2
9389 1
9390 1
9391 2
9392 1
9393 2
9394 0
9395 1
9396 2
9397 2
9398 0
9399 2
9400 1
9401 1
9402 1
9403 0
9404 1
9405 2
9406 1
9407 2
9408 1
9409 1
9410 0
9411 2
9412 1
9413 2
9414 0
9415 1
9416 1
9417 1
9418 2
9419 1
9420 2
9421 1
9422 2
9423 1
9424 1
9425 2
9426 2
9427 1
9428 0
9429 0
9430 1
9431 2
9432 2
9433 1
9434 0
9435 2
9436 3
9437 2
9438 1
9439 0
9440 2
9441 2
9442 1
9443 1
9444 1
9445 1
9446 1
9447 2
9448 2
9449 2
9450 1
9451 0
9452 1
9453 1
9454 1
9455 1
9456 1
9457 1
9458 1
9459 2
9460 2
9461 2
9462 2
9463 2
9464 2
9465 1
9466 2
9467 1
9468 1
9469 2
9470 1
9471 1
9472 2
9473 1
9474 0
9475 1
9476 1
9477 0
9478 1
9479 1
9480 2
9481 1
9482 1
9483 2
9484 2
9485 2
9486 1
9487 1
9488 0
9489 0
9490 1
9491 0
9492 2
9493 1
9494 2
9495 2
9496 1
9497 2
9498 1
9499 2
9500 1
9501 1
9502 1
9503 3
9504 1
9505 1
9506 2
9507 1
9508 2
9509 2
9510 2
9511 2
9512 2
9513 3
9514 1
9515 2
9516 2
9517 2
9518 0
9519 2
9520 2
9521 2
9522 1
9523 1
9524 1
9525 2
9526 2
9527 2
9528 1
9529 1
9530 1
9531 0
9532 1
9533 2
9534 1
9535 0
9536 2
9537 1
9538 1
9539 2
9540 2
9541 1
9542 2
9543 1
9544 0
9545 1
9546 1
9547 1
9548 1
9549 2
9550 1
9551 2
9552 1
9553 1
9554 2
9555 2
9556 0
9557 1
9558 0
9559 1
9560 0
9561 0
9562 2
9563 2
9564 1
9565 2
9566 2
9567 1
9568 1
9569 2
9570 1
9571 1
9572 2
9573 1
9574 2
9575 2
9576 2
9577 1
9578 0
9579 2
9580 1
9581 1
9582 2
9583 2
9584 1
9585 2
9586 1
9587 1
9588 1
9589 0
9590 1
9591 1
9592 1
9593 2
9594 0
9595 0
9596 2
9597 1
9598 1
9599 1
9600 1
9601 1
9602 1
9603 2
9604 1
9605 3
9606 1
9607 2
9608 1
9609 2
9610 2
9611 2
9612 2
9613 2
9614 0
9615 2
9616 2
9617 2
9618 1
9619 1
9620 2
9621 1
9622 2
9623 0
9624 0
9625 2
9626 2
9627 2
9628 1
9629 1
9630 1
9631 1
9632 2
9633 2
9634 2
9635 1
9636 2
9637 2
9638 1
9639 2
9640 1
9641 2
9642 1
9643 1
9644 2
9645 2
9646 1
9647 2
9648 0
9649 2
9650 3
9651 0
9652 0
9653 1
9654 0
9655 0
9656 1
9657 0
9658 0
9659 0
9660 1
9661 1
9662 0
9663 1
9664 0
9665 0
9666 0
9667 1
9668 1
9669 0
9670 0
9671 0
9672 2
9673 1
9674 0
9675 2
9676 1
9677 1
9678 1
9679 1
9680 2
9681 1
9682 1
9683 2
9684 0
9685 0
9686 1
9687 3
9688 2
9689 2
9690 1
9691 1
9692 2
9693 0
9694 2
9695 1
9696 1
9697 2
9698 2
9699 1
9700 2
9701 2
9702 1
9703 0
9704 1
9705 0
9706 1
9707 1
9708 2
9709 2
9710 1
9711 1
9712 2
9713 3
9714 1
9715 1
9716 1
9717 1
9718 1
9719 1
9720 1
9721 1
9722 1
9723 1
9724 1
9725 1
9726 2
9727 3
9728 1
9729 1
9730 2
9731 2
9732 2
9733 0
9734 2
9735 1
9736 1
9737 1
9738 1
9739 1
9740 2
9741 1
9742 1
9743 2
9744 1
9745 0
9746 1
9747 2
9748 0
9749 2
9750 2
9751 1
9752 1
9753 2
9754 0
9755 2
9756 1
9757 1
9758 2
9759 0
9760 1
9761 1
9762 1
9763 0
9764 0
9765 0
9766 1
9767 1
9768 2
9769 1
9770 2
9771 1
9772 1
9773 1
9774 0
9775 2
9776 1
9777 1
9778 1
9779 2
9780 0
9781 1
9782 1
9783 2
9784 0
9785 1
9786 3
9787 0
9788 1
9789 1
9790 1
9791 1
9792 1
9793 1
9794 2
9795 1
9796 0
9797 0
9798 1
9799 1
9800 1
9801 2
9802 2
9803 1
9804 1
9805 1
9806 2
9807 1
9808 2
9809 2
9810 2
9811 1
9812 2
9813 1
9814 0
9815 1
9816 1
9817 2
9818 2
9819 2
9820 2
9821 1
9822 1
9823 2
9824 1
9825 1
9826 1
9827 2
9828 2
9829 0
9830 2
9831 2
9832 1
9833 2
9834 1
9835 1
9836 1
9837 2
9838 1
9839 0
9840 2
9841 0
9842 0
9843 1
9844 2
9845 2
9846 1
9847 2
9848 1
9849 2
9850 1
9851 1
9852 1
9853 2
9854 2
9855 2
9856 2
9857 2
9858 1
9859 1
9860 2
9861 2
9862 2
9863 1
9864 2
9865 0
9866 1
9867 2
9868 2
9869 0
9870 1
9871 1
9872 1
9873 1
9874 2
9875 0
9876 2
9877 1
9878 2
9879 1
9880 1
9881 2
9882 2
9883 2
9884 0
9885 2
9886 1
9887 3
9888 1
9889 0
9890 1
9891 0
9892 1
9893 0
9894 0
9895 0
9896 1
9897 0
9898 0
9899 0
9900 1
9901 0
9902 0
9903 0
9904 0
9905 0
9906 0
9907 0
9908 2
9909 1
9910 1
9911 0
9912 2
9913 2
9914 1
9915 2
9916 1
9917 1
9918 2
9919 2
9920 2
9921 1
9922 1
9923 0
9924 1
9925 2
9926 2
9927 1
9928 2
9929 2
9930 1
9931 0
9932 1
9933 2
9934 2
9935 2
9936 1
9937 1
9938 2
9939 1
9940 1
9941 2
9942 3
9943 2
9944 2
9945 0
9946 2
9947 2
9948 1
9949 1
9950 2
9951 1
9952 2
9953 0
9954 1
9955 0
9956 2
9957 2
9958 3
9959 1
9960 1
9961 1
9962 1
9963 1
9964 1
9965 1
9966 0
9967 1
9968 1
9969 1
9970 1
9971 0
9972 2
9973 2
9974 2
9975 1
9976 1
9977 1
9978 1
9979 1
9980 1
9981 1
9982 1
9983 1
9984 2
9985 1
9986 1
9987 1
9988 0
9989 1
9990 1
9991 0
9992 1
9993 2
9994 1
9995 1
9996 1
9997 2
9998 2
9999 0
10000 1
10001 1
