1 1
2 0
3 0
4 1
5 0
6 1
7 1
8 0
9 0
10 1
11 1
12 1
13 0
14 1
15 0
16 1
17 1
18 1
19 0
20 1
21 1
22 1
23 0
24 0
25 1
26 0
27 2
28 1
29 1
30 1
31 1
32 0
33 1
34 0
35 0
36 1
37 1
38 1
39 0
40 0
41 0
42 1
43 0
44 0
45 0
46 0
47 0
48 1
49 0
50 1
51 0
52 1
53 1
54 1
55 0
56 1
57 1
58 1
59 1
60 1
61 0
62 1
63 0
64 1
65 1
66 2
67 1
68 1
69 0
70 0
71 1
72 0
73 0
74 1
75 0
76 0
77 1
78 0
79 0
80 0
81 1
82 0
83 1
84 0
85 1
86 0
87 0
88 0
89 0
90 1
91 1
92 0
93 1
94 0
95 0
96 1
97 0
98 0
99 1
100 1
101 2
102 2
103 0
104 1
105 0
106 1
107 0
108 0
109 0
110 0
111 1
112 1
113 1
114 1
115 0
116 0
117 0
118 1
119 0
120 0
121 0
122 0
123 0
124 0
125 0
126 0
127 0
128 0
129 0
130 0
131 0
132 0
133 0
134 0
135 0
136 0
137 0
138 0
139 0
140 0
141 0
142 0
143 0
144 0
145 0
146 0
147 0
148 0
149 0
150 0
151 0
152 0
153 0
154 1
155 0
156 1
157 1
158 1
159 1
160 0
161 1
162 1
163 0
164 0
165 1
166 1
167 0
168 0
169 0
170 1
171 1
172 1
173 0
174 1
175 1
176 2
177 0
178 1
179 0
180 1
181 0
182 0
183 0
184 0
185 1
186 1
187 0
188 0
189 1
190 0
191 0
192 0
193 1
194 1
195 0
196 0
197 0
198 1
199 0
200 0
201 1
202 0
203 1
204 1
205 1
206 1
207 0
208 1
209 0
210 1
211 0
212 1
213 1
214 1
215 1
216 0
217 1
218 1
219 1
220 0
221 1
222 1
223 1
224 1
225 1
226 0
227 0
228 1
229 0
230 1
231 1
232 1
233 1
234 1
235 0
236 1
237 1
238 1
239 0
240 0
241 0
242 1
243 1
244 0
245 0
246 1
247 0
248 0
249 1
250 0
251 0
252 1
253 1
254 0
255 1
256 0
257 1
258 1
259 0
260 1
261 0
262 1
263 1
264 1
265 0
266 0
267 0
268 0
269 1
270 1
271 0
272 0
273 1
274 1
275 1
276 0
277 0
278 0
279 0
280 0
281 0
282 0
283 0
284 0
285 0
286 0
287 0
288 1
289 1
290 1
291 1
292 1
293 1
294 1
295 1
296 0
297 1
298 0
299 1
300 0
301 1
302 1
303 1
304 1
305 0
306 1
307 0
308 1
309 0
310 0
311 1
312 0
313 1
314 0
315 0
316 0
317 1
318 1
319 1
320 1
321 1
322 1
323 1
324 1
325 1
326 0
327 1
328 1
329 1
330 1
331 1
332 1
333 1
334 0
335 1
336 0
337 1
338 0
339 0
340 0
341 1
342 1
343 1
344 1
345 1
346 0
347 0
348 1
349 0
350 1
351 1
352 0
353 0
354 0
355 0
356 0
357 0
358 0
359 0
360 0
361 0
362 0
363 0
364 0
365 0
366 1
367 0
368 0
369 0
370 0
371 0
372 0
373 0
374 0
375 0
376 0
377 0
378 0
379 0
380 0
381 0
382 0
383 0
384 0
385 0
386 0
387 1
388 1
389 0
390 1
391 1
392 0
393 0
394 1
395 1
396 0
397 1
398 1
399 0
400 0
401 0
402 1
403 1
404 1
405 1
406 0
407 1
408 1
409 0
410 1
411 0
412 1
413 0
414 0
415 1
416 0
417 2
418 0
419 0
420 0
421 1
422 0
423 1
424 0
425 1
426 0
427 2
428 0
429 0
430 0
431 0
432 0
433 0
434 0
435 0
436 0
437 0
438 0
439 0
440 0
441 0
442 0
443 0
444 0
445 0
446 0
447 1
448 1
449 0
450 0
451 1
452 0
453 0
454 1
455 0
456 0
457 0
458 2
459 0
460 0
461 1
462 0
463 1
464 1
465 0
466 2
467 1
468 1
469 1
470 2
471 1
472 1
473 1
474 1
475 1
476 1
477 0
478 1
479 1
480 0
481 1
482 0
483 0
484 1
485 1
486 1
487 1
488 0
489 0
490 1
491 0
492 1
493 1
494 1
495 0
496 1
497 1
498 1
499 0
500 0
501 1
502 1
503 1
504 1
505 0
506 0
507 0
508 0
509 0
510 0
511 0
512 0
513 0
514 0
515 0
516 0
517 0
518 0
519 0
520 0
521 0
522 0
523 0
524 0
525 0
526 0
527 0
528 0
529 1
530 0
531 0
532 0
533 1
534 1
535 1
536 0
537 0
538 0
539 1
540 1
541 0
542 0
543 1
544 0
545 0
546 1
547 0
548 1
549 0
550 1
551 0
552 1
553 1
554 1
555 1
556 1
557 1
558 1
559 1
560 1
561 1
562 0
563 1
564 0
565 0
566 0
567 0
568 0
569 0
570 0
571 0
572 0
573 0
574 0
575 0
576 0
577 0
578 0
579 0
580 0
581 0
582 0
583 0
584 0
585 0
586 0
587 0
588 0
589 1
590 0
591 0
592 1
593 0
594 2
595 0
596 0
597 0
598 1
599 0
600 0
601 0
602 0
603 0
604 1
605 0
606 1
607 1
608 1
609 0
610 1
611 0
612 1
613 1
614 0
615 0
616 1
617 0
618 1
619 1
620 0
621 1
622 1
623 0
624 0
625 2
626 1
627 1
628 0
629 1
630 1
631 0
632 1
633 0
634 1
635 0
636 1
637 1
638 1
639 1
640 0
641 1
642 1
643 1
644 1
645 1
646 1
647 1
648 1
649 1
650 1
651 0
652 0
653 1
654 0
655 0
656 0
657 0
658 0
659 0
660 1
661 0
662 0
663 0
664 1
665 0
666 0
667 2
668 1
669 0
670 1
671 1
672 0
673 0
674 0
675 0
676 0
677 0
678 0
679 2
680 1
681 1
682 0
683 1
684 1
685 1
686 1
687 1
688 0
689 0
690 0
691 1
692 0
693 1
694 0
695 0
696 1
697 0
698 0
699 1
700 1
701 1
702 1
703 1
704 0
705 1
706 1
707 0
708 0
709 0
710 1
711 1
712 1
713 0
714 0
715 1
716 1
717 0
718 1
719 1
720 2
721 2
722 2
723 1
724 0
725 0
726 1
727 1
728 0
729 1
730 1
731 0
732 1
733 0
734 0
735 0
736 0
737 1
738 1
739 0
740 2
741 1
742 0
743 0
744 0
745 1
746 0
747 1
748 0
749 1
750 0
751 0
752 0
753 1
754 1
755 1
756 0
757 0
758 0
759 1
760 1
761 1
762 1
763 1
764 0
765 1
766 0
767 1
768 0
769 1
770 0
771 1
772 0
773 1
774 1
775 0
776 1
777 1
778 1
779 1
780 1
781 0
782 0
783 0
784 1
785 0
786 1
787 1
788 1
789 0
790 0
791 1
792 1
793 0
794 1
795 1
796 1
797 1
798 1
799 0
800 1
801 0
802 1
803 1
804 1
805 1
806 0
807 0
808 0
809 0
810 0
811 1
812 0
813 1
814 1
815 0
816 1
817 1
818 1
819 1
820 1
821 1
822 1
823 1
824 1
825 0
826 1
827 1
828 1
829 0
830 1
831 0
832 0
833 0
834 0
835 0
836 0
837 0
838 1
839 1
840 0
841 1
842 1
843 1
844 0
845 1
846 2
847 2
848 1
849 1
850 1
851 1
852 1
853 1
854 0
855 0
856 0
857 1
858 1
859 1
860 0
861 1
862 1
863 1
864 1
865 1
866 0
867 0
868 2
869 1
870 1
871 0
872 1
873 2
874 0
875 0
876 1
877 0
878 1
879 0
880 0
881 0
882 1
883 2
884 0
885 1
886 1
887 1
888 0
889 1
890 0
891 0
892 2
893 0
894 0
895 0
896 0
897 0
898 0
899 0
900 0
901 0
902 1
903 1
904 0
905 0
906 1
907 1
908 0
909 0
910 1
911 0
912 0
913 1
914 1
915 1
916 1
917 1
918 1
919 0
920 0
921 0
922 1
923 0
924 1
925 0
926 0
927 1
928 0
929 1
930 1
931 0
932 0
933 1
934 1
935 1
936 0
937 0
938 2
939 0
940 0
941 1
942 1
943 1
944 0
945 0
946 1
947 1
948 0
949 1
950 0
951 0
952 0
953 1
954 0
955 1
956 1
957 0
958 1
959 0
960 1
961 0
962 0
963 0
964 1
965 0
966 0
967 1
968 1
969 1
970 0
971 1
972 1
973 1
974 1
975 0
976 1
977 0
978 0
979 1
980 0
981 0
982 2
983 1
984 1
985 1
986 1
987 1
988 1
989 1
990 1
991 0
992 1
993 1
994 1
995 1
996 1
997 0
998 1
999 0
1000 1
1001 0
1002 1
1003 1
1004 1
1005 1
1006 1
1007 2
1008 1
1009 1
1010 1
1011 1
1012 0
1013 0
1014 1
1015 1
1016 1
1017 0
1018 0
1019 1
1020 2
1021 0
1022 1
1023 0
1024 0
1025 0
1026 1
1027 0
1028 0
1029 0
1030 1
1031 1
1032 1
1033 0
1034 1
1035 1
1036 1
1037 1
1038 1
1039 0
1040 1
1041 1
1042 0
1043 0
1044 1
1045 1
1046 0
1047 1
1048 1
1049 0
1050 0
1051 1
1052 1
1053 0
1054 1
1055 1
1056 1
1057 0
1058 0
1059 1
1060 0
1061 0
1062 1
1063 0
1064 0
1065 1
1066 1
1067 1
1068 1
1069 1
1070 2
1071 1
1072 0
1073 1
1074 0
1075 1
1076 0
1077 1
1078 0
1079 0
1080 0
1081 1
1082 0
1083 1
1084 0
1085 1
1086 1
1087 0
1088 1
1089 0
1090 1
1091 0
1092 0
1093 0
1094 0
1095 1
1096 0
1097 1
1098 1
1099 1
1100 1
1101 1
1102 1
1103 1
1104 0
1105 1
1106 0
1107 0
1108 1
1109 0
1110 1
1111 1
1112 0
1113 0
1114 2
1115 0
1116 0
1117 1
1118 1
1119 0
1120 1
1121 0
1122 0
1123 0
1124 0
1125 0
1126 0
1127 0
1128 0
1129 1
1130 0
1131 1
1132 0
1133 0
1134 1
1135 0
1136 1
1137 1
1138 1
1139 0
1140 0
1141 0
1142 0
1143 0
1144 1
1145 0
1146 1
1147 1
1148 1
1149 1
1150 1
1151 1
1152 1
1153 1
1154 1
1155 1
1156 1
1157 1
1158 1
1159 1
1160 1
1161 0
1162 1
1163 1
1164 1
1165 0
1166 0
1167 1
1168 0
1169 1
1170 0
1171 0
1172 0
1173 1
1174 1
1175 0
1176 1
1177 0
1178 0
1179 2
1180 1
1181 0
1182 1
1183 0
1184 1
1185 0
1186 0
1187 1
1188 1
1189 0
1190 0
1191 1
1192 0
1193 0
1194 0
1195 1
1196 0
1197 0
1198 1
1199 1
1200 0
1201 1
1202 1
1203 0
1204 0
1205 1
1206 0
1207 0
1208 1
1209 0
1210 1
1211 0
1212 1
1213 0
1214 1
1215 1
1216 0
1217 0
1218 0
1219 1
1220 0
1221 0
1222 0
1223 1
1224 1
1225 0
1226 0
1227 0
1228 1
1229 0
1230 1
1231 0
1232 0
1233 0
1234 1
1235 2
1236 0
1237 0
1238 0
1239 1
1240 0
1241 0
1242 1
1243 0
1244 1
1245 0
1246 1
1247 0
1248 0
1249 0
1250 1
1251 1
1252 0
1253 1
1254 1
1255 1
1256 1
1257 0
1258 1
1259 0
1260 0
1261 1
1262 0
1263 0
1264 1
1265 1
1266 0
1267 0
1268 1
1269 0
1270 1
1271 1
1272 0
1273 1
1274 1
1275 1
1276 0
1277 1
1278 1
1279 1
1280 1
1281 1
1282 0
1283 1
1284 0
1285 1
1286 1
1287 0
1288 0
1289 1
1290 1
1291 1
1292 0
1293 1
1294 0
1295 1
1296 1
1297 1
1298 0
1299 1
1300 1
1301 0
1302 1
1303 0
1304 1
1305 1
1306 1
1307 1
1308 1
1309 1
1310 1
1311 0
1312 1
1313 1
1314 1
1315 1
1316 0
1317 1
1318 0
1319 0
1320 1
1321 1
1322 1
1323 0
1324 0
1325 0
1326 1
1327 1
1328 1
1329 0
1330 0
1331 0
1332 0
1333 0
1334 0
1335 0
1336 1
1337 0
1338 1
1339 1
1340 1
1341 0
1342 1
1343 0
1344 0
1345 0
1346 0
1347 1
1348 1
1349 1
1350 1
1351 1
1352 0
1353 0
1354 0
1355 0
1356 0
1357 1
1358 0
1359 1
1360 0
1361 1
1362 0
1363 0
1364 0
1365 0
1366 1
1367 0
1368 0
1369 0
1370 0
1371 1
1372 0
1373 0
1374 1
1375 1
1376 0
1377 1
1378 1
1379 1
1380 1
1381 0
1382 1
1383 0
1384 1
1385 1
1386 0
1387 0
1388 1
1389 1
1390 1
1391 1
1392 0
1393 1
1394 0
1395 1
1396 1
1397 1
1398 1
1399 1
1400 1
1401 2
1402 1
1403 0
1404 1
1405 0
1406 0
1407 1
1408 1
1409 1
1410 0
1411 0
1412 0
1413 1
1414 1
1415 1
1416 1
1417 0
1418 1
1419 1
1420 1
1421 1
1422 1
1423 0
1424 0
1425 1
1426 1
1427 1
1428 1
1429 1
1430 0
1431 1
1432 1
1433 1
1434 1
1435 1
1436 0
1437 0
1438 0
1439 0
1440 0
1441 0
1442 0
1443 0
1444 0
1445 0
1446 0
1447 0
1448 0
1449 0
1450 1
1451 0
1452 1
1453 1
1454 0
1455 1
1456 1
1457 1
1458 1
1459 1
1460 1
1461 1
1462 1
1463 1
1464 0
1465 1
1466 1
1467 0
1468 1
1469 1
1470 0
1471 1
1472 0
1473 1
1474 1
1475 1
1476 1
1477 1
1478 1
1479 1
1480 0
1481 1
1482 1
1483 1
1484 0
1485 1
1486 1
1487 0
1488 1
1489 1
1490 0
1491 0
1492 1
1493 0
1494 1
1495 1
1496 0
1497 0
1498 0
1499 0
1500 0
1501 0
1502 0
1503 0
1504 0
1505 0
1506 0
1507 0
1508 0
1509 0
1510 0
1511 0
1512 0
1513 0
1514 0
1515 0
1516 0
1517 0
1518 0
1519 0
1520 0
1521 0
1522 0
1523 0
1524 0
1525 0
1526 0
1527 0
1528 0
1529 0
1530 0
1531 0
1532 1
1533 1
1534 0
1535 0
1536 1
1537 1
1538 1
1539 1
1540 1
1541 0
1542 1
1543 0
1544 1
1545 0
1546 0
1547 0
1548 0
1549 0
1550 0
1551 0
1552 0
1553 0
1554 0
1555 0
1556 0
1557 0
1558 0
1559 0
1560 0
1561 0
1562 0
1563 0
1564 0
1565 0
1566 0
1567 0
1568 0
1569 0
1570 0
1571 0
1572 0
1573 0
1574 0
1575 0
1576 0
1577 0
1578 0
1579 0
1580 0
1581 0
1582 0
1583 0
1584 0
1585 0
1586 0
1587 0
1588 0
1589 0
1590 0
1591 0
1592 0
1593 1
1594 0
1595 0
1596 0
1597 0
1598 0
1599 0
1600 0
1601 0
1602 0
1603 0
1604 0
1605 0
1606 0
1607 0
1608 0
1609 0
1610 0
1611 0
1612 0
1613 1
1614 0
1615 1
1616 1
1617 1
1618 1
1619 0
1620 1
1621 0
1622 0
1623 1
1624 1
1625 0
1626 0
1627 1
1628 1
1629 1
1630 1
1631 1
1632 0
1633 1
1634 1
1635 1
1636 1
1637 0
1638 0
1639 0
1640 0
1641 0
1642 0
1643 0
1644 0
1645 0
1646 0
1647 0
1648 0
1649 0
1650 0
1651 0
1652 0
1653 0
1654 0
1655 0
1656 0
1657 0
1658 0
1659 0
1660 0
1661 0
1662 0
1663 0
1664 0
1665 0
1666 0
1667 0
1668 0
1669 0
1670 0
1671 0
1672 0
1673 0
1674 0
1675 0
1676 0
1677 0
1678 0
1679 0
1680 0
1681 0
1682 0
1683 0
1684 0
1685 0
1686 0
1687 0
1688 0
1689 0
1690 0
1691 0
1692 0
1693 0
1694 0
1695 0
1696 0
1697 0
1698 0
1699 0
1700 0
1701 0
1702 0
1703 0
1704 0
1705 0
1706 0
1707 0
1708 0
1709 0
1710 0
1711 0
1712 0
1713 1
1714 1
1715 0
1716 0
1717 0
1718 0
1719 0
1720 0
1721 0
1722 0
1723 0
1724 0
1725 0
1726 0
1727 0
1728 0
1729 0
1730 0
1731 0
1732 0
1733 0
1734 0
1735 0
1736 0
1737 0
1738 0
1739 0
1740 0
1741 0
1742 0
1743 0
1744 0
1745 0
1746 0
1747 0
1748 0
1749 0
1750 0
1751 0
1752 0
1753 0
1754 0
1755 0
1756 0
1757 0
1758 0
1759 0
1760 0
1761 0
1762 1
1763 0
1764 0
1765 0
1766 0
1767 0
1768 0
1769 0
1770 0
1771 0
1772 0
1773 0
1774 0
1775 0
1776 0
1777 0
1778 1
1779 1
1780 1
1781 1
1782 1
1783 1
1784 0
1785 0
1786 1
1787 1
1788 0
1789 1
1790 0
1791 1
1792 1
1793 1
1794 1
1795 1
1796 1
1797 0
1798 0
1799 0
1800 0
1801 0
1802 0
1803 1
1804 1
1805 0
1806 1
1807 1
1808 1
1809 0
1810 1
1811 1
1812 0
1813 0
1814 0
1815 0
1816 0
1817 0
1818 0
1819 0
1820 0
1821 0
1822 0
1823 0
1824 0
1825 0
1826 0
1827 0
1828 0
1829 1
1830 1
1831 1
1832 1
1833 0
1834 1
1835 1
1836 0
1837 0
1838 1
1839 1
1840 1
1841 0
1842 1
1843 0
1844 0
1845 0
1846 1
1847 1
1848 1
1849 0
1850 0
1851 1
1852 1
1853 0
1854 0
1855 0
1856 0
1857 1
1858 1
1859 0
1860 0
1861 0
1862 1
1863 1
1864 1
1865 1
1866 1
1867 0
1868 0
1869 1
1870 1
1871 0
1872 1
1873 1
1874 1
1875 0
1876 0
1877 0
1878 0
1879 0
1880 0
1881 0
1882 0
1883 0
1884 0
1885 0
1886 0
1887 0
1888 0
1889 0
1890 0
1891 0
1892 0
1893 0
1894 0
1895 0
1896 0
1897 0
1898 0
1899 0
1900 0
1901 0
1902 0
1903 0
1904 0
1905 0
1906 0
1907 0
1908 0
1909 0
1910 0
1911 0
1912 0
1913 0
1914 0
1915 0
1916 0
1917 0
1918 0
1919 0
1920 0
1921 0
1922 0
1923 0
1924 0
1925 0
1926 0
1927 0
1928 0
1929 0
1930 0
1931 1
1932 1
1933 1
1934 1
1935 1
1936 1
1937 0
1938 0
1939 1
1940 1
1941 0
1942 1
1943 1
1944 0
1945 0
1946 0
1947 1
1948 1
1949 1
1950 0
1951 0
1952 0
1953 0
1954 0
1955 1
1956 1
1957 0
1958 1
1959 1
1960 0
1961 0
1962 0
1963 0
1964 0
1965 1
1966 0
1967 1
1968 0
1969 1
1970 1
1971 0
1972 1
1973 1
1974 1
1975 1
1976 0
1977 0
1978 1
1979 0
1980 0
1981 0
1982 0
1983 0
1984 0
1985 0
1986 1
1987 1
1988 1
1989 0
1990 1
1991 1
1992 0
1993 1
1994 2
1995 0
1996 0
1997 0
1998 1
1999 0
2000 0
2001 0
2002 1
2003 1
2004 0
2005 1
2006 0
2007 0
2008 0
2009 1
2010 1
2011 1
2012 1
2013 1
2014 0
2015 0
2016 1
2017 1
2018 0
2019 2
2020 1
2021 0
2022 0
2023 0
2024 0
2025 0
2026 0
2027 1
2028 1
2029 0
2030 1
2031 1
2032 0
2033 0
2034 1
2035 1
2036 0
2037 1
2038 0
2039 1
2040 1
2041 1
2042 0
2043 0
2044 1
2045 0
2046 1
2047 0
2048 1
2049 0
2050 0
2051 0
2052 1
2053 1
2054 1
2055 1
2056 0
2057 0
2058 0
2059 0
2060 0
2061 0
2062 0
2063 0
2064 0
2065 0
2066 0
2067 0
2068 0
2069 0
2070 0
2071 0
2072 0
2073 0
2074 0
2075 0
2076 0
2077 0
2078 0
2079 0
2080 0
2081 0
2082 0
2083 0
2084 0
2085 0
2086 0
2087 0
2088 0
2089 0
2090 0
2091 0
2092 0
2093 1
2094 1
2095 0
2096 1
2097 0
2098 0
2099 1
2100 0
2101 1
2102 0
2103 1
2104 1
2105 0
2106 1
2107 1
2108 1
2109 1
2110 1
2111 1
2112 1
2113 1
2114 1
2115 0
2116 0
2117 1
2118 1
2119 1
2120 1
2121 0
2122 1
2123 1
2124 0
2125 1
2126 1
2127 0
2128 0
2129 0
2130 0
2131 1
2132 0
2133 0
2134 1
2135 1
2136 2
2137 1
2138 1
2139 0
2140 1
2141 2
2142 0
2143 1
2144 1
2145 1
2146 1
2147 1
2148 1
2149 1
2150 0
2151 2
2152 1
2153 1
2154 1
2155 1
2156 1
2157 1
2158 1
2159 0
2160 0
2161 1
2162 1
2163 1
2164 0
2165 1
2166 1
2167 1
2168 1
2169 0
2170 1
2171 1
2172 1
2173 1
2174 0
2175 1
2176 0
2177 0
2178 0
2179 1
2180 1
2181 0
2182 2
2183 1
2184 1
2185 0
2186 2
2187 1
2188 1
2189 1
2190 0
2191 1
2192 1
2193 1
2194 1
2195 0
2196 1
2197 2
2198 1
2199 0
2200 1
2201 0
2202 1
2203 2
2204 1
2205 1
2206 1
2207 1
2208 1
2209 0
2210 1
2211 1
2212 1
2213 1
2214 1
2215 0
2216 0
2217 0
2218 0
2219 0
2220 0
2221 0
2222 0
2223 0
2224 0
2225 0
2226 0
2227 0
2228 0
2229 0
2230 0
2231 0
2232 1
2233 1
2234 0
2235 0
2236 0
2237 0
2238 0
2239 1
2240 0
2241 0
2242 0
2243 0
2244 0
2245 0
2246 0
2247 0
2248 0
2249 0
2250 1
2251 1
2252 1
2253 1
2254 1
2255 0
2256 1
2257 0
2258 1
2259 1
2260 0
2261 1
2262 0
2263 1
2264 1
2265 0
2266 2
2267 1
2268 0
2269 0
2270 1
2271 0
2272 0
2273 0
2274 0
2275 0
2276 0
2277 1
2278 1
2279 1
2280 2
2281 0
2282 1
2283 0
2284 1
2285 0
2286 0
2287 1
2288 0
2289 1
2290 1
2291 1
2292 0
2293 1
2294 2
2295 1
2296 1
2297 2
2298 1
2299 1
2300 0
2301 0
2302 0
2303 0
2304 1
2305 0
2306 1
2307 1
2308 1
2309 0
2310 1
2311 0
2312 0
2313 0
2314 1
2315 0
2316 1
2317 1
2318 1
2319 1
2320 0
2321 0
2322 1
2323 0
2324 1
2325 0
2326 0
2327 1
2328 1
2329 0
2330 1
2331 0
2332 1
2333 0
2334 0
2335 1
2336 1
2337 1
2338 1
2339 0
2340 1
2341 1
2342 1
2343 1
2344 0
2345 1
2346 1
2347 0
2348 1
2349 1
2350 1
2351 1
2352 0
2353 1
2354 0
2355 0
2356 0
2357 0
2358 0
2359 0
2360 0
2361 0
2362 1
2363 0
2364 0
2365 0
2366 1
2367 0
2368 0
2369 1
2370 1
2371 2
2372 0
2373 0
2374 0
2375 0
2376 0
2377 0
2378 1
2379 1
2380 1
2381 0
2382 0
2383 0
2384 0
2385 1
2386 0
2387 1
2388 0
2389 0
2390 0
2391 0
2392 0
2393 1
2394 1
2395 0
2396 1
2397 1
2398 2
2399 0
2400 0
2401 0
2402 1
2403 1
2404 0
2405 1
2406 0
2407 0
2408 0
2409 1
2410 1
2411 1
2412 1
2413 1
2414 0
2415 1
2416 1
2417 1
2418 1
2419 0
2420 0
2421 1
2422 0
2423 0
2424 1
2425 0
2426 0
2427 0
2428 0
2429 1
2430 1
2431 1
2432 0
2433 1
2434 0
2435 0
2436 0
2437 1
2438 1
2439 0
2440 0
2441 1
2442 0
2443 2
2444 1
2445 0
2446 1
2447 1
2448 1
2449 1
2450 1
2451 0
2452 0
2453 1
2454 1
2455 0
2456 1
2457 1
2458 1
2459 2
2460 0
2461 0
2462 0
2463 0
2464 1
2465 1
2466 1
2467 1
2468 0
2469 0
2470 1
2471 0
2472 1
2473 0
2474 0
2475 0
2476 1
2477 1
2478 1
2479 0
2480 0
2481 1
2482 1
2483 1
2484 0
2485 0
2486 1
2487 1
2488 1
2489 1
2490 0
2491 0
2492 0
2493 0
2494 1
2495 0
2496 0
2497 0
2498 0
2499 1
2500 1
2501 0
2502 0
2503 0
2504 0
2505 0
2506 0
2507 0
2508 0
2509 0
2510 0
2511 0
2512 0
2513 1
2514 0
2515 1
2516 1
2517 0
2518 0
2519 1
2520 0
2521 1
2522 1
2523 0
2524 0
2525 1
2526 1
2527 1
2528 0
2529 1
2530 1
2531 0
2532 1
2533 0
2534 0
2535 0
2536 0
2537 1
2538 1
2539 1
2540 1
2541 1
2542 1
2543 0
2544 1
2545 0
2546 0
2547 1
2548 0
2549 0
2550 0
2551 0
2552 1
2553 0
2554 0
2555 0
2556 0
2557 0
2558 2
2559 0
2560 0
2561 0
2562 0
2563 1
2564 1
2565 1
2566 1
2567 1
2568 0
2569 0
2570 0
2571 0
2572 0
2573 1
2574 1
2575 1
2576 1
2577 0
2578 0
2579 0
2580 1
2581 1
2582 0
2583 1
2584 0
2585 1
2586 1
2587 1
2588 1
2589 0
2590 1
2591 1
2592 1
2593 1
2594 1
2595 0
2596 2
2597 1
2598 2
2599 1
2600 1
2601 1
2602 1
2603 0
2604 1
2605 1
2606 1
2607 1
2608 1
2609 1
2610 0
2611 0
2612 1
2613 1
2614 0
2615 1
2616 1
2617 0
2618 1
2619 0
2620 1
2621 0
2622 0
2623 1
2624 1
2625 1
2626 1
2627 1
2628 0
2629 1
2630 1
2631 2
2632 0
2633 1
2634 1
2635 1
2636 1
2637 0
2638 2
2639 0
2640 0
2641 0
2642 0
2643 0
2644 1
2645 0
2646 0
2647 0
2648 1
2649 0
2650 1
2651 1
2652 2
2653 0
2654 0
2655 0
2656 1
2657 0
2658 0
2659 1
2660 1
2661 1
2662 1
2663 0
2664 0
2665 0
2666 1
2667 2
2668 0
2669 0
2670 0
2671 0
2672 1
2673 0
2674 1
2675 1
2676 0
2677 1
2678 1
2679 1
2680 0
2681 0
2682 1
2683 1
2684 0
2685 0
2686 1
2687 0
2688 0
2689 0
2690 0
2691 0
2692 1
2693 1
2694 0
2695 0
2696 1
2697 1
2698 0
2699 1
2700 1
2701 1
2702 1
2703 1
2704 0
2705 1
2706 2
2707 1
2708 0
2709 0
2710 0
2711 0
2712 0
2713 0
2714 1
2715 1
2716 1
2717 1
2718 0
2719 1
2720 0
2721 1
2722 1
2723 0
2724 1
2725 1
2726 1
2727 0
2728 0
2729 1
2730 0
2731 0
2732 1
2733 0
2734 0
2735 1
2736 1
2737 0
2738 0
2739 1
2740 1
2741 1
2742 1
2743 1
2744 1
2745 1
2746 1
2747 2
2748 1
2749 0
2750 2
2751 1
2752 0
2753 1
2754 1
2755 1
2756 1
2757 0
2758 1
2759 0
2760 0
2761 1
2762 0
2763 1
2764 0
2765 2
2766 0
2767 1
2768 0
2769 1
2770 0
2771 1
2772 0
2773 1
2774 1
2775 2
2776 1
2777 1
2778 0
2779 1
2780 1
2781 0
2782 1
2783 0
2784 0
2785 0
2786 1
2787 1
2788 0
2789 1
2790 0
2791 1
2792 1
2793 0
2794 0
2795 0
2796 0
2797 0
2798 1
2799 1
2800 0
2801 1
2802 1
2803 1
2804 0
2805 1
2806 0
2807 0
2808 0
2809 1
2810 1
2811 0
2812 1
2813 0
2814 0
2815 0
2816 1
2817 1
2818 0
2819 1
2820 1
2821 1
2822 0
2823 1
2824 1
2825 0
2826 1
2827 1
2828 1
2829 0
2830 1
2831 0
2832 1
2833 0
2834 1
2835 0
2836 1
2837 0
2838 0
2839 1
2840 1
2841 0
2842 1
2843 0
2844 1
2845 0
2846 1
2847 0
2848 1
2849 0
2850 0
2851 0
2852 0
2853 0
2854 1
2855 0
2856 0
2857 0
2858 0
2859 0
2860 0
2861 0
2862 0
2863 0
2864 0
2865 0
2866 0
2867 1
2868 0
2869 1
2870 0
2871 0
2872 0
2873 0
2874 1
2875 0
2876 0
2877 1
2878 0
2879 1
2880 0
2881 0
2882 1
2883 1
2884 0
2885 0
2886 0
2887 1
2888 1
2889 0
2890 1
2891 0
2892 0
2893 1
2894 0
2895 1
2896 1
2897 1
2898 1
2899 0
2900 1
2901 0
2902 1
2903 2
2904 1
2905 1
2906 0
2907 1
2908 1
2909 1
2910 0
2911 1
2912 0
2913 1
2914 0
2915 2
2916 1
2917 0
2918 1
2919 0
2920 0
2921 1
2922 1
2923 1
2924 1
2925 1
2926 0
2927 0
2928 1
2929 1
2930 0
2931 1
2932 0
2933 0
2934 1
2935 1
2936 1
2937 1
2938 1
2939 1
2940 0
2941 0
2942 1
2943 0
2944 1
2945 0
2946 0
2947 1
2948 0
2949 1
2950 1
2951 1
2952 1
2953 1
2954 1
2955 1
2956 1
2957 0
2958 0
2959 1
2960 0
2961 1
2962 1
2963 1
2964 0
2965 1
2966 0
2967 1
2968 1
2969 1
2970 0
2971 0
2972 1
2973 1
2974 0
2975 1
2976 1
2977 1
2978 0
2979 0
2980 1
2981 0
2982 1
2983 0
2984 1
2985 1
2986 1
2987 0
2988 0
2989 0
2990 0
2991 0
2992 0
2993 0
2994 0
2995 0
2996 0
2997 0
2998 0
2999 0
3000 0
3001 0
3002 0
3003 0
3004 0
3005 0
3006 0
3007 0
3008 0
3009 0
3010 0
3011 0
3012 0
3013 0
3014 1
3015 0
3016 0
3017 0
3018 0
3019 0
3020 0
3021 0
3022 0
3023 0
3024 0
3025 0
3026 0
3027 1
3028 1
3029 1
3030 1
3031 0
3032 0
3033 1
3034 1
3035 1
3036 0
3037 0
3038 0
3039 0
3040 1
3041 1
3042 0
3043 1
3044 1
3045 1
3046 0
3047 0
3048 2
3049 1
3050 0
3051 0
3052 0
3053 1
3054 2
3055 1
3056 0
3057 0
3058 0
3059 0
3060 0
3061 1
3062 1
3063 1
3064 1
3065 1
3066 0
3067 1
3068 0
3069 1
3070 0
3071 0
3072 0
3073 0
3074 0
3075 0
3076 0
3077 1
3078 0
3079 1
3080 0
3081 0
3082 2
3083 1
3084 0
3085 0
3086 1
3087 2
3088 1
3089 1
3090 1
3091 1
3092 0
3093 0
3094 0
3095 1
3096 0
3097 2
3098 0
3099 1
3100 1
3101 1
3102 1
3103 1
3104 1
3105 0
3106 1
3107 2
3108 0
3109 2
3110 0
3111 0
3112 0
3113 1
3114 1
3115 1
3116 0
3117 1
3118 1
3119 1
3120 1
3121 0
3122 1
3123 0
3124 0
3125 0
3126 1
3127 1
3128 1
3129 1
3130 1
3131 1
3132 0
3133 1
3134 0
3135 0
3136 0
3137 0
3138 1
3139 1
3140 0
3141 1
3142 1
3143 0
3144 1
3145 0
3146 0
3147 0
3148 0
3149 0
3150 0
3151 0
3152 0
3153 0
3154 0
3155 0
3156 1
3157 1
3158 1
3159 0
3160 0
3161 0
3162 1
3163 0
3164 0
3165 1
3166 1
3167 1
3168 2
3169 0
3170 0
3171 1
3172 0
3173 0
3174 1
3175 1
3176 1
3177 1
3178 0
3179 0
3180 0
3181 0
3182 0
3183 1
3184 0
3185 1
3186 1
3187 0
3188 0
3189 1
3190 1
3191 0
3192 1
3193 1
3194 1
3195 1
3196 1
3197 0
3198 0
3199 0
3200 0
3201 0
3202 0
3203 0
3204 0
3205 0
3206 0
3207 0
3208 0
3209 0
3210 0
3211 1
3212 0
3213 0
3214 0
3215 0
3216 1
3217 0
3218 0
3219 0
3220 0
3221 0
3222 0
3223 0
3224 0
3225 0
3226 0
3227 0
3228 0
3229 0
3230 0
3231 0
3232 0
3233 0
3234 0
3235 0
3236 0
3237 0
3238 0
3239 1
3240 1
3241 0
3242 1
3243 0
3244 0
3245 1
3246 1
3247 1
3248 1
3249 1
3250 0
3251 0
3252 1
3253 1
3254 1
3255 0
3256 1
3257 0
3258 1
3259 1
3260 1
3261 1
3262 1
3263 0
3264 0
3265 1
3266 0
3267 1
3268 1
3269 0
3270 1
3271 1
3272 0
3273 1
3274 1
3275 0
3276 1
3277 1
3278 1
3279 1
3280 2
3281 1
3282 0
3283 1
3284 0
3285 1
3286 1
3287 0
3288 0
3289 1
3290 0
3291 0
3292 0
3293 0
3294 0
3295 0
3296 0
3297 0
3298 0
3299 0
3300 0
3301 0
3302 0
3303 0
3304 0
3305 0
3306 0
3307 0
3308 0
3309 1
3310 0
3311 0
3312 2
3313 1
3314 0
3315 0
3316 0
3317 0
3318 0
3319 0
3320 0
3321 0
3322 0
3323 0
3324 0
3325 0
3326 0
3327 0
3328 0
3329 0
3330 0
3331 0
3332 0
3333 0
3334 0
3335 0
3336 0
3337 0
3338 0
3339 0
3340 0
3341 0
3342 0
3343 0
3344 0
3345 0
3346 0
3347 0
3348 0
3349 0
3350 0
3351 0
3352 0
3353 0
3354 0
3355 1
3356 0
3357 1
3358 1
3359 0
3360 0
3361 1
3362 1
3363 1
3364 1
3365 1
3366 0
3367 1
3368 0
3369 1
3370 1
3371 1
3372 0
3373 0
3374 0
3375 1
3376 1
3377 1
3378 1
3379 1
3380 1
3381 1
3382 0
3383 1
3384 1
3385 0
3386 0
3387 1
3388 1
3389 0
3390 0
3391 0
3392 0
3393 0
3394 0
3395 0
3396 0
3397 0
3398 0
3399 0
3400 0
3401 0
3402 0
3403 0
3404 0
3405 0
3406 0
3407 0
3408 0
3409 0
3410 0
3411 0
3412 0
3413 0
3414 0
3415 0
3416 0
3417 0
3418 0
3419 0
3420 0
3421 0
3422 0
3423 0
3424 0
3425 0
3426 0
3427 0
3428 0
3429 0
3430 0
3431 0
3432 0
3433 0
3434 0
3435 1
3436 1
3437 0
3438 0
3439 1
3440 0
3441 1
3442 1
3443 1
3444 1
3445 1
3446 1
3447 1
3448 0
3449 1
3450 1
3451 0
3452 1
3453 1
3454 1
3455 1
3456 0
3457 1
3458 0
3459 0
3460 0
3461 1
3462 1
3463 0
3464 1
3465 1
3466 1
3467 0
3468 1
3469 1
3470 0
3471 0
3472 0
3473 0
3474 0
3475 0
3476 0
3477 0
3478 0
3479 0
3480 0
3481 0
3482 0
3483 0
3484 0
3485 0
3486 0
3487 0
3488 1
3489 1
3490 1
3491 0
3492 0
3493 1
3494 1
3495 0
3496 0
3497 0
3498 1
3499 1
3500 1
3501 1
3502 1
3503 0
3504 0
3505 2
3506 2
3507 1
3508 0
3509 0
3510 1
3511 1
3512 0
3513 0
3514 1
3515 0
3516 1
3517 1
3518 1
3519 0
3520 1
3521 1
3522 0
3523 0
3524 0
3525 1
3526 0
3527 1
3528 1
3529 0
3530 1
3531 1
3532 1
3533 1
3534 1
3535 0
3536 0
3537 1
3538 1
3539 0
3540 1
3541 0
3542 1
3543 1
3544 0
3545 1
3546 1
3547 1
3548 0
3549 1
3550 0
3551 1
3552 0
3553 1
3554 1
3555 1
3556 1
3557 0
3558 1
3559 1
3560 1
3561 0
3562 0
3563 0
3564 0
3565 0
3566 0
3567 0
3568 1
3569 1
3570 0
3571 1
3572 0
3573 1
3574 1
3575 1
3576 1
3577 1
3578 1
3579 0
3580 1
3581 1
3582 1
3583 0
3584 0
3585 0
3586 0
3587 0
3588 1
3589 1
3590 0
3591 0
3592 0
3593 1
3594 1
3595 1
3596 1
3597 1
3598 1
3599 1
3600 0
3601 1
3602 1
3603 0
3604 1
3605 0
3606 1
3607 1
3608 0
3609 1
3610 0
3611 0
3612 1
3613 0
3614 0
3615 1
3616 0
3617 0
3618 0
3619 1
3620 1
3621 1
3622 0
3623 0
3624 1
3625 1
3626 1
3627 0
3628 0
3629 1
3630 1
3631 0
3632 0
3633 0
3634 1
3635 1
3636 2
3637 1
3638 0
3639 0
3640 0
3641 0
3642 0
3643 0
3644 1
3645 0
3646 1
3647 0
3648 1
3649 0
3650 0
3651 0
3652 1
3653 0
3654 1
3655 1
3656 1
3657 1
3658 0
3659 0
3660 1
3661 0
3662 1
3663 0
3664 0
3665 1
3666 1
3667 1
3668 0
3669 1
3670 0
3671 1
3672 0
3673 0
3674 0
3675 1
3676 1
3677 1
3678 1
3679 1
3680 1
3681 1
3682 1
3683 1
3684 0
3685 1
3686 1
3687 1
3688 1
3689 0
3690 1
3691 0
3692 1
3693 0
3694 2
3695 1
3696 1
3697 1
3698 0
3699 1
3700 2
3701 1
3702 1
3703 0
3704 0
3705 0
3706 1
3707 1
3708 1
3709 1
3710 1
3711 0
3712 1
3713 1
3714 0
3715 1
3716 0
3717 1
3718 1
3719 0
3720 2
3721 0
3722 1
3723 1
3724 1
3725 0
3726 1
3727 1
3728 0
3729 0
3730 1
3731 1
3732 1
3733 1
3734 0
3735 0
3736 1
3737 2
3738 1
3739 0
3740 0
3741 1
3742 1
3743 0
3744 1
3745 0
3746 0
3747 1
3748 0
3749 0
3750 0
3751 0
3752 0
3753 1
3754 1
3755 0
3756 1
3757 0
3758 1
3759 1
3760 1
3761 1
3762 1
3763 1
3764 0
3765 0
3766 0
3767 0
3768 1
3769 1
3770 0
3771 0
3772 0
3773 0
3774 1
3775 0
3776 1
3777 0
3778 1
3779 1
3780 0
3781 0
3782 1
3783 0
3784 0
3785 1
3786 0
3787 1
3788 0
3789 1
3790 0
3791 0
3792 1
3793 0
3794 1
3795 1
3796 1
3797 0
3798 1
3799 0
3800 1
3801 0
3802 0
3803 1
3804 0
3805 0
3806 0
3807 0
3808 0
3809 0
3810 1
3811 1
3812 0
3813 0
3814 0
3815 1
3816 1
3817 1
3818 0
3819 2
3820 1
3821 0
3822 1
3823 1
3824 1
3825 1
3826 0
3827 1
3828 1
3829 1
3830 1
3831 1
3832 0
3833 1
3834 0
3835 1
3836 0
3837 0
3838 0
3839 1
3840 2
3841 1
3842 0
3843 1
3844 0
3845 0
3846 0
3847 1
3848 0
3849 0
3850 1
3851 1
3852 0
3853 1
3854 0
3855 1
3856 0
3857 0
3858 0
3859 0
3860 1
3861 0
3862 0
3863 1
3864 0
3865 1
3866 0
3867 0
3868 1
3869 1
3870 0
3871 0
3872 1
3873 1
3874 0
3875 0
3876 1
3877 0
3878 1
3879 1
3880 0
3881 0
3882 0
3883 0
3884 0
3885 1
3886 0
3887 1
3888 0
3889 1
3890 0
3891 1
3892 0
3893 2
3894 0
3895 1
3896 1
3897 1
3898 0
3899 0
3900 0
3901 0
3902 1
3903 0
3904 1
3905 0
3906 1
3907 0
3908 1
3909 1
3910 1
3911 1
3912 1
3913 1
3914 1
3915 1
3916 1
3917 0
3918 1
3919 2
3920 0
3921 0
3922 0
3923 0
3924 1
3925 1
3926 1
3927 1
3928 2
3929 0
3930 1
3931 1
3932 1
3933 0
3934 1
3935 1
3936 0
3937 0
3938 1
3939 0
3940 0
3941 1
3942 0
3943 1
3944 1
3945 0
3946 1
3947 1
3948 0
3949 0
3950 1
3951 1
3952 0
3953 1
3954 0
3955 2
3956 0
3957 0
3958 0
3959 1
3960 1
3961 0
3962 1
3963 1
3964 1
3965 1
3966 1
3967 1
3968 1
3969 0
3970 1
3971 1
3972 0
3973 1
3974 0
3975 0
3976 0
3977 0
3978 0
3979 0
3980 0
3981 1
3982 1
3983 0
3984 1
3985 0
3986 0
3987 0
3988 0
3989 0
3990 0
3991 0
3992 0
3993 1
3994 2
3995 0
3996 1
3997 1
3998 1
3999 0
4000 2
4001 0
4002 0
4003 1
4004 0
4005 0
4006 0
4007 1
4008 1
4009 1
4010 1
4011 1
4012 1
4013 1
4014 0
4015 0
4016 1
4017 1
4018 0
4019 0
4020 1
4021 1
4022 1
4023 0
4024 0
4025 1
4026 1
4027 0
4028 0
4029 0
4030 1
4031 2
4032 0
4033 1
4034 1
4035 1
4036 0
4037 0
4038 0
4039 0
4040 1
4041 2
4042 1
4043 1
4044 1
4045 1
4046 1
4047 1
4048 2
4049 1
4050 1
4051 1
4052 0
4053 1
4054 0
4055 1
4056 1
4057 1
4058 1
4059 1
4060 0
4061 1
4062 1
4063 1
4064 1
4065 0
4066 1
4067 1
4068 1
4069 1
4070 1
4071 0
4072 1
4073 1
4074 0
4075 1
4076 1
4077 1
4078 0
4079 0
4080 1
4081 1
4082 1
4083 1
4084 1
4085 0
4086 0
4087 1
4088 0
4089 1
4090 1
4091 1
4092 2
4093 1
4094 1
4095 0
4096 0
4097 1
4098 1
4099 0
4100 1
4101 0
4102 1
4103 1
4104 1
4105 0
4106 2
4107 0
4108 0
4109 0
4110 2
4111 1
4112 0
4113 0
4114 0
4115 0
4116 0
4117 0
4118 0
4119 0
4120 1
4121 1
4122 2
4123 0
4124 1
4125 1
4126 0
4127 1
4128 0
4129 0
4130 1
4131 1
4132 1
4133 1
4134 1
4135 1
4136 1
4137 1
4138 1
4139 1
4140 1
4141 1
4142 1
4143 1
4144 0
4145 0
4146 0
4147 1
4148 0
4149 1
4150 1
4151 1
4152 1
4153 1
4154 1
4155 2
4156 1
4157 1
4158 1
4159 1
4160 0
4161 1
4162 1
4163 1
4164 1
4165 1
4166 1
4167 0
4168 0
4169 1
4170 0
4171 1
4172 0
4173 0
4174 1
4175 1
4176 1
4177 0
4178 1
4179 0
4180 0
4181 0
4182 0
4183 2
4184 1
4185 0
4186 0
4187 0
4188 1
4189 1
4190 0
4191 0
4192 0
4193 0
4194 1
4195 0
4196 1
4197 0
4198 1
4199 1
4200 0
4201 1
4202 0
4203 0
4204 0
4205 0
4206 1
4207 0
4208 1
4209 0
4210 2
4211 0
4212 1
4213 1
4214 0
4215 0
4216 1
4217 0
4218 0
4219 1
4220 0
4221 0
4222 0
4223 1
4224 0
4225 0
4226 1
4227 1
4228 1
4229 0
4230 1
4231 1
4232 1
4233 0
4234 1
4235 1
4236 0
4237 1
4238 0
4239 1
4240 0
4241 1
4242 2
4243 1
4244 1
4245 0
4246 0
4247 1
4248 2
4249 0
4250 2
4251 1
4252 1
4253 0
4254 1
4255 1
4256 0
4257 0
4258 1
4259 1
4260 0
4261 1
4262 1
4263 1
4264 0
4265 0
4266 0
4267 0
4268 0
4269 0
4270 0
4271 0
4272 1
4273 0
4274 1
4275 1
4276 1
4277 0
4278 1
4279 0
4280 0
4281 1
4282 1
4283 0
4284 0
4285 1
4286 1
4287 1
4288 1
4289 1
4290 1
4291 1
4292 1
4293 1
4294 0
4295 0
4296 1
4297 2
4298 1
4299 0
4300 0
4301 1
4302 0
4303 1
4304 1
4305 1
4306 1
4307 0
4308 1
4309 1
4310 1
4311 0
4312 0
4313 0
4314 1
4315 1
4316 1
4317 1
4318 0
4319 0
4320 0
4321 1
4322 0
4323 0
4324 1
4325 2
4326 0
4327 1
4328 1
4329 2
4330 1
4331 0
4332 1
4333 1
4334 1
4335 1
4336 0
4337 1
4338 0
4339 0
4340 0
4341 0
4342 1
4343 1
4344 1
4345 0
4346 0
4347 0
4348 1
4349 0
4350 0
4351 0
4352 1
4353 0
4354 1
4355 1
4356 0
4357 0
4358 1
4359 0
4360 0
4361 0
4362 1
4363 0
4364 0
4365 1
4366 1
4367 1
4368 0
4369 0
4370 1
4371 0
4372 0
4373 1
4374 1
4375 0
4376 0
4377 0
4378 1
4379 1
4380 0
4381 1
4382 0
4383 0
4384 1
4385 1
4386 1
4387 1
4388 1
4389 1
4390 1
4391 2
4392 1
4393 0
4394 1
4395 1
4396 0
4397 1
4398 1
4399 1
4400 1
4401 1
4402 1
4403 0
4404 0
4405 2
4406 1
4407 0
4408 0
4409 1
4410 1
4411 1
4412 1
4413 1
4414 0
4415 1
4416 1
4417 1
4418 0
4419 1
4420 1
4421 0
4422 1
4423 0
4424 1
4425 0
4426 1
4427 0
4428 1
4429 1
4430 0
4431 0
4432 0
4433 0
4434 1
4435 0
4436 0
4437 0
4438 1
4439 0
4440 1
4441 1
4442 1
4443 0
4444 0
4445 1
4446 0
4447 1
4448 1
4449 0
4450 1
4451 1
4452 0
4453 0
4454 0
4455 0
4456 0
4457 0
4458 2
4459 1
4460 2
4461 0
4462 1
4463 0
4464 1
4465 1
4466 1
4467 1
4468 0
4469 2
4470 1
4471 1
4472 1
4473 0
4474 1
4475 1
4476 1
4477 1
4478 1
4479 0
4480 0
4481 2
4482 1
4483 1
4484 0
4485 1
4486 1
4487 0
4488 1
4489 1
4490 1
4491 1
4492 1
4493 1
4494 1
4495 2
4496 1
4497 1
4498 1
4499 1
4500 0
4501 0
4502 1
4503 1
4504 1
4505 2
4506 1
4507 0
4508 0
4509 1
4510 0
4511 0
4512 0
4513 0
4514 0
4515 1
4516 1
4517 1
4518 1
4519 1
4520 1
4521 1
4522 0
4523 1
4524 2
4525 1
4526 0
4527 1
4528 0
4529 0
4530 2
4531 1
4532 2
4533 1
4534 0
4535 1
4536 1
4537 0
4538 2
4539 1
4540 1
4541 1
4542 0
4543 1
4544 0
4545 0
4546 1
4547 0
4548 1
4549 1
4550 0
4551 0
4552 1
4553 2
4554 1
4555 1
4556 1
4557 1
4558 0
4559 1
4560 1
4561 1
4562 0
4563 1
4564 1
4565 0
4566 0
4567 0
4568 0
4569 0
4570 1
4571 1
4572 0
4573 0
4574 1
4575 1
4576 0
4577 1
4578 1
4579 1
4580 1
4581 1
4582 1
4583 1
4584 1
4585 1
4586 0
4587 1
4588 1
4589 0
4590 1
4591 0
4592 1
4593 0
4594 1
4595 0
4596 0
4597 0
4598 1
4599 1
4600 1
4601 2
4602 0
4603 1
4604 1
4605 1
4606 1
4607 0
4608 0
4609 0
4610 0
4611 1
4612 1
4613 1
4614 0
4615 1
4616 0
4617 1
4618 0
4619 0
4620 0
4621 0
4622 1
4623 1
4624 1
4625 1
4626 1
4627 1
4628 1
4629 0
4630 0
4631 0
4632 1
4633 0
4634 0
4635 0
4636 1
4637 1
4638 1
4639 0
4640 1
4641 1
4642 0
4643 0
4644 1
4645 0
4646 0
4647 1
4648 0
4649 1
4650 0
4651 0
4652 1
4653 1
4654 0
4655 1
4656 1
4657 0
4658 1
4659 1
4660 1
4661 0
4662 0
4663 1
4664 0
4665 1
4666 1
4667 1
4668 1
4669 1
4670 0
4671 0
4672 1
4673 0
4674 0
4675 1
4676 1
4677 1
4678 0
4679 1
4680 1
4681 0
4682 1
4683 1
4684 1
4685 0
4686 1
4687 0
4688 0
4689 0
4690 1
4691 0
4692 0
4693 0
4694 1
4695 1
4696 1
4697 0
4698 0
4699 1
4700 2
4701 0
4702 0
4703 2
4704 0
4705 2
4706 1
4707 0
4708 1
4709 0
4710 1
4711 1
4712 1
4713 1
4714 0
4715 0
4716 1
4717 0
4718 1
4719 1
4720 0
4721 1
4722 1
4723 1
4724 1
4725 0
4726 0
4727 0
4728 0
4729 0
4730 0
4731 0
4732 0
4733 0
4734 0
4735 0
4736 0
4737 0
4738 0
4739 0
4740 0
4741 0
4742 0
4743 0
4744 0
4745 0
4746 0
4747 0
4748 0
4749 0
4750 0
4751 0
4752 1
4753 0
4754 0
4755 0
4756 1
4757 0
4758 0
4759 0
4760 1
4761 0
4762 1
4763 1
4764 0
4765 0
4766 2
4767 1
4768 0
4769 1
4770 0
4771 0
4772 0
4773 0
4774 0
4775 0
4776 0
4777 0
4778 0
4779 0
4780 0
4781 0
4782 0
4783 1
4784 1
4785 1
4786 0
4787 0
4788 0
4789 0
4790 0
4791 0
4792 0
4793 0
4794 0
4795 0
4796 0
4797 0
4798 0
4799 0
4800 0
4801 0
4802 0
4803 0
4804 0
4805 0
4806 0
4807 0
4808 0
4809 0
4810 0
4811 1
4812 1
4813 1
4814 1
4815 1
4816 1
4817 0
4818 0
4819 0
4820 0
4821 1
4822 0
4823 0
4824 0
4825 1
4826 0
4827 0
4828 1
4829 0
4830 0
4831 1
4832 1
4833 0
4834 0
4835 1
4836 1
4837 1
4838 0
4839 1
4840 1
4841 1
4842 1
4843 0
4844 0
4845 0
4846 0
4847 0
4848 0
4849 0
4850 0
4851 0
4852 0
4853 0
4854 0
4855 0
4856 0
4857 0
4858 0
4859 0
4860 0
4861 1
4862 1
4863 1
4864 1
4865 0
4866 0
4867 0
4868 0
4869 1
4870 0
4871 1
4872 1
4873 1
4874 1
4875 1
4876 2
4877 1
4878 0
4879 0
4880 1
4881 0
4882 1
4883 0
4884 2
4885 1
4886 1
4887 0
4888 0
4889 0
4890 1
4891 1
4892 0
4893 1
4894 0
4895 0
4896 0
4897 1
4898 0
4899 1
4900 0
4901 1
4902 1
4903 1
4904 0
4905 1
4906 0
4907 0
4908 2
4909 0
4910 0
4911 0
4912 1
4913 0
4914 0
4915 0
4916 1
4917 1
4918 0
4919 1
4920 1
4921 1
4922 1
4923 0
4924 0
4925 1
4926 0
4927 1
4928 1
4929 1
4930 0
4931 1
4932 0
4933 0
4934 0
4935 1
4936 0
4937 0
4938 0
4939 1
4940 1
4941 0
4942 0
4943 1
4944 1
4945 1
4946 2
4947 2
4948 0
4949 0
4950 0
4951 1
4952 0
4953 0
4954 0
4955 0
4956 0
4957 0
4958 0
4959 0
4960 0
4961 0
4962 0
4963 0
4964 0
4965 0
4966 0
4967 0
4968 0
4969 0
4970 0
4971 0
4972 0
4973 0
4974 1
4975 0
4976 0
4977 1
4978 1
4979 1
4980 1
4981 1
4982 0
4983 0
4984 0
4985 0
4986 0
4987 1
4988 1
4989 1
4990 0
4991 0
4992 1
4993 0
4994 1
4995 0
4996 0
4997 0
4998 1
4999 1
5000 1
5001 0
5002 1
5003 1
5004 0
5005 1
5006 1
5007 1
5008 1
5009 1
5010 1
5011 2
5012 0
5013 0
5014 0
5015 1
5016 0
5017 1
5018 1
5019 0
5020 0
5021 1
5022 0
5023 0
5024 0
5025 1
5026 1
5027 1
5028 0
5029 1
5030 1
5031 1
5032 1
5033 0
5034 1
5035 0
5036 0
5037 1
5038 1
5039 1
5040 1
5041 1
5042 1
5043 0
5044 0
5045 1
5046 0
5047 1
5048 1
5049 0
5050 1
5051 0
5052 1
5053 1
5054 1
5055 1
5056 0
5057 0
5058 0
5059 0
5060 0
5061 1
5062 0
5063 0
5064 0
5065 1
5066 0
5067 0
5068 0
5069 1
5070 2
5071 1
5072 1
5073 1
5074 0
5075 0
5076 0
5077 0
5078 0
5079 0
5080 0
5081 1
5082 1
5083 1
5084 0
5085 1
5086 0
5087 1
5088 1
5089 1
5090 1
5091 0
5092 1
5093 0
5094 1
5095 1
5096 1
5097 0
5098 1
5099 1
5100 1
5101 0
5102 1
5103 0
5104 1
5105 1
5106 1
5107 1
5108 1
5109 1
5110 0
5111 1
5112 0
5113 0
5114 0
5115 1
5116 1
5117 1
5118 1
5119 1
5120 0
5121 1
5122 1
5123 1
5124 1
5125 1
5126 0
5127 1
5128 0
5129 0
5130 0
5131 0
5132 1
5133 1
5134 1
5135 1
5136 1
5137 1
5138 0
5139 0
5140 1
5141 0
5142 1
5143 1
5144 0
5145 0
5146 1
5147 2
5148 0
5149 1
5150 0
5151 1
5152 1
5153 2
5154 0
5155 1
5156 1
5157 0
5158 1
5159 1
5160 0
5161 0
5162 0
5163 0
5164 0
5165 0
5166 0
5167 0
5168 0
5169 0
5170 0
5171 0
5172 1
5173 1
5174 0
5175 1
5176 1
5177 1
5178 0
5179 1
5180 1
5181 0
5182 1
5183 1
5184 0
5185 1
5186 0
5187 1
5188 0
5189 0
5190 1
5191 0
5192 1
5193 0
5194 0
5195 1
5196 1
5197 1
5198 1
5199 1
5200 0
5201 0
5202 1
5203 1
5204 1
5205 0
5206 1
5207 1
5208 0
5209 1
5210 1
5211 1
5212 1
5213 0
5214 0
5215 1
5216 0
5217 1
5218 0
5219 0
5220 0
5221 1
5222 1
5223 0
5224 1
5225 1
5226 1
5227 0
5228 1
5229 0
5230 0
5231 1
5232 1
5233 1
5234 1
5235 0
5236 1
5237 1
5238 0
5239 0
5240 1
5241 1
5242 1
5243 1
5244 1
5245 0
5246 0
5247 0
5248 0
5249 1
5250 1
5251 1
5252 1
5253 1
5254 0
5255 0
5256 1
5257 1
5258 1
5259 1
5260 1
5261 0
5262 1
5263 1
5264 1
5265 1
5266 1
5267 1
5268 0
5269 1
5270 1
5271 0
5272 1
5273 0
5274 1
5275 1
5276 1
5277 0
5278 1
5279 0
5280 1
5281 1
5282 1
5283 1
5284 1
5285 2
5286 0
5287 0
5288 0
5289 0
5290 1
5291 1
5292 0
5293 1
5294 1
5295 1
5296 1
5297 0
5298 0
5299 0
5300 1
5301 0
5302 1
5303 0
5304 1
5305 1
5306 1
5307 1
5308 1
5309 0
5310 0
5311 0
5312 0
5313 1
5314 1
5315 1
5316 0
5317 1
5318 0
5319 1
5320 1
5321 1
5322 0
5323 0
5324 1
5325 0
5326 1
5327 0
5328 1
5329 0
5330 1
5331 0
5332 0
5333 1
5334 0
5335 0
5336 1
5337 2
5338 1
5339 0
5340 1
5341 0
5342 1
5343 1
5344 1
5345 1
5346 0
5347 1
5348 0
5349 1
5350 1
5351 1
5352 1
5353 0
5354 1
5355 1
5356 0
5357 1
5358 2
5359 0
5360 0
5361 0
5362 0
5363 1
5364 1
5365 0
5366 0
5367 1
5368 1
5369 1
5370 0
5371 0
5372 1
5373 1
5374 0
5375 1
5376 2
5377 0
5378 1
5379 1
5380 1
5381 0
5382 1
5383 1
5384 0
5385 0
5386 0
5387 1
5388 1
5389 0
5390 1
5391 1
5392 1
5393 0
5394 0
5395 0
5396 0
5397 0
5398 0
5399 1
5400 1
5401 1
5402 0
5403 1
5404 0
5405 0
5406 1
5407 1
5408 1
5409 1
5410 1
5411 2
5412 0
5413 0
5414 1
5415 1
5416 0
5417 0
5418 1
5419 0
5420 0
5421 1
5422 0
5423 0
5424 0
5425 0
5426 0
5427 0
5428 0
5429 1
5430 0
5431 1
5432 0
5433 0
5434 0
5435 1
5436 0
5437 1
5438 1
5439 1
5440 0
5441 1
5442 0
5443 1
5444 0
5445 0
5446 1
5447 1
5448 1
5449 0
5450 1
5451 2
5452 1
5453 0
5454 1
5455 1
5456 1
5457 0
5458 1
5459 0
5460 2
5461 0
5462 1
5463 1
5464 1
5465 1
5466 0
5467 1
5468 0
5469 0
5470 1
5471 0
5472 1
5473 1
5474 0
5475 1
5476 0
5477 1
5478 1
5479 1
5480 1
5481 2
5482 0
5483 1
5484 1
5485 0
5486 0
5487 1
5488 0
5489 0
5490 1
5491 1
5492 0
5493 2
5494 0
5495 0
5496 1
5497 1
5498 1
5499 1
5500 0
5501 2
5502 1
5503 0
5504 0
5505 1
5506 1
5507 1
5508 1
5509 1
5510 1
5511 1
5512 1
5513 0
5514 0
5515 1
5516 1
5517 1
5518 0
5519 1
5520 1
5521 1
5522 0
5523 1
5524 1
5525 1
5526 0
5527 0
5528 1
5529 1
5530 0
5531 1
5532 0
5533 0
5534 1
5535 0
5536 1
5537 1
5538 0
5539 1
5540 0
5541 0
5542 0
5543 1
5544 0
5545 1
5546 0
5547 1
5548 1
5549 1
5550 0
5551 1
5552 1
5553 2
5554 1
5555 1
5556 1
5557 1
5558 1
5559 1
5560 0
5561 0
5562 0
5563 1
5564 0
5565 0
5566 0
5567 0
5568 0
5569 1
5570 0
5571 1
5572 0
5573 0
5574 0
5575 1
5576 1
5577 0
5578 1
5579 0
5580 0
5581 0
5582 1
5583 0
5584 1
5585 1
5586 1
5587 0
5588 1
5589 0
5590 1
5591 2
5592 0
5593 1
5594 1
5595 0
5596 0
5597 0
5598 1
5599 1
5600 1
5601 1
5602 0
5603 0
5604 1
5605 0
5606 0
5607 0
5608 1
5609 0
5610 0
5611 1
5612 2
5613 1
5614 2
5615 0
5616 1
5617 1
5618 0
5619 1
5620 1
5621 0
5622 1
5623 1
5624 0
5625 0
5626 0
5627 0
5628 0
5629 0
5630 1
5631 0
5632 1
5633 0
5634 1
5635 0
5636 0
5637 1
5638 1
5639 1
5640 1
5641 1
5642 0
5643 1
5644 1
5645 0
5646 0
5647 1
5648 0
5649 0
5650 1
5651 1
5652 1
5653 0
5654 1
5655 1
5656 1
5657 0
5658 0
5659 1
5660 1
5661 1
5662 1
5663 1
5664 1
5665 1
5666 0
5667 1
5668 0
5669 1
5670 1
5671 1
5672 0
5673 0
5674 1
5675 0
5676 1
5677 0
5678 2
5679 1
5680 1
5681 1
5682 0
5683 1
5684 0
5685 1
5686 1
5687 0
5688 1
5689 1
5690 0
5691 0
5692 1
5693 0
5694 1
5695 0
5696 0
5697 2
5698 0
5699 1
5700 1
5701 1
5702 1
5703 1
5704 1
5705 0
5706 2
5707 0
5708 1
5709 0
5710 1
5711 1
5712 0
5713 0
5714 0
5715 0
5716 0
5717 0
5718 1
5719 0
5720 1
5721 1
5722 1
5723 1
5724 1
5725 1
5726 1
5727 1
5728 0
5729 1
5730 1
5731 0
5732 1
5733 1
5734 0
5735 1
5736 0
5737 0
5738 1
5739 1
5740 1
5741 1
5742 1
5743 2
5744 1
5745 1
5746 0
5747 0
5748 0
5749 2
5750 1
5751 1
5752 1
5753 0
5754 0
5755 1
5756 2
5757 2
5758 1
5759 1
5760 1
5761 1
5762 1
5763 1
5764 1
5765 2
5766 1
5767 0
5768 1
5769 0
5770 0
5771 0
5772 0
5773 0
5774 0
5775 0
5776 1
5777 1
5778 1
5779 1
5780 1
5781 0
5782 0
5783 0
5784 0
5785 1
5786 0
5787 0
5788 1
5789 0
5790 1
5791 1
5792 1
5793 1
5794 1
5795 1
5796 1
5797 0
5798 1
5799 1
5800 0
5801 0
5802 1
5803 1
5804 1
5805 1
5806 1
5807 0
5808 1
5809 1
5810 1
5811 1
5812 1
5813 0
5814 0
5815 1
5816 1
5817 1
5818 0
5819 1
5820 1
5821 1
5822 1
5823 1
5824 1
5825 0
5826 0
5827 0
5828 0
5829 0
5830 1
5831 1
5832 0
5833 0
5834 0
5835 1
5836 1
5837 1
5838 1
5839 1
5840 1
5841 0
5842 1
5843 0
5844 0
5845 1
5846 1
5847 0
5848 0
5849 1
5850 0
5851 0
5852 1
5853 0
5854 1
5855 1
5856 0
5857 1
5858 0
5859 0
5860 1
5861 0
5862 0
5863 0
5864 1
5865 1
5866 1
5867 1
5868 1
5869 0
5870 1
5871 1
5872 0
5873 2
5874 1
5875 1
5876 0
5877 1
5878 1
5879 1
5880 1
5881 1
5882 1
5883 0
5884 0
5885 1
5886 0
5887 1
5888 0
5889 0
5890 1
5891 0
5892 1
5893 1
5894 0
5895 1
5896 1
5897 0
5898 1
5899 0
5900 1
5901 1
5902 0
5903 1
5904 0
5905 0
5906 0
5907 0
5908 1
5909 1
5910 1
5911 1
5912 1
5913 1
5914 0
5915 1
5916 0
5917 1
5918 0
5919 0
5920 0
5921 1
5922 1
5923 1
5924 0
5925 1
5926 0
5927 0
5928 1
5929 1
5930 0
5931 1
5932 0
5933 1
5934 0
5935 0
5936 0
5937 1
5938 0
5939 1
5940 0
5941 1
5942 0
5943 0
5944 1
5945 0
5946 1
5947 1
5948 0
5949 0
5950 1
5951 0
5952 0
5953 1
5954 0
5955 1
5956 0
5957 0
5958 1
5959 1
5960 0
5961 1
5962 1
5963 1
5964 1
5965 1
5966 0
5967 1
5968 1
5969 1
5970 1
5971 1
5972 1
5973 1
5974 0
5975 1
5976 1
5977 0
5978 1
5979 0
5980 1
5981 1
5982 1
5983 0
5984 1
5985 1
5986 1
5987 0
5988 0
5989 0
5990 1
5991 0
5992 1
5993 0
5994 1
5995 0
5996 0
5997 0
5998 1
5999 0
6000 1
6001 0
6002 1
6003 1
6004 1
6005 1
6006 1
6007 1
6008 1
6009 1
6010 1
6011 0
6012 1
6013 0
6014 1
6015 1
6016 1
6017 1
6018 0
6019 1
6020 0
6021 0
6022 1
6023 1
6024 0
6025 1
6026 0
6027 1
6028 1
6029 0
6030 0
6031 1
6032 0
6033 0
6034 1
6035 0
6036 1
6037 0
6038 1
6039 1
6040 1
6041 1
6042 0
6043 1
6044 0
6045 0
6046 0
6047 0
6048 1
6049 0
6050 0
6051 1
6052 0
6053 1
6054 1
6055 1
6056 2
6057 1
6058 1
6059 1
6060 0
6061 1
6062 0
6063 1
6064 1
6065 1
6066 0
6067 1
6068 0
6069 1
6070 0
6071 0
6072 1
6073 0
6074 1
6075 1
6076 0
6077 1
6078 0
6079 1
6080 0
6081 1
6082 0
6083 0
6084 0
6085 1
6086 1
6087 1
6088 1
6089 0
6090 1
6091 1
6092 1
6093 1
6094 1
6095 1
6096 2
6097 1
6098 0
6099 0
6100 1
6101 0
6102 0
6103 0
6104 1
6105 1
6106 0
6107 1
6108 1
6109 0
6110 1
6111 1
6112 0
6113 1
6114 0
6115 0
6116 1
6117 0
6118 0
6119 0
6120 1
6121 0
6122 0
6123 0
6124 0
6125 0
6126 2
6127 0
6128 1
6129 1
6130 0
6131 1
6132 1
6133 1
6134 0
6135 0
6136 2
6137 1
6138 1
6139 1
6140 1
6141 1
6142 0
6143 1
6144 1
6145 1
6146 1
6147 1
6148 0
6149 0
6150 1
6151 0
6152 0
6153 0
6154 1
6155 0
6156 0
6157 0
6158 0
6159 0
6160 0
6161 0
6162 0
6163 0
6164 0
6165 0
6166 0
6167 0
6168 0
6169 0
6170 1
6171 1
6172 1
6173 1
6174 1
6175 1
6176 1
6177 1
6178 1
6179 1
6180 1
6181 0
6182 0
6183 0
6184 1
6185 1
6186 0
6187 1
6188 1
6189 0
6190 0
6191 1
6192 0
6193 0
6194 1
6195 0
6196 1
6197 1
6198 2
6199 1
6200 1
6201 1
6202 1
6203 1
6204 1
6205 0
6206 0
6207 0
6208 1
6209 0
6210 1
6211 1
6212 0
6213 1
6214 0
6215 0
6216 1
6217 1
6218 0
6219 1
6220 0
6221 0
6222 0
6223 1
6224 0
6225 0
6226 0
6227 0
6228 1
6229 0
6230 0
6231 1
6232 1
6233 0
6234 1
6235 1
6236 0
6237 1
6238 1
6239 0
6240 1
6241 0
6242 1
6243 1
6244 2
6245 1
6246 1
6247 1
6248 1
6249 1
6250 1
6251 2
6252 1
6253 0
6254 1
6255 1
6256 0
6257 0
6258 1
6259 2
6260 0
6261 0
6262 0
6263 1
6264 0
6265 1
6266 0
6267 1
6268 1
6269 1
6270 1
6271 1
6272 1
6273 0
6274 0
6275 0
6276 0
6277 1
6278 1
6279 1
6280 0
6281 1
6282 1
6283 1
6284 1
6285 0
6286 0
6287 1
6288 0
6289 1
6290 0
6291 1
6292 0
6293 0
6294 1
6295 0
6296 1
6297 1
6298 0
6299 1
6300 0
6301 0
6302 1
6303 1
6304 1
6305 0
6306 0
6307 0
6308 0
6309 1
6310 1
6311 1
6312 0
6313 0
6314 1
6315 0
6316 0
6317 0
6318 1
6319 2
6320 1
6321 1
6322 0
6323 1
6324 0
6325 0
6326 1
6327 0
6328 1
6329 0
6330 1
6331 1
6332 0
6333 0
6334 1
6335 1
6336 0
6337 0
6338 1
6339 0
6340 0
6341 0
6342 0
6343 1
6344 2
6345 1
6346 1
6347 0
6348 1
6349 1
6350 1
6351 1
6352 1
6353 1
6354 1
6355 0
6356 0
6357 1
6358 0
6359 1
6360 2
6361 0
6362 0
6363 1
6364 1
6365 0
6366 1
6367 1
6368 1
6369 0
6370 1
6371 1
6372 0
6373 0
6374 1
6375 0
6376 0
6377 0
6378 1
6379 1
6380 1
6381 1
6382 0
6383 1
6384 0
6385 0
6386 0
6387 0
6388 0
6389 1
6390 1
6391 0
6392 2
6393 1
6394 0
6395 1
6396 2
6397 0
6398 0
6399 1
6400 0
6401 1
6402 0
6403 1
6404 0
6405 1
6406 1
6407 0
6408 1
6409 1
6410 0
6411 1
6412 2
6413 0
6414 1
6415 0
6416 1
6417 1
6418 1
6419 0
6420 2
6421 0
6422 1
6423 1
6424 0
6425 1
6426 0
6427 1
6428 0
6429 1
6430 1
6431 1
6432 1
6433 1
6434 0
6435 1
6436 0
6437 0
6438 1
6439 1
6440 1
6441 1
6442 1
6443 0
6444 1
6445 0
6446 0
6447 1
6448 1
6449 0
6450 0
6451 0
6452 1
6453 1
6454 0
6455 1
6456 0
6457 0
6458 1
6459 1
6460 1
6461 1
6462 0
6463 0
6464 0
6465 0
6466 0
6467 1
6468 0
6469 1
6470 1
6471 1
6472 1
6473 1
6474 0
6475 0
6476 0
6477 0
6478 1
6479 0
6480 0
6481 1
6482 1
6483 0
6484 1
6485 0
6486 1
6487 1
6488 0
6489 0
6490 1
6491 1
6492 1
6493 1
6494 1
6495 1
6496 1
6497 0
6498 0
6499 1
6500 0
6501 1
6502 1
6503 1
6504 1
6505 0
6506 1
6507 1
6508 1
6509 1
6510 0
6511 1
6512 0
6513 0
6514 0
6515 0
6516 1
6517 2
6518 0
6519 0
6520 0
6521 0
6522 0
6523 0
6524 1
6525 1
6526 0
6527 0
6528 0
6529 0
6530 1
6531 0
6532 1
6533 0
6534 1
6535 0
6536 0
6537 0
6538 0
6539 0
6540 0
6541 1
6542 0
6543 1
6544 0
6545 0
6546 0
6547 0
6548 0
6549 1
6550 1
6551 0
6552 0
6553 0
6554 0
6555 0
6556 0
6557 1
6558 0
6559 0
6560 0
6561 2
6562 0
6563 0
6564 0
6565 0
6566 1
6567 0
6568 0
6569 0
6570 0
6571 0
6572 0
6573 0
6574 0
6575 0
6576 0
6577 0
6578 0
6579 0
6580 0
6581 1
6582 1
6583 0
6584 1
6585 0
6586 1
6587 0
6588 1
6589 0
6590 0
6591 1
6592 0
6593 0
6594 1
6595 1
6596 1
6597 1
6598 2
6599 0
6600 0
6601 0
6602 1
6603 1
6604 1
6605 1
6606 1
6607 0
6608 1
6609 1
6610 0
6611 1
6612 1
6613 0
6614 0
6615 0
6616 0
6617 0
6618 0
6619 0
6620 0
6621 0
6622 1
6623 0
6624 1
6625 1
6626 0
6627 1
6628 1
6629 1
6630 1
6631 0
6632 0
6633 0
6634 0
6635 0
6636 0
6637 1
6638 0
6639 2
6640 1
6641 0
6642 1
6643 0
6644 2
6645 1
6646 1
6647 1
6648 1
6649 1
6650 0
6651 1
6652 1
6653 1
6654 0
6655 1
6656 1
6657 1
6658 1
6659 0
6660 1
6661 0
6662 0
6663 1
6664 0
6665 0
6666 0
6667 0
6668 0
6669 0
6670 1
6671 1
6672 0
6673 0
6674 0
6675 0
6676 1
6677 1
6678 0
6679 0
6680 0
6681 1
6682 0
6683 0
6684 0
6685 0
6686 0
6687 0
6688 0
6689 0
6690 0
6691 0
6692 0
6693 0
6694 0
6695 0
6696 0
6697 0
6698 0
6699 0
6700 0
6701 0
6702 0
6703 0
6704 0
6705 0
6706 1
6707 1
6708 1
6709 0
6710 1
6711 1
6712 1
6713 0
6714 1
6715 1
6716 0
6717 0
6718 1
6719 1
6720 1
6721 1
6722 1
6723 1
6724 1
6725 0
6726 0
6727 1
6728 0
6729 1
6730 0
6731 1
6732 0
6733 1
6734 0
6735 0
6736 0
6737 0
6738 0
6739 0
6740 0
6741 0
6742 0
6743 0
6744 1
6745 0
6746 1
6747 0
6748 2
6749 1
6750 0
6751 0
6752 0
6753 1
6754 1
6755 0
6756 1
6757 1
6758 0
6759 0
6760 0
6761 1
6762 1
6763 0
6764 0
6765 1
6766 0
6767 1
6768 0
6769 0
6770 0
6771 0
6772 1
6773 0
6774 0
6775 2
6776 2
6777 2
6778 1
6779 0
6780 1
6781 1
6782 1
6783 0
6784 2
6785 1
6786 1
6787 0
6788 0
6789 1
6790 0
6791 1
6792 0
6793 1
6794 1
6795 2
6796 1
6797 1
6798 1
6799 1
6800 1
6801 1
6802 2
6803 1
6804 0
6805 1
6806 1
6807 1
6808 0
6809 0
6810 1
6811 1
6812 1
6813 1
6814 0
6815 1
6816 0
6817 1
6818 0
6819 0
6820 1
6821 0
6822 0
6823 1
6824 1
6825 0
6826 1
6827 1
6828 0
6829 1
6830 0
6831 0
6832 0
6833 0
6834 0
6835 0
6836 2
6837 1
6838 1
6839 0
6840 1
6841 1
6842 1
6843 0
6844 1
6845 0
6846 1
6847 1
6848 0
6849 1
6850 1
6851 1
6852 1
6853 0
6854 0
6855 1
6856 0
6857 1
6858 1
6859 0
6860 1
6861 1
6862 1
6863 0
6864 0
6865 1
6866 1
6867 1
6868 1
6869 1
6870 0
6871 0
6872 1
6873 1
6874 0
6875 1
6876 0
6877 1
6878 1
6879 0
6880 1
6881 1
6882 0
6883 0
6884 1
6885 1
6886 1
6887 1
6888 0
6889 0
6890 0
6891 0
6892 0
6893 0
6894 1
6895 1
6896 1
6897 1
6898 1
6899 1
6900 2
6901 1
6902 0
6903 0
6904 0
6905 1
6906 0
6907 1
6908 0
6909 1
6910 2
6911 1
6912 1
6913 0
6914 1
6915 1
6916 0
6917 0
6918 1
6919 1
6920 0
6921 0
6922 0
6923 0
6924 1
6925 0
6926 1
6927 0
6928 0
6929 1
6930 1
6931 0
6932 2
6933 0
6934 0
6935 1
6936 0
6937 1
6938 0
6939 0
6940 0
6941 1
6942 1
6943 1
6944 0
6945 0
6946 2
6947 0
6948 0
6949 0
6950 0
6951 1
6952 0
6953 1
6954 0
6955 1
6956 0
6957 0
6958 1
6959 0
6960 0
6961 1
6962 0
6963 0
6964 0
6965 0
6966 0
6967 0
6968 0
6969 0
6970 0
6971 0
6972 0
6973 0
6974 0
6975 0
6976 0
6977 0
6978 0
6979 0
6980 0
6981 1
6982 1
6983 1
6984 1
6985 0
6986 0
6987 0
6988 0
6989 0
6990 0
6991 0
6992 0
6993 0
6994 0
6995 0
6996 0
6997 0
6998 0
6999 0
7000 0
7001 0
7002 0
7003 0
7004 0
7005 0
7006 0
7007 0
7008 0
7009 0
7010 0
7011 0
7012 0
7013 0
7014 0
7015 0
7016 0
7017 0
7018 1
7019 1
7020 0
7021 0
7022 0
7023 0
7024 0
7025 0
7026 0
7027 0
7028 0
7029 1
7030 1
7031 1
7032 1
7033 1
7034 1
7035 0
7036 1
7037 0
7038 0
7039 0
7040 1
7041 1
7042 0
7043 1
7044 0
7045 1
7046 1
7047 2
7048 1
7049 0
7050 1
7051 1
7052 0
7053 1
7054 0
7055 0
7056 2
7057 1
7058 0
7059 0
7060 0
7061 1
7062 0
7063 0
7064 0
7065 0
7066 0
7067 0
7068 0
7069 0
7070 0
7071 0
7072 1
7073 1
7074 1
7075 0
7076 1
7077 0
7078 1
7079 1
7080 0
7081 1
7082 1
7083 1
7084 1
7085 0
7086 1
7087 1
7088 1
7089 1
7090 0
7091 0
7092 0
7093 1
7094 0
7095 1
7096 1
7097 1
7098 1
7099 1
7100 1
7101 1
7102 1
7103 0
7104 0
7105 1
7106 1
7107 1
7108 1
7109 1
7110 1
7111 0
7112 0
7113 0
7114 1
7115 1
7116 0
7117 1
7118 0
7119 0
7120 1
7121 0
7122 0
7123 1
7124 0
7125 1
7126 1
7127 1
7128 1
7129 0
7130 1
7131 0
7132 0
7133 0
7134 1
7135 1
7136 1
7137 0
7138 0
7139 0
7140 1
7141 1
7142 0
7143 1
7144 1
7145 1
7146 0
7147 1
7148 1
7149 0
7150 1
7151 1
7152 0
7153 0
7154 0
7155 0
7156 0
7157 1
7158 0
7159 1
7160 1
7161 0
7162 1
7163 1
7164 1
7165 0
7166 0
7167 1
7168 0
7169 0
7170 0
7171 1
7172 0
7173 1
7174 1
7175 1
7176 1
7177 1
7178 1
7179 1
7180 1
7181 1
7182 0
7183 0
7184 1
7185 0
7186 0
7187 0
7188 0
7189 1
7190 1
7191 1
7192 1
7193 0
7194 0
7195 1
7196 1
7197 1
7198 0
7199 0
7200 1
7201 1
7202 1
7203 0
7204 1
7205 1
7206 0
7207 0
7208 2
7209 1
7210 0
7211 1
7212 0
7213 0
7214 1
7215 1
7216 1
7217 0
7218 0
7219 1
7220 1
7221 2
7222 0
7223 0
7224 0
7225 1
7226 1
7227 0
7228 1
7229 1
7230 0
7231 1
7232 1
7233 0
7234 0
7235 0
7236 0
7237 1
7238 0
7239 1
7240 1
7241 0
7242 1
7243 0
7244 0
7245 1
7246 1
7247 1
7248 1
7249 1
7250 0
7251 0
7252 1
7253 0
7254 1
7255 0
7256 0
7257 1
7258 1
7259 1
7260 0
7261 0
7262 2
7263 1
7264 2
7265 1
7266 0
7267 1
7268 1
7269 1
7270 1
7271 0
7272 0
7273 1
7274 0
7275 1
7276 0
7277 1
7278 0
7279 0
7280 1
7281 1
7282 1
7283 1
7284 0
7285 0
7286 1
7287 1
7288 0
7289 1
7290 1
7291 0
7292 0
7293 1
7294 1
7295 1
7296 2
7297 1
7298 1
7299 1
7300 0
7301 0
7302 1
7303 1
7304 1
7305 0
7306 1
7307 0
7308 1
7309 1
7310 1
7311 1
7312 1
7313 1
7314 2
7315 0
7316 1
7317 1
7318 0
7319 1
7320 1
7321 1
7322 0
7323 1
7324 0
7325 1
7326 1
7327 1
7328 1
7329 1
7330 1
7331 0
7332 1
7333 1
7334 0
7335 0
7336 1
7337 1
7338 0
7339 1
7340 1
7341 1
7342 0
7343 1
7344 1
7345 1
7346 0
7347 0
7348 1
7349 2
7350 1
7351 0
7352 1
7353 0
7354 0
7355 2
7356 0
7357 1
7358 1
7359 1
7360 1
7361 0
7362 1
7363 0
7364 1
7365 1
7366 1
7367 1
7368 1
7369 0
7370 1
7371 1
7372 1
7373 0
7374 1
7375 0
7376 1
7377 1
7378 0
7379 1
7380 1
7381 1
7382 1
7383 2
7384 1
7385 1
7386 1
7387 0
7388 0
7389 0
7390 1
7391 1
7392 1
7393 0
7394 1
7395 0
7396 1
7397 0
7398 1
7399 0
7400 0
7401 0
7402 1
7403 1
7404 1
7405 0
7406 1
7407 1
7408 0
7409 1
7410 1
7411 0
7412 2
7413 1
7414 0
7415 0
7416 0
7417 1
7418 0
7419 0
7420 0
7421 0
7422 1
7423 1
7424 1
7425 1
7426 1
7427 1
7428 0
7429 0
7430 0
7431 0
7432 1
7433 1
7434 2
7435 0
7436 0
7437 1
7438 1
7439 0
7440 0
7441 0
7442 1
7443 1
7444 1
7445 1
7446 0
7447 1
7448 1
7449 0
7450 2
7451 1
7452 1
7453 0
7454 1
7455 1
7456 1
7457 1
7458 1
7459 0
7460 0
7461 1
7462 1
7463 0
7464 0
7465 1
7466 0
7467 1
7468 1
7469 2
7470 1
7471 0
7472 0
7473 1
7474 1
7475 1
7476 0
7477 0
7478 1
7479 0
7480 0
7481 0
7482 1
7483 0
7484 1
7485 1
7486 1
7487 0
7488 2
7489 0
7490 1
7491 1
7492 1
7493 1
7494 1
7495 1
7496 1
7497 1
7498 1
7499 1
7500 1
7501 0
7502 0
7503 1
7504 1
7505 1
7506 1
7507 0
7508 1
7509 0
7510 0
7511 1
7512 1
7513 0
7514 1
7515 0
7516 0
7517 1
7518 1
7519 0
7520 2
7521 1
7522 0
7523 0
7524 1
7525 0
7526 0
7527 0
7528 0
7529 0
7530 0
7531 0
7532 0
7533 0
7534 0
7535 0
7536 0
7537 0
7538 0
7539 0
7540 0
7541 0
7542 1
7543 0
7544 0
7545 1
7546 1
7547 1
7548 0
7549 1
7550 0
7551 0
7552 0
7553 0
7554 0
7555 0
7556 0
7557 1
7558 1
7559 1
7560 1
7561 1
7562 1
7563 0
7564 0
7565 0
7566 1
7567 0
7568 0
7569 0
7570 1
7571 0
7572 1
7573 0
7574 0
7575 1
7576 1
7577 1
7578 1
7579 0
7580 1
7581 1
7582 0
7583 1
7584 0
7585 1
7586 0
7587 0
7588 0
7589 0
7590 0
7591 1
7592 0
7593 0
7594 0
7595 0
7596 0
7597 0
7598 0
7599 0
7600 1
7601 1
7602 0
7603 1
7604 1
7605 1
7606 1
7607 1
7608 0
7609 1
7610 1
7611 1
7612 1
7613 1
7614 1
7615 1
7616 1
7617 0
7618 1
7619 1
7620 1
7621 1
7622 1
7623 0
7624 0
7625 0
7626 0
7627 0
7628 0
7629 0
7630 0
7631 0
7632 1
7633 0
7634 0
7635 0
7636 0
7637 0
7638 0
7639 0
7640 0
7641 0
7642 0
7643 0
7644 0
7645 0
7646 0
7647 0
7648 1
7649 0
7650 1
7651 1
7652 1
7653 1
7654 0
7655 1
7656 1
7657 1
7658 0
7659 1
7660 1
7661 0
7662 1
7663 0
7664 0
7665 1
7666 0
7667 0
7668 1
7669 1
7670 0
7671 1
7672 1
7673 1
7674 1
7675 0
7676 0
7677 1
7678 1
7679 0
7680 1
7681 0
7682 1
7683 1
7684 1
7685 0
7686 1
7687 1
7688 1
7689 0
7690 1
7691 1
7692 0
7693 0
7694 1
7695 0
7696 1
7697 1
7698 1
7699 1
7700 0
7701 0
7702 0
7703 1
7704 1
7705 1
7706 1
7707 1
7708 1
7709 1
7710 1
7711 0
7712 1
7713 0
7714 1
7715 1
7716 1
7717 0
7718 1
7719 0
7720 0
7721 1
7722 1
7723 1
7724 0
7725 0
7726 1
7727 0
7728 1
7729 0
7730 1
7731 1
7732 0
7733 0
7734 0
7735 1
7736 0
7737 0
7738 0
7739 0
7740 0
7741 0
7742 1
7743 1
7744 2
7745 1
7746 1
7747 1
7748 0
7749 1
7750 0
7751 1
7752 0
7753 2
7754 0
7755 0
7756 1
7757 1
7758 0
7759 1
7760 1
7761 1
7762 1
7763 1
7764 1
7765 1
7766 1
7767 0
7768 0
7769 1
7770 1
7771 0
7772 1
7773 1
7774 1
7775 1
7776 1
7777 0
7778 1
7779 1
7780 1
7781 0
7782 1
7783 1
7784 0
7785 0
7786 1
7787 1
7788 0
7789 0
7790 1
7791 1
7792 0
7793 1
7794 1
7795 1
7796 1
7797 1
7798 1
7799 0
7800 0
7801 0
7802 0
7803 1
7804 1
7805 0
7806 0
7807 0
7808 0
7809 1
7810 1
7811 1
7812 1
7813 0
7814 1
7815 2
7816 1
7817 2
7818 1
7819 0
7820 1
7821 1
7822 2
7823 1
7824 1
7825 1
7826 0
7827 1
7828 2
7829 1
7830 0
7831 1
7832 1
7833 0
7834 1
7835 2
7836 1
7837 1
7838 0
7839 0
7840 0
7841 0
7842 1
7843 1
7844 1
7845 1
7846 2
7847 1
7848 1
7849 1
7850 1
7851 1
7852 1
7853 1
7854 0
7855 1
7856 1
7857 1
7858 0
7859 1
7860 0
7861 1
7862 1
7863 1
7864 1
7865 1
7866 0
7867 1
7868 1
7869 1
7870 0
7871 1
7872 1
7873 1
7874 1
7875 1
7876 0
7877 1
7878 1
7879 1
7880 1
7881 0
7882 1
7883 0
7884 1
7885 1
7886 0
7887 0
7888 1
7889 1
7890 1
7891 1
7892 0
7893 1
7894 0
7895 1
7896 1
7897 1
7898 0
7899 0
7900 1
7901 1
7902 1
7903 1
7904 0
7905 1
7906 1
7907 1
7908 0
7909 0
7910 0
7911 0
7912 0
7913 0
7914 0
7915 0
7916 0
7917 0
7918 1
7919 0
7920 0
7921 0
7922 0
7923 0
7924 1
7925 0
7926 0
7927 0
7928 1
7929 1
7930 0
7931 0
7932 0
7933 0
7934 0
7935 0
7936 0
7937 1
7938 0
7939 0
7940 1
7941 0
7942 0
7943 0
7944 0
7945 0
7946 0
7947 1
7948 0
7949 0
7950 1
7951 0
7952 1
7953 0
7954 0
7955 0
7956 1
7957 0
7958 0
7959 1
7960 1
7961 1
7962 1
7963 1
7964 0
7965 1
7966 1
7967 0
7968 0
7969 1
7970 0
7971 0
7972 0
7973 0
7974 0
7975 0
7976 0
7977 0
7978 0
7979 0
7980 0
7981 0
7982 0
7983 0
7984 1
7985 0
7986 0
7987 1
7988 1
7989 0
7990 0
7991 0
7992 0
7993 1
7994 1
7995 1
7996 0
7997 0
7998 1
7999 0
8000 0
8001 0
8002 1
8003 0
8004 1
8005 0
8006 1
8007 1
8008 0
8009 1
8010 0
8011 1
8012 0
8013 0
8014 1
8015 1
8016 1
8017 1
8018 0
8019 1
8020 0
8021 0
8022 1
8023 0
8024 0
8025 0
8026 0
8027 1
8028 0
8029 0
8030 0
8031 0
8032 1
8033 0
8034 0
8035 0
8036 0
8037 0
8038 0
8039 0
8040 0
8041 1
8042 0
8043 0
8044 0
8045 0
8046 0
8047 0
8048 0
8049 1
8050 0
8051 0
8052 0
8053 0
8054 0
8055 0
8056 1
8057 0
8058 0
8059 0
8060 0
8061 0
8062 0
8063 1
8064 0
8065 0
8066 0
8067 0
8068 0
8069 0
8070 0
8071 0
8072 0
8073 1
8074 0
8075 0
8076 0
8077 1
8078 1
8079 0
8080 1
8081 0
8082 0
8083 1
8084 1
8085 1
8086 1
8087 0
8088 0
8089 0
8090 1
8091 0
8092 0
8093 0
8094 0
8095 0
8096 0
8097 0
8098 0
8099 1
8100 1
8101 0
8102 0
8103 1
8104 1
8105 1
8106 0
8107 1
8108 1
8109 0
8110 1
8111 1
8112 0
8113 1
8114 0
8115 0
8116 0
8117 1
8118 1
8119 0
8120 0
8121 1
8122 0
8123 0
8124 0
8125 0
8126 0
8127 0
8128 1
8129 1
8130 0
8131 0
8132 1
8133 0
8134 0
8135 0
8136 0
8137 1
8138 0
8139 0
8140 0
8141 0
8142 1
8143 1
8144 0
8145 0
8146 0
8147 1
8148 0
8149 1
8150 0
8151 1
8152 0
8153 1
8154 0
8155 2
8156 0
8157 1
8158 1
8159 0
8160 1
8161 1
8162 0
8163 1
8164 0
8165 0
8166 1
8167 0
8168 0
8169 0
8170 0
8171 0
8172 0
8173 0
8174 0
8175 0
8176 0
8177 0
8178 0
8179 0
8180 0
8181 0
8182 0
8183 0
8184 0
8185 0
8186 0
8187 0
8188 0
8189 0
8190 0
8191 0
8192 0
8193 0
8194 0
8195 0
8196 0
8197 0
8198 0
8199 0
8200 0
8201 0
8202 0
8203 0
8204 0
8205 0
8206 0
8207 0
8208 0
8209 0
8210 0
8211 0
8212 1
8213 1
8214 0
8215 1
8216 0
8217 0
8218 1
8219 0
8220 1
8221 1
8222 0
8223 0
8224 0
8225 2
8226 0
8227 2
8228 2
8229 1
8230 3
8231 1
8232 1
8233 0
8234 1
8235 1
8236 2
8237 1
8238 1
8239 1
8240 1
8241 1
8242 2
8243 1
8244 1
8245 2
8246 2
8247 1
8248 1
8249 2
8250 0
8251 1
8252 0
8253 1
8254 1
8255 1
8256 2
8257 2
8258 1
8259 2
8260 0
8261 2
8262 2
8263 1
8264 1
8265 2
8266 1
8267 2
8268 2
8269 2
8270 1
8271 1
8272 2
8273 2
8274 1
8275 2
8276 0
8277 2
8278 1
8279 1
8280 2
8281 2
8282 2
8283 1
8284 2
8285 3
8286 2
8287 1
8288 1
8289 1
8290 2
8291 1
8292 0
8293 0
8294 1
8295 2
8296 1
8297 1
8298 2
8299 1
8300 2
8301 1
8302 2
8303 2
8304 2
8305 2
8306 0
8307 1
8308 2
8309 1
8310 1
8311 1
8312 2
8313 1
8314 1
8315 3
8316 2
8317 1
8318 2
8319 2
8320 2
8321 2
8322 1
8323 2
8324 1
8325 2
8326 1
8327 2
8328 2
8329 1
8330 1
8331 0
8332 3
8333 1
8334 1
8335 1
8336 3
8337 2
8338 1
8339 2
8340 2
8341 1
8342 1
8343 1
8344 1
8345 2
8346 1
8347 0
8348 2
8349 1
8350 2
8351 1
8352 2
8353 2
8354 2
8355 2
8356 2
8357 0
8358 1
8359 2
8360 0
8361 1
8362 2
8363 2
8364 1
8365 2
8366 3
8367 2
8368 2
8369 1
8370 1
8371 3
8372 3
8373 1
8374 1
8375 1
8376 2
8377 2
8378 2
8379 1
8380 1
8381 1
8382 0
8383 1
8384 1
8385 0
8386 0
8387 0
8388 0
8389 0
8390 0
8391 0
8392 0
8393 0
8394 0
8395 0
8396 0
8397 0
8398 0
8399 0
8400 1
8401 1
8402 1
8403 1
8404 1
8405 1
8406 0
8407 0
8408 0
8409 0
8410 1
8411 1
8412 1
8413 1
8414 1
8415 1
8416 0
8417 0
8418 0
8419 0
8420 0
8421 1
8422 1
8423 0
8424 1
8425 1
8426 1
8427 1
8428 1
8429 1
8430 1
8431 1
8432 1
8433 0
8434 1
8435 0
8436 1
8437 1
8438 1
8439 1
8440 0
8441 1
8442 1
8443 1
8444 0
8445 1
8446 1
8447 1
8448 0
8449 0
8450 0
8451 0
8452 0
8453 1
8454 1
8455 1
8456 0
8457 0
8458 1
8459 0
8460 1
8461 0
8462 0
8463 1
8464 2
8465 1
8466 1
8467 1
8468 1
8469 1
8470 1
8471 1
8472 1
8473 0
8474 1
8475 1
8476 1
8477 1
8478 0
8479 0
8480 1
8481 0
8482 0
8483 0
8484 0
8485 0
8486 0
8487 0
8488 0
8489 0
8490 0
8491 1
8492 1
8493 1
8494 0
8495 1
8496 1
8497 1
8498 0
8499 0
8500 0
8501 0
8502 0
8503 1
8504 0
8505 0
8506 0
8507 0
8508 1
8509 1
8510 1
8511 1
8512 0
8513 1
8514 1
8515 1
8516 1
8517 0
8518 0
8519 0
8520 1
8521 0
8522 0
8523 1
8524 0
8525 1
8526 1
8527 0
8528 1
8529 0
8530 1
8531 0
8532 0
8533 0
8534 1
8535 0
8536 1
8537 0
8538 0
8539 1
8540 0
8541 1
8542 0
8543 0
8544 0
8545 1
8546 0
8547 0
8548 0
8549 0
8550 0
8551 0
8552 0
8553 0
8554 0
8555 0
8556 0
8557 1
8558 1
8559 1
8560 0
8561 1
8562 1
8563 0
8564 1
8565 1
8566 1
8567 0
8568 1
8569 0
8570 1
8571 1
8572 1
8573 1
8574 1
8575 0
8576 1
8577 0
8578 1
8579 1
8580 1
8581 1
8582 0
8583 0
8584 0
8585 0
8586 0
8587 1
8588 0
8589 0
8590 0
8591 0
8592 0
8593 0
8594 0
8595 1
8596 1
8597 0
8598 1
8599 0
8600 0
8601 0
8602 0
8603 0
8604 0
8605 1
8606 1
8607 0
8608 1
8609 1
8610 1
8611 0
8612 1
8613 0
8614 1
8615 0
8616 0
8617 1
8618 1
8619 1
8620 0
8621 0
8622 1
8623 1
8624 1
8625 0
8626 0
8627 1
8628 0
8629 1
8630 1
8631 1
8632 0
8633 1
8634 1
8635 0
8636 0
8637 1
8638 0
8639 1
8640 0
8641 1
8642 1
8643 1
8644 1
8645 1
8646 1
8647 1
8648 1
8649 0
8650 1
8651 0
8652 1
8653 1
8654 1
8655 1
8656 0
8657 1
8658 0
8659 1
8660 0
8661 0
8662 0
8663 1
8664 1
8665 1
8666 0
8667 0
8668 0
8669 1
8670 1
8671 1
8672 0
8673 0
8674 0
8675 1
8676 0
8677 0
8678 1
8679 1
8680 1
8681 0
8682 0
8683 0
8684 1
8685 1
8686 0
8687 0
8688 1
8689 0
8690 1
8691 0
8692 1
8693 0
8694 0
8695 0
8696 0
8697 1
8698 0
8699 1
8700 0
8701 0
8702 1
8703 0
8704 0
8705 0
8706 1
8707 0
8708 0
8709 0
8710 0
8711 0
8712 0
8713 0
8714 0
8715 0
8716 0
8717 0
8718 0
8719 0
8720 0
8721 0
8722 0
8723 0
8724 1
8725 0
8726 0
8727 0
8728 0
8729 0
8730 0
8731 0
8732 0
8733 0
8734 0
8735 1
8736 0
8737 0
8738 0
8739 0
8740 0
8741 0
8742 0
8743 0
8744 0
8745 0
8746 0
8747 0
8748 0
8749 0
8750 0
8751 1
8752 0
8753 0
8754 0
8755 0
8756 0
8757 0
8758 0
8759 0
8760 0
8761 0
8762 0
8763 0
8764 0
8765 0
8766 1
8767 0
8768 1
8769 0
8770 0
8771 0
8772 0
8773 0
8774 0
8775 0
8776 0
8777 0
8778 0
8779 0
8780 0
8781 0
8782 0
8783 1
8784 0
8785 1
8786 0
8787 1
8788 0
8789 0
8790 0
8791 1
8792 1
8793 1
8794 1
8795 1
8796 1
8797 1
8798 0
8799 0
8800 0
8801 0
8802 0
8803 0
8804 0
8805 0
8806 0
8807 0
8808 0
8809 0
8810 0
8811 0
8812 0
8813 0
8814 0
8815 0
8816 0
8817 0
8818 0
8819 0
8820 0
8821 0
8822 0
8823 1
8824 0
8825 0
8826 0
8827 0
8828 1
8829 0
8830 0
8831 0
8832 0
8833 0
8834 0
8835 0
8836 0
8837 0
8838 1
8839 0
8840 0
8841 0
8842 0
8843 0
8844 0
8845 0
8846 1
8847 0
8848 0
8849 0
8850 1
8851 0
8852 0
8853 1
8854 1
8855 1
8856 0
8857 1
8858 0
8859 0
8860 0
8861 1
8862 1
8863 1
8864 1
8865 0
8866 0
8867 1
8868 1
8869 1
8870 0
8871 1
8872 1
8873 1
8874 1
8875 0
8876 0
8877 1
8878 1
8879 0
8880 0
8881 0
8882 0
8883 1
8884 0
8885 0
8886 0
8887 0
8888 0
8889 0
8890 1
8891 1
8892 1
8893 0
8894 0
8895 1
8896 0
8897 0
8898 1
8899 0
8900 0
8901 1
8902 0
8903 0
8904 0
8905 0
8906 0
8907 0
8908 0
8909 1
8910 0
8911 1
8912 0
8913 0
8914 0
8915 0
8916 0
8917 0
8918 0
8919 0
8920 0
8921 0
8922 0
8923 0
8924 0
8925 0
8926 0
8927 0
8928 0
8929 1
8930 0
8931 1
8932 0
8933 0
8934 1
8935 0
8936 0
8937 1
8938 0
8939 1
8940 1
8941 0
8942 1
8943 0
8944 0
8945 0
8946 0
8947 1
8948 0
8949 0
8950 0
8951 0
8952 0
8953 1
8954 0
8955 0
8956 0
8957 1
8958 1
8959 0
8960 0
8961 0
8962 1
8963 0
8964 0
8965 0
8966 0
8967 1
8968 0
8969 0
8970 0
8971 0
8972 0
8973 0
8974 0
8975 1
8976 0
8977 0
8978 0
8979 1
8980 0
8981 1
8982 0
8983 1
8984 0
8985 1
8986 1
8987 1
8988 0
8989 0
8990 0
8991 0
8992 0
8993 0
8994 1
8995 0
8996 0
8997 0
8998 0
8999 0
9000 0
9001 0
9002 1
9003 1
9004 1
9005 0
9006 0
9007 0
9008 1
9009 0
9010 1
9011 1
9012 0
9013 0
9014 0
9015 1
9016 0
9017 0
9018 1
9019 0
9020 1
9021 0
9022 1
9023 1
9024 0
9025 1
9026 0
9027 0
9028 1
9029 0
9030 1
9031 0
9032 0
9033 1
9034 1
9035 0
9036 1
9037 1
9038 1
9039 1
9040 0
9041 0
9042 1
9043 0
9044 1
9045 0
9046 1
9047 0
9048 1
9049 0
9050 1
9051 0
9052 0
9053 0
9054 0
9055 1
9056 0
9057 0
9058 1
9059 1
9060 0
9061 1
9062 1
9063 1
9064 0
9065 1
9066 1
9067 1
9068 1
9069 0
9070 0
9071 0
9072 0
9073 0
9074 0
9075 0
9076 0
9077 0
9078 1
9079 1
9080 1
9081 1
9082 1
9083 1
9084 0
9085 0
9086 1
9087 1
9088 1
9089 1
9090 0
9091 0
9092 1
9093 0
9094 0
9095 1
9096 1
9097 0
9098 1
9099 1
9100 0
9101 0
9102 1
9103 0
9104 0
9105 1
9106 0
9107 1
9108 1
9109 1
9110 0
9111 0
9112 1
9113 1
9114 0
9115 0
9116 0
9117 0
9118 1
9119 1
9120 1
9121 1
9122 1
9123 0
9124 1
9125 0
9126 0
9127 1
9128 1
9129 1
9130 1
9131 0
9132 1
9133 1
9134 1
9135 1
9136 0
9137 1
9138 1
9139 0
9140 1
9141 1
9142 1
9143 0
9144 1
9145 0
9146 1
9147 1
9148 1
9149 0
9150 1
9151 1
9152 0
9153 0
9154 0
9155 0
9156 1
9157 1
9158 0
9159 1
9160 0
9161 0
9162 0
9163 0
9164 0
9165 0
9166 0
9167 0
9168 0
9169 0
9170 0
9171 1
9172 1
9173 0
9174 1
9175 1
9176 0
9177 0
9178 0
9179 0
9180 0
9181 0
9182 0
9183 0
9184 0
9185 0
9186 0
9187 1
9188 1
9189 1
9190 1
9191 1
9192 1
9193 1
9194 1
9195 0
9196 1
9197 0
9198 1
9199 0
9200 1
9201 0
9202 0
9203 1
9204 1
9205 0
9206 0
9207 0
9208 0
9209 0
9210 0
9211 1
9212 1
9213 1
9214 1
9215 0
9216 1
9217 0
9218 1
9219 0
9220 1
9221 0
9222 0
9223 1
9224 0
9225 1
9226 0
9227 0
9228 0
9229 1
9230 1
9231 0
9232 1
9233 0
9234 1
9235 0
9236 0
9237 1
9238 0
9239 0
9240 0
9241 0
9242 0
9243 1
9244 0
9245 0
9246 0
9247 0
9248 0
9249 0
9250 0
9251 0
9252 1
9253 0
9254 1
9255 0
9256 1
9257 0
9258 0
9259 0
9260 1
9261 0
9262 1
9263 1
9264 0
9265 1
9266 1
9267 1
9268 0
9269 1
9270 0
9271 0
9272 0
9273 1
9274 0
9275 0
9276 1
9277 1
9278 1
9279 0
9280 1
9281 1
9282 1
9283 0
9284 2
9285 1
9286 0
9287 0
9288 0
9289 1
9290 1
9291 1
9292 0
9293 0
9294 0
9295 0
9296 1
9297 1
9298 0
9299 1
9300 0
9301 0
9302 1
9303 0
9304 0
9305 1
9306 1
9307 0
9308 0
9309 0
9310 0
9311 0
9312 1
9313 0
9314 0
9315 1
9316 0
9317 0
9318 0
9319 0
9320 1
9321 0
9322 0
9323 0
9324 1
9325 1
9326 0
9327 1
9328 0
9329 1
9330 0
9331 0
9332 1
9333 0
9334 1
9335 0
9336 1
9337 2
9338 2
9339 0
9340 1
9341 1
9342 1
9343 0
9344 0
9345 1
9346 0
9347 0
9348 0
9349 0
9350 0
9351 0
9352 1
9353 0
9354 1
9355 1
9356 0
9357 0
9358 1
9359 1
9360 1
9361 1
9362 0
9363 0
9364 0
9365 0
9366 1
9367 1
9368 0
9369 0
9370 0
9371 1
9372 0
9373 1
9374 0
9375 0
9376 0
9377 0
9378 0
9379 0
9380 0
9381 0
9382 0
9383 1
9384 1
9385 0
9386 0
9387 0
9388 0
9389 0
9390 0
9391 1
9392 1
9393 1
9394 0
9395 1
9396 1
9397 1
9398 2
9399 0
9400 1
9401 0
9402 1
9403 1
9404 0
9405 1
9406 0
9407 0
9408 0
9409 1
9410 1
9411 1
9412 0
9413 2
9414 1
9415 0
9416 0
9417 1
9418 1
9419 0
9420 1
9421 0
9422 1
9423 1
9424 0
9425 1
9426 1
9427 0
9428 1
9429 1
9430 0
9431 1
9432 1
9433 1
9434 1
9435 1
9436 1
9437 1
9438 0
9439 1
9440 1
9441 0
9442 0
9443 1
9444 0
9445 0
9446 0
9447 0
9448 1
9449 1
9450 1
9451 1
9452 1
9453 0
9454 1
9455 1
9456 1
9457 0
9458 1
9459 1
9460 0
9461 1
9462 1
9463 1
9464 0
9465 1
9466 1
9467 1
9468 1
9469 0
9470 1
9471 1
9472 1
9473 1
9474 0
9475 1
9476 0
9477 0
9478 1
9479 0
9480 1
9481 1
9482 0
9483 1
9484 0
9485 0
9486 0
9487 1
9488 0
9489 0
9490 0
9491 1
9492 0
9493 0
9494 1
9495 1
9496 1
9497 1
9498 0
9499 0
9500 0
9501 0
9502 0
9503 0
9504 1
9505 1
9506 0
9507 0
9508 0
9509 0
9510 0
9511 0
9512 0
9513 0
9514 0
9515 0
9516 0
9517 0
9518 0
9519 0
9520 0
9521 0
9522 1
9523 0
9524 1
9525 0
9526 0
9527 0
9528 1
9529 1
9530 1
9531 2
9532 1
9533 2
9534 1
9535 2
9536 1
9537 1
9538 2
9539 2
9540 2
9541 1
9542 1
9543 3
9544 2
9545 2
9546 2
9547 1
9548 3
9549 0
9550 1
9551 0
9552 0
9553 0
9554 2
9555 1
9556 1
9557 2
9558 1
9559 1
9560 0
9561 2
9562 0
9563 0
9564 0
9565 0
9566 1
9567 0
9568 1
9569 1
9570 0
9571 1
9572 0
9573 0
9574 0
9575 0
9576 1
9577 0
9578 0
9579 0
9580 1
9581 0
9582 1
9583 1
9584 0
9585 0
9586 1
9587 1
9588 0
9589 0
9590 1
9591 1
9592 1
9593 1
9594 0
9595 0
9596 0
9597 1
9598 1
9599 0
9600 0
9601 0
9602 0
9603 1
9604 1
9605 0
9606 0
9607 0
9608 0
9609 0
9610 0
9611 0
9612 2
9613 0
9614 1
9615 1
9616 1
9617 1
9618 1
9619 1
9620 0
9621 1
9622 1
9623 1
9624 1
9625 1
9626 2
9627 1
9628 1
9629 1
9630 1
9631 0
9632 0
9633 2
9634 1
9635 1
9636 1
9637 3
9638 2
9639 1
9640 1
9641 1
9642 1
9643 1
9644 1
9645 2
9646 1
9647 2
9648 0
9649 0
9650 1
9651 1
9652 0
9653 1
9654 2
9655 1
9656 1
9657 2
9658 1
9659 2
9660 2
9661 1
9662 2
9663 1
9664 1
9665 1
9666 2
9667 2
9668 2
9669 1
9670 1
9671 1
9672 1
9673 1
9674 1
9675 0
9676 1
9677 1
9678 2
9679 1
9680 1
9681 2
9682 1
9683 2
9684 1
9685 1
9686 1
9687 1
9688 1
9689 2
9690 2
9691 1
9692 2
9693 1
9694 1
9695 1
9696 2
9697 1
9698 2
9699 1
9700 1
9701 1
9702 2
9703 2
9704 2
9705 2
9706 1
9707 2
9708 1
9709 3
9710 1
9711 1
9712 2
9713 1
9714 1
9715 1
9716 1
9717 1
9718 1
9719 3
9720 1
9721 2
9722 2
9723 1
9724 1
9725 1
9726 1
9727 2
9728 1
9729 1
9730 2
9731 2
9732 0
9733 2
9734 2
9735 2
9736 2
9737 2
9738 2
9739 2
9740 2
9741 1
9742 1
9743 1
9744 3
9745 2
9746 1
9747 2
9748 2
9749 1
9750 2
9751 1
9752 1
9753 2
9754 0
9755 1
9756 2
9757 2
9758 1
9759 1
9760 1
9761 2
9762 2
9763 2
9764 2
9765 1
9766 1
9767 2
9768 0
9769 1
9770 2
9771 2
9772 2
9773 2
9774 2
9775 3
9776 1
9777 2
9778 2
9779 1
9780 2
9781 0
9782 1
9783 1
9784 2
9785 0
9786 2
9787 1
9788 1
9789 2
9790 2
9791 0
9792 1
9793 1
9794 0
9795 1
9796 1
9797 1
9798 0
9799 2
9800 1
9801 1
9802 1
9803 2
9804 2
9805 1
9806 1
9807 1
9808 1
9809 1
9810 1
9811 1
9812 2
9813 1
9814 2
9815 1
9816 0
9817 0
9818 0
9819 0
9820 0
9821 1
9822 0
9823 1
9824 1
9825 1
9826 1
9827 0
9828 1
9829 0
9830 1
9831 1
9832 3
9833 0
9834 1
9835 2
9836 1
9837 1
9838 2
9839 0
9840 2
9841 2
9842 1
9843 0
9844 2
9845 1
9846 1
9847 2
9848 2
9849 1
9850 1
9851 1
9852 1
9853 1
9854 2
9855 1
9856 2
9857 2
9858 2
9859 0
9860 1
9861 1
9862 2
9863 1
9864 2
9865 1
9866 1
9867 2
9868 1
9869 1
9870 1
9871 2
9872 1
9873 2
9874 0
9875 2
9876 2
9877 1
9878 1
9879 3
9880 1
9881 1
9882 1
9883 0
9884 0
9885 0
9886 1
9887 2
9888 2
9889 2
9890 1
9891 3
9892 2
9893 1
9894 2
9895 0
9896 2
9897 2
9898 1
9899 2
9900 1
9901 1
9902 2
9903 2
9904 1
9905 0
9906 2
9907 1
9908 2
9909 2
9910 1
9911 1
9912 1
9913 0
9914 3
9915 3
9916 2
9917 2
9918 1
9919 2
9920 1
9921 2
9922 1
9923 1
9924 0
9925 2
9926 1
9927 2
9928 2
9929 1
9930 2
9931 2
9932 1
9933 1
9934 0
9935 0
9936 1
9937 1
9938 1
9939 1
9940 1
9941 1
9942 1
9943 1
9944 2
9945 1
9946 1
9947 0
9948 2
9949 2
9950 1
9951 2
9952 1
9953 2
9954 1
9955 2
9956 1
9957 1
9958 0
9959 1
9960 1
9961 2
9962 0
9963 0
9964 2
9965 1
9966 2
9967 1
9968 0
9969 1
9970 2
9971 2
9972 1
9973 2
9974 1
9975 2
9976 2
9977 1
9978 0
9979 1
9980 2
9981 1
9982 2
9983 0
9984 1
9985 1
9986 0
9987 0
9988 1
9989 1
9990 0
9991 0
9992 0
9993 0
9994 1
9995 0
9996 1
9997 0
9998 0
9999 0
10000 1
10001 1
