1 0
2 1
3 1
4 1
5 0
6 1
7 0
8 0
9 1
10 1
11 0
12 1
13 1
14 1
15 1
16 1
17 0
18 1
19 1
20 1
21 1
22 0
23 2
24 1
25 0
26 0
27 0
28 2
29 1
30 1
31 1
32 0
33 1
34 2
35 1
36 2
37 1
38 2
39 1
40 1
41 1
42 1
43 0
44 1
45 1
46 1
47 1
48 0
49 1
50 1
51 2
52 1
53 2
54 1
55 1
56 1
57 1
58 0
59 0
60 0
61 0
62 1
63 1
64 0
65 1
66 0
67 1
68 1
69 1
70 0
71 1
72 1
73 1
74 1
75 0
76 1
77 0
78 1
79 1
80 0
81 1
82 1
83 0
84 1
85 0
86 1
87 0
88 0
89 1
90 0
91 1
92 2
93 1
94 1
95 1
96 0
97 2
98 2
99 0
100 1
101 0
102 1
103 1
104 1
105 2
106 1
107 2
108 0
109 1
110 1
111 0
112 0
113 1
114 1
115 1
116 1
117 1
118 2
119 1
120 1
121 1
122 0
123 0
124 0
125 0
126 1
127 0
128 0
129 0
130 1
131 1
132 1
133 2
134 1
135 0
136 1
137 1
138 0
139 1
140 1
141 0
142 0
143 1
144 1
145 1
146 1
147 1
148 1
149 0
150 1
151 0
152 0
153 1
154 0
155 1
156 0
157 0
158 1
159 1
160 2
161 1
162 1
163 1
164 0
165 0
166 0
167 1
168 1
169 0
170 1
171 1
172 0
173 1
174 1
175 1
176 0
177 0
178 0
179 1
180 0
181 1
182 1
183 0
184 1
185 1
186 1
187 1
188 1
189 1
190 2
191 0
192 0
193 1
194 1
195 0
196 0
197 0
198 0
199 1
200 2
201 0
202 0
203 1
204 0
205 1
206 1
207 1
208 1
209 0
210 1
211 2
212 0
213 0
214 0
215 0
216 1
217 1
218 1
219 0
220 1
221 0
222 1
223 1
224 1
225 0
226 0
227 1
228 1
229 1
230 1
231 1
232 1
233 1
234 1
235 1
236 0
237 1
238 0
239 1
240 0
241 0
242 1
243 0
244 0
245 0
246 0
247 1
248 0
249 1
250 1
251 0
252 1
253 1
254 1
255 1
256 1
257 1
258 1
259 1
260 0
261 1
262 0
263 2
264 1
265 1
266 1
267 1
268 1
269 1
270 1
271 0
272 1
273 1
274 0
275 1
276 1
277 1
278 1
279 0
280 1
281 1
282 2
283 2
284 1
285 0
286 1
287 1
288 1
289 0
290 0
291 1
292 1
293 1
294 1
295 1
296 2
297 1
298 1
299 1
300 0
301 1
302 0
303 1
304 1
305 1
306 1
307 0
308 1
309 0
310 0
311 1
312 1
313 0
314 0
315 1
316 1
317 0
318 1
319 2
320 1
321 0
322 1
323 1
324 2
325 1
326 0
327 1
328 0
329 0
330 0
331 1
332 1
333 1
334 1
335 1
336 1
337 1
338 0
339 2
340 0
341 0
342 0
343 0
344 0
345 0
346 1
347 1
348 1
349 0
350 1
351 1
352 1
353 1
354 1
355 1
356 0
357 0
358 1
359 2
360 1
361 1
362 0
363 1
364 1
365 1
366 1
367 1
368 1
369 0
370 1
371 1
372 1
373 2
374 1
375 1
376 1
377 1
378 1
379 1
380 0
381 1
382 0
383 0
384 0
385 1
386 1
387 1
388 0
389 1
390 1
391 0
392 0
393 1
394 0
395 1
396 0
397 1
398 0
399 1
400 1
401 1
402 1
403 1
404 0
405 0
406 0
407 0
408 1
409 1
410 0
411 1
412 1
413 1
414 1
415 0
416 1
417 1
418 0
419 0
420 1
421 1
422 1
423 1
424 0
425 1
426 1
427 1
428 1
429 1
430 1
431 1
432 0
433 1
434 0
435 1
436 2
437 1
438 1
439 0
440 1
441 2
442 0
443 1
444 0
445 1
446 0
447 0
448 2
449 0
450 1
451 0
452 0
453 2
454 1
455 1
456 1
457 1
458 1
459 0
460 0
461 1
462 0
463 0
464 0
465 0
466 0
467 1
468 1
469 1
470 1
471 0
472 0
473 2
474 0
475 1
476 1
477 1
478 1
479 0
480 0
481 1
482 0
483 1
484 1
485 1
486 1
487 1
488 1
489 1
490 1
491 1
492 1
493 1
494 1
495 1
496 1
497 1
498 0
499 0
500 2
501 2
502 1
503 1
504 2
505 0
506 2
507 1
508 0
509 0
510 0
511 2
512 1
513 1
514 0
515 1
516 1
517 0
518 0
519 1
520 0
521 1
522 1
523 0
524 0
525 0
526 1
527 1
528 1
529 1
530 0
531 1
532 2
533 1
534 1
535 0
536 1
537 1
538 1
539 1
540 1
541 1
542 1
543 1
544 1
545 1
546 1
547 1
548 2
549 1
550 0
551 1
552 1
553 0
554 1
555 0
556 2
557 1
558 1
559 1
560 0
561 0
562 1
563 0
564 0
565 0
566 1
567 0
568 1
569 1
570 0
571 1
572 0
573 0
574 1
575 0
576 1
577 1
578 1
579 1
580 2
581 0
582 0
583 0
584 0
585 1
586 1
587 0
588 1
589 0
590 1
591 1
592 1
593 1
594 1
595 0
596 1
597 0
598 1
599 1
600 1
601 0
602 2
603 1
604 0
605 1
606 1
607 0
608 0
609 0
610 1
611 0
612 1
613 1
614 0
615 0
616 0
617 1
618 0
619 0
620 0
621 0
622 1
623 1
624 1
625 1
626 1
627 1
628 0
629 0
630 1
631 1
632 1
633 0
634 1
635 0
636 1
637 1
638 1
639 1
640 0
641 1
642 0
643 1
644 0
645 1
646 0
647 0
648 1
649 1
650 0
651 1
652 1
653 1
654 0
655 0
656 1
657 0
658 0
659 1
660 1
661 1
662 1
663 1
664 1
665 1
666 1
667 1
668 0
669 0
670 1
671 0
672 0
673 0
674 2
675 1
676 1
677 0
678 1
679 0
680 1
681 1
682 1
683 0
684 1
685 1
686 1
687 1
688 1
689 1
690 1
691 0
692 1
693 1
694 1
695 1
696 2
697 1
698 1
699 1
700 1
701 2
702 1
703 1
704 1
705 1
706 1
707 2
708 1
709 1
710 1
711 2
712 0
713 1
714 1
715 1
716 0
717 1
718 0
719 1
720 1
721 0
722 1
723 1
724 1
725 1
726 0
727 0
728 1
729 1
730 0
731 1
732 0
733 1
734 0
735 1
736 1
737 1
738 0
739 0
740 1
741 0
742 1
743 0
744 1
745 0
746 0
747 2
748 1
749 0
750 1
751 0
752 1
753 2
754 1
755 1
756 0
757 1
758 1
759 1
760 1
761 1
762 1
763 1
764 1
765 1
766 1
767 2
768 0
769 1
770 0
771 1
772 1
773 1
774 1
775 0
776 0
777 1
778 1
779 1
780 0
781 1
782 0
783 1
784 1
785 0
786 0
787 0
788 1
789 1
790 0
791 0
792 1
793 0
794 2
795 1
796 0
797 1
798 1
799 1
800 1
801 1
802 2
803 0
804 2
805 1
806 1
807 0
808 1
809 1
810 0
811 2
812 0
813 1
814 1
815 1
816 1
817 1
818 0
819 1
820 1
821 1
822 1
823 1
824 1
825 1
826 1
827 0
828 0
829 1
830 0
831 2
832 1
833 1
834 2
835 1
836 0
837 0
838 1
839 0
840 0
841 1
842 0
843 1
844 1
845 1
846 1
847 1
848 1
849 1
850 0
851 1
852 1
853 1
854 2
855 1
856 2
857 0
858 1
859 1
860 0
861 2
862 1
863 0
864 1
865 0
866 1
867 1
868 1
869 0
870 1
871 1
872 1
873 1
874 1
875 0
876 1
877 0
878 0
879 1
880 1
881 1
882 1
883 2
884 1
885 1
886 1
887 1
888 1
889 0
890 0
891 0
892 0
893 1
894 1
895 1
896 1
897 0
898 1
899 1
900 0
901 1
902 0
903 1
904 0
905 1
906 0
907 0
908 1
909 1
910 1
911 0
912 1
913 1
914 1
915 0
916 0
917 1
918 0
919 1
920 1
921 1
922 0
923 1
924 1
925 0
926 0
927 0
928 0
929 1
930 1
931 1
932 0
933 1
934 1
935 0
936 0
937 1
938 1
939 0
940 1
941 1
942 1
943 1
944 1
945 1
946 0
947 2
948 1
949 1
950 0
951 1
952 1
953 1
954 0
955 1
956 1
957 1
958 1
959 0
960 1
961 0
962 0
963 1
964 1
965 1
966 0
967 1
968 0
969 0
970 0
971 1
972 1
973 1
974 1
975 1
976 1
977 0
978 1
979 1
980 1
981 1
982 1
983 1
984 0
985 0
986 1
987 1
988 0
989 1
990 1
991 1
992 0
993 1
994 1
995 0
996 1
997 0
998 0
999 2
1000 0
1001 1
1002 0
1003 1
1004 1
1005 1
1006 1
1007 0
1008 0
1009 1
1010 0
1011 0
1012 1
1013 2
1014 0
1015 1
1016 0
1017 1
1018 0
1019 1
1020 0
1021 1
1022 1
1023 1
1024 1
1025 1
1026 1
1027 1
1028 1
1029 1
1030 0
1031 1
1032 0
1033 2
1034 1
1035 1
1036 1
1037 2
1038 1
1039 1
1040 1
1041 1
1042 1
1043 1
1044 1
1045 1
1046 2
1047 1
1048 1
1049 1
1050 1
1051 0
1052 1
1053 1
1054 1
1055 0
1056 1
1057 0
1058 0
1059 1
1060 0
1061 1
1062 1
1063 0
1064 1
1065 1
1066 0
1067 1
1068 1
1069 0
1070 2
1071 1
1072 0
1073 0
1074 1
1075 2
1076 0
1077 1
1078 1
1079 1
1080 1
1081 1
1082 0
1083 0
1084 0
1085 1
1086 1
1087 1
1088 1
1089 0
1090 1
1091 1
1092 0
1093 1
1094 1
1095 1
1096 1
1097 0
1098 1
1099 1
1100 1
1101 1
1102 0
1103 1
1104 0
1105 1
1106 0
1107 1
1108 1
1109 1
1110 0
1111 1
1112 1
1113 0
1114 1
1115 0
1116 0
1117 0
1118 0
1119 0
1120 1
1121 2
1122 1
1123 0
1124 1
1125 0
1126 1
1127 0
1128 2
1129 0
1130 1
1131 1
1132 1
1133 0
1134 0
1135 0
1136 1
1137 1
1138 0
1139 1
1140 1
1141 1
1142 1
1143 0
1144 1
1145 1
1146 2
1147 0
1148 0
1149 1
1150 1
1151 0
1152 0
1153 1
1154 1
1155 1
1156 1
1157 1
1158 1
1159 1
1160 1
1161 1
1162 1
1163 1
1164 1
1165 1
1166 0
1167 0
1168 1
1169 1
1170 0
1171 0
1172 1
1173 0
1174 0
1175 1
1176 0
1177 1
1178 0
1179 0
1180 1
1181 2
1182 1
1183 1
1184 1
1185 1
1186 1
1187 1
1188 0
1189 0
1190 1
1191 0
1192 0
1193 0
1194 0
1195 1
1196 1
1197 0
1198 1
1199 0
1200 1
1201 0
1202 0
1203 0
1204 1
1205 1
1206 0
1207 1
1208 0
1209 2
1210 1
1211 0
1212 1
1213 0
1214 0
1215 1
1216 0
1217 1
1218 1
1219 1
1220 1
1221 0
1222 0
1223 0
1224 0
1225 0
1226 1
1227 2
1228 1
1229 0
1230 1
1231 0
1232 1
1233 1
1234 0
1235 1
1236 1
1237 0
1238 0
1239 1
1240 0
1241 2
1242 1
1243 1
1244 1
1245 0
1246 1
1247 0
1248 1
1249 1
1250 1
1251 1
1252 1
1253 0
1254 1
1255 0
1256 0
1257 1
1258 0
1259 1
1260 1
1261 1
1262 1
1263 0
1264 2
1265 0
1266 1
1267 1
1268 0
1269 1
1270 1
1271 2
1272 0
1273 1
1274 1
1275 1
1276 1
1277 0
1278 1
1279 1
1280 2
1281 1
1282 1
1283 0
1284 1
1285 1
1286 1
1287 1
1288 2
1289 1
1290 1
1291 0
1292 1
1293 2
1294 1
1295 1
1296 0
1297 1
1298 1
1299 0
1300 0
1301 1
1302 1
1303 1
1304 1
1305 0
1306 1
1307 1
1308 0
1309 0
1310 1
1311 1
1312 1
1313 1
1314 0
1315 1
1316 1
1317 0
1318 0
1319 1
1320 1
1321 1
1322 1
1323 0
1324 0
1325 1
1326 1
1327 1
1328 1
1329 1
1330 1
1331 2
1332 0
1333 0
1334 0
1335 0
1336 1
1337 1
1338 1
1339 1
1340 1
1341 1
1342 1
1343 2
1344 1
1345 0
1346 1
1347 1
1348 0
1349 2
1350 0
1351 0
1352 1
1353 1
1354 0
1355 1
1356 1
1357 1
1358 0
1359 1
1360 0
1361 0
1362 1
1363 1
1364 1
1365 1
1366 0
1367 1
1368 2
1369 0
1370 1
1371 1
1372 1
1373 1
1374 0
1375 1
1376 0
1377 1
1378 1
1379 1
1380 0
1381 0
1382 0
1383 1
1384 1
1385 1
1386 0
1387 1
1388 1
1389 1
1390 1
1391 2
1392 1
1393 0
1394 0
1395 1
1396 0
1397 1
1398 1
1399 0
1400 0
1401 0
1402 0
1403 1
1404 0
1405 2
1406 0
1407 1
1408 1
1409 1
1410 2
1411 0
1412 2
1413 0
1414 1
1415 1
1416 0
1417 1
1418 2
1419 0
1420 1
1421 1
1422 1
1423 1
1424 1
1425 1
1426 0
1427 2
1428 1
1429 0
1430 0
1431 1
1432 1
1433 1
1434 1
1435 1
1436 0
1437 1
1438 1
1439 1
1440 0
1441 1
1442 0
1443 0
1444 1
1445 0
1446 1
1447 1
1448 1
1449 1
1450 0
1451 0
1452 0
1453 0
1454 0
1455 0
1456 0
1457 0
1458 0
1459 0
1460 0
1461 0
1462 0
1463 0
1464 0
1465 1
1466 0
1467 0
1468 1
1469 1
1470 1
1471 1
1472 1
1473 2
1474 0
1475 1
1476 0
1477 1
1478 0
1479 0
1480 1
1481 1
1482 1
1483 0
1484 1
1485 0
1486 1
1487 1
1488 0
1489 0
1490 1
1491 1
1492 1
1493 1
1494 1
1495 1
1496 0
1497 0
1498 0
1499 0
1500 1
1501 1
1502 1
1503 0
1504 0
1505 0
1506 1
1507 1
1508 1
1509 0
1510 1
1511 1
1512 2
1513 0
1514 0
1515 0
1516 1
1517 1
1518 1
1519 1
1520 0
1521 0
1522 1
1523 0
1524 1
1525 0
1526 1
1527 2
1528 0
1529 1
1530 1
1531 0
1532 0
1533 0
1534 1
1535 0
1536 0
1537 1
1538 1
1539 1
1540 1
1541 1
1542 0
1543 0
1544 0
1545 0
1546 1
1547 1
1548 0
1549 0
1550 1
1551 1
1552 0
1553 0
1554 2
1555 1
1556 1
1557 0
1558 0
1559 1
1560 0
1561 1
1562 1
1563 0
1564 1
1565 0
1566 1
1567 0
1568 0
1569 2
1570 1
1571 1
1572 0
1573 0
1574 0
1575 1
1576 2
1577 1
1578 1
1579 1
1580 0
1581 1
1582 0
1583 0
1584 1
1585 1
1586 1
1587 0
1588 2
1589 0
1590 1
1591 2
1592 0
1593 0
1594 1
1595 0
1596 2
1597 2
1598 0
1599 2
1600 0
1601 1
1602 2
1603 1
1604 1
1605 1
1606 0
1607 2
1608 1
1609 0
1610 0
1611 1
1612 2
1613 0
1614 0
1615 1
1616 1
1617 0
1618 1
1619 1
1620 1
1621 0
1622 0
1623 1
1624 1
1625 2
1626 1
1627 1
1628 1
1629 1
1630 0
1631 1
1632 0
1633 2
1634 1
1635 0
1636 2
1637 1
1638 1
1639 1
1640 1
1641 1
1642 1
1643 2
1644 1
1645 0
1646 1
1647 0
1648 2
1649 2
1650 2
1651 2
1652 1
1653 2
1654 1
1655 0
1656 1
1657 1
1658 0
1659 1
1660 1
1661 1
1662 1
1663 1
1664 1
1665 1
1666 1
1667 1
1668 1
1669 0
1670 1
1671 0
1672 1
1673 1
1674 0
1675 0
1676 2
1677 0
1678 0
1679 2
1680 1
1681 1
1682 1
1683 0
1684 1
1685 0
1686 1
1687 1
1688 0
1689 0
1690 1
1691 1
1692 2
1693 2
1694 0
1695 1
1696 1
1697 1
1698 1
1699 0
1700 1
1701 1
1702 1
1703 2
1704 0
1705 1
1706 2
1707 2
1708 1
1709 1
1710 1
1711 2
1712 0
1713 2
1714 1
1715 1
1716 0
1717 1
1718 1
1719 0
1720 0
1721 1
1722 0
1723 1
1724 1
1725 0
1726 2
1727 1
1728 2
1729 2
1730 1
1731 2
1732 1
1733 1
1734 1
1735 2
1736 1
1737 1
1738 1
1739 1
1740 1
1741 1
1742 1
1743 0
1744 2
1745 2
1746 0
1747 0
1748 0
1749 1
1750 0
1751 1
1752 1
1753 0
1754 0
1755 1
1756 1
1757 1
1758 0
1759 2
1760 1
1761 2
1762 0
1763 1
1764 1
1765 1
1766 1
1767 1
1768 1
1769 1
1770 0
1771 1
1772 0
1773 1
1774 0
1775 1
1776 2
1777 0
1778 2
1779 1
1780 1
1781 0
1782 0
1783 0
1784 2
1785 0
1786 0
1787 0
1788 2
1789 1
1790 1
1791 0
1792 1
1793 0
1794 1
1795 0
1796 0
1797 1
1798 1
1799 1
1800 1
1801 1
1802 0
1803 1
1804 1
1805 2
1806 0
1807 0
1808 1
1809 2
1810 2
1811 2
1812 1
1813 1
1814 1
1815 1
1816 1
1817 2
1818 1
1819 0
1820 0
1821 1
1822 1
1823 1
1824 1
1825 1
1826 2
1827 0
1828 1
1829 0
1830 1
1831 1
1832 1
1833 0
1834 1
1835 1
1836 0
1837 1
1838 1
1839 0
1840 0
1841 1
1842 0
1843 1
1844 1
1845 2
1846 0
1847 1
1848 1
1849 0
1850 0
1851 0
1852 1
1853 1
1854 0
1855 0
1856 1
1857 0
1858 1
1859 1
1860 1
1861 2
1862 0
1863 1
1864 0
1865 1
1866 1
1867 1
1868 0
1869 0
1870 1
1871 1
1872 1
1873 1
1874 1
1875 0
1876 0
1877 0
1878 0
1879 1
1880 1
1881 1
1882 0
1883 0
1884 1
1885 0
1886 1
1887 1
1888 0
1889 1
1890 1
1891 1
1892 0
1893 1
1894 1
1895 2
1896 1
1897 1
1898 0
1899 1
1900 1
1901 0
1902 2
1903 0
1904 1
1905 1
1906 1
1907 2
1908 2
1909 2
1910 1
1911 0
1912 2
1913 1
1914 0
1915 1
1916 2
1917 2
1918 1
1919 1
1920 0
1921 0
1922 0
1923 1
1924 1
1925 1
1926 1
1927 1
1928 0
1929 0
1930 1
1931 0
1932 1
1933 1
1934 1
1935 1
1936 1
1937 0
1938 0
1939 0
1940 1
1941 1
1942 1
1943 1
1944 2
1945 1
1946 0
1947 2
1948 2
1949 1
1950 0
1951 2
1952 0
1953 1
1954 1
1955 2
1956 1
1957 1
1958 1
1959 1
1960 1
1961 1
1962 0
1963 1
1964 0
1965 1
1966 1
1967 1
1968 2
1969 1
1970 0
1971 1
1972 0
1973 1
1974 1
1975 1
1976 0
1977 0
1978 1
1979 2
1980 2
1981 1
1982 1
1983 0
1984 1
1985 1
1986 1
1987 0
1988 0
1989 1
1990 0
1991 1
1992 1
1993 1
1994 1
1995 1
1996 1
1997 2
1998 1
1999 1
2000 1
2001 1
2002 0
2003 0
2004 2
2005 1
2006 0
2007 0
2008 1
2009 1
2010 2
2011 1
2012 1
2013 0
2014 0
2015 2
2016 0
2017 0
2018 1
2019 1
2020 0
2021 0
2022 0
2023 1
2024 0
2025 1
2026 1
2027 0
2028 1
2029 1
2030 1
2031 1
2032 0
2033 0
2034 2
2035 1
2036 1
2037 1
2038 0
2039 0
2040 1
2041 1
2042 1
2043 1
2044 1
2045 0
2046 2
2047 1
2048 1
2049 0
2050 0
2051 1
2052 1
2053 2
2054 0
2055 0
2056 0
2057 1
2058 1
2059 1
2060 1
2061 0
2062 1
2063 1
2064 0
2065 2
2066 0
2067 1
2068 1
2069 1
2070 1
2071 2
2072 1
2073 1
2074 1
2075 0
2076 1
2077 1
2078 1
2079 0
2080 1
2081 1
2082 1
2083 1
2084 2
2085 1
2086 1
2087 0
2088 0
2089 1
2090 2
2091 1
2092 0
2093 0
2094 1
2095 1
2096 1
2097 1
2098 1
2099 1
2100 0
2101 1
2102 1
2103 0
2104 1
2105 1
2106 1
2107 1
2108 1
2109 1
2110 1
2111 0
2112 1
2113 1
2114 1
2115 1
2116 1
2117 1
2118 1
2119 1
2120 1
2121 0
2122 1
2123 1
2124 1
2125 0
2126 0
2127 1
2128 1
2129 0
2130 1
2131 0
2132 1
2133 1
2134 2
2135 1
2136 0
2137 0
2138 0
2139 1
2140 1
2141 0
2142 1
2143 1
2144 1
2145 1
2146 1
2147 1
2148 0
2149 1
2150 1
2151 1
2152 1
2153 1
2154 1
2155 0
2156 0
2157 1
2158 2
2159 0
2160 1
2161 1
2162 1
2163 0
2164 0
2165 1
2166 1
2167 1
2168 1
2169 2
2170 1
2171 1
2172 1
2173 0
2174 1
2175 1
2176 0
2177 0
2178 0
2179 0
2180 0
2181 0
2182 1
2183 0
2184 1
2185 0
2186 0
2187 1
2188 1
2189 1
2190 0
2191 1
2192 0
2193 1
2194 0
2195 1
2196 2
2197 1
2198 1
2199 0
2200 1
2201 1
2202 1
2203 1
2204 1
2205 1
2206 1
2207 1
2208 1
2209 1
2210 1
2211 2
2212 0
2213 1
2214 0
2215 0
2216 1
2217 0
2218 0
2219 0
2220 2
2221 1
2222 1
2223 0
2224 0
2225 0
2226 1
2227 1
2228 1
2229 1
2230 0
2231 1
2232 0
2233 1
2234 1
2235 1
2236 0
2237 0
2238 0
2239 0
2240 0
2241 1
2242 0
2243 1
2244 1
2245 2
2246 1
2247 0
2248 1
2249 1
2250 1
2251 0
2252 1
2253 1
2254 1
2255 0
2256 1
2257 1
2258 1
2259 2
2260 1
2261 1
2262 0
2263 0
2264 0
2265 1
2266 0
2267 1
2268 0
2269 0
2270 1
2271 1
2272 1
2273 1
2274 0
2275 1
2276 0
2277 0
2278 1
2279 2
2280 1
2281 1
2282 0
2283 1
2284 1
2285 1
2286 0
2287 1
2288 0
2289 0
2290 1
2291 0
2292 0
2293 1
2294 2
2295 0
2296 1
2297 1
2298 0
2299 1
2300 1
2301 0
2302 0
2303 1
2304 0
2305 1
2306 1
2307 1
2308 1
2309 1
2310 0
2311 1
2312 1
2313 1
2314 1
2315 1
2316 1
2317 1
2318 1
2319 1
2320 1
2321 0
2322 0
2323 1
2324 1
2325 1
2326 0
2327 1
2328 2
2329 1
2330 0
2331 1
2332 1
2333 1
2334 0
2335 1
2336 1
2337 0
2338 0
2339 1
2340 1
2341 0
2342 2
2343 0
2344 0
2345 1
2346 0
2347 0
2348 1
2349 1
2350 1
2351 1
2352 0
2353 0
2354 1
2355 1
2356 0
2357 1
2358 0
2359 1
2360 1
2361 0
2362 1
2363 0
2364 0
2365 1
2366 0
2367 1
2368 1
2369 1
2370 1
2371 1
2372 2
2373 0
2374 1
2375 1
2376 1
2377 0
2378 1
2379 1
2380 1
2381 1
2382 0
2383 1
2384 1
2385 1
2386 0
2387 0
2388 0
2389 1
2390 1
2391 1
2392 1
2393 1
2394 1
2395 0
2396 2
2397 1
2398 0
2399 1
2400 2
2401 0
2402 1
2403 1
2404 1
2405 1
2406 1
2407 1
2408 1
2409 1
2410 0
2411 0
2412 2
2413 0
2414 1
2415 1
2416 0
2417 0
2418 2
2419 1
2420 1
2421 1
2422 1
2423 2
2424 1
2425 1
2426 1
2427 0
2428 0
2429 0
2430 2
2431 1
2432 1
2433 1
2434 0
2435 1
2436 1
2437 1
2438 2
2439 1
2440 2
2441 1
2442 1
2443 1
2444 0
2445 1
2446 1
2447 0
2448 1
2449 0
2450 0
2451 1
2452 1
2453 1
2454 1
2455 1
2456 1
2457 1
2458 0
2459 1
2460 1
2461 2
2462 0
2463 1
2464 1
2465 0
2466 1
2467 0
2468 1
2469 1
2470 1
2471 0
2472 2
2473 0
2474 1
2475 1
2476 2
2477 1
2478 0
2479 1
2480 1
2481 0
2482 2
2483 1
2484 1
2485 1
2486 1
2487 1
2488 0
2489 0
2490 0
2491 0
2492 1
2493 0
2494 0
2495 0
2496 1
2497 1
2498 0
2499 1
2500 1
2501 1
2502 1
2503 0
2504 0
2505 1
2506 0
2507 0
2508 1
2509 1
2510 0
2511 1
2512 1
2513 1
2514 0
2515 1
2516 0
2517 1
2518 0
2519 1
2520 0
2521 0
2522 0
2523 0
2524 0
2525 0
2526 1
2527 2
2528 1
2529 0
2530 0
2531 1
2532 1
2533 1
2534 1
2535 1
2536 1
2537 0
2538 1
2539 2
2540 1
2541 1
2542 1
2543 0
2544 0
2545 1
2546 1
2547 0
2548 1
2549 1
2550 1
2551 1
2552 2
2553 1
2554 0
2555 1
2556 1
2557 1
2558 1
2559 1
2560 1
2561 0
2562 1
2563 1
2564 0
2565 1
2566 0
2567 1
2568 0
2569 1
2570 0
2571 0
2572 1
2573 1
2574 1
2575 1
2576 1
2577 1
2578 0
2579 0
2580 0
2581 1
2582 2
2583 1
2584 2
2585 1
2586 1
2587 1
2588 0
2589 1
2590 0
2591 0
2592 1
2593 1
2594 1
2595 0
2596 2
2597 1
2598 0
2599 1
2600 0
2601 1
2602 1
2603 1
2604 1
2605 0
2606 1
2607 1
2608 1
2609 1
2610 1
2611 1
2612 1
2613 0
2614 0
2615 1
2616 0
2617 2
2618 0
2619 1
2620 0
2621 1
2622 1
2623 1
2624 1
2625 1
2626 0
2627 0
2628 1
2629 1
2630 1
2631 0
2632 1
2633 1
2634 0
2635 1
2636 0
2637 1
2638 0
2639 1
2640 1
2641 1
2642 1
2643 1
2644 0
2645 1
2646 0
2647 0
2648 1
2649 2
2650 1
2651 0
2652 0
2653 1
2654 1
2655 1
2656 1
2657 1
2658 1
2659 1
2660 1
2661 1
2662 0
2663 1
2664 0
2665 1
2666 1
2667 0
2668 1
2669 1
2670 1
2671 0
2672 1
2673 0
2674 1
2675 0
2676 1
2677 0
2678 1
2679 1
2680 1
2681 0
2682 1
2683 0
2684 1
2685 0
2686 1
2687 1
2688 1
2689 0
2690 1
2691 1
2692 0
2693 1
2694 0
2695 0
2696 0
2697 1
2698 0
2699 0
2700 1
2701 0
2702 0
2703 1
2704 1
2705 0
2706 1
2707 0
2708 0
2709 1
2710 2
2711 0
2712 1
2713 0
2714 0
2715 0
2716 1
2717 0
2718 1
2719 0
2720 1
2721 0
2722 0
2723 1
2724 1
2725 1
2726 1
2727 2
2728 0
2729 0
2730 1
2731 1
2732 1
2733 0
2734 0
2735 0
2736 1
2737 1
2738 2
2739 0
2740 1
2741 0
2742 0
2743 1
2744 0
2745 0
2746 1
2747 1
2748 1
2749 1
2750 1
2751 1
2752 0
2753 1
2754 1
2755 1
2756 1
2757 1
2758 0
2759 0
2760 0
2761 1
2762 0
2763 1
2764 1
2765 0
2766 1
2767 0
2768 1
2769 0
2770 0
2771 1
2772 1
2773 2
2774 1
2775 0
2776 1
2777 1
2778 1
2779 0
2780 1
2781 1
2782 1
2783 1
2784 2
2785 0
2786 0
2787 1
2788 1
2789 1
2790 1
2791 1
2792 0
2793 0
2794 1
2795 1
2796 0
2797 1
2798 1
2799 1
2800 1
2801 0
2802 0
2803 0
2804 0
2805 1
2806 1
2807 2
2808 1
2809 1
2810 1
2811 1
2812 0
2813 0
2814 1
2815 0
2816 1
2817 1
2818 1
2819 2
2820 1
2821 0
2822 1
2823 0
2824 1
2825 0
2826 1
2827 0
2828 0
2829 0
2830 1
2831 1
2832 1
2833 0
2834 1
2835 0
2836 1
2837 1
2838 1
2839 0
2840 1
2841 1
2842 1
2843 1
2844 1
2845 1
2846 1
2847 1
2848 1
2849 1
2850 2
2851 1
2852 0
2853 0
2854 2
2855 1
2856 0
2857 1
2858 0
2859 1
2860 1
2861 0
2862 0
2863 1
2864 0
2865 0
2866 1
2867 1
2868 1
2869 1
2870 2
2871 1
2872 1
2873 1
2874 2
2875 0
2876 1
2877 0
2878 0
2879 0
2880 1
2881 1
2882 1
2883 1
2884 1
2885 1
2886 2
2887 1
2888 1
2889 1
2890 0
2891 0
2892 1
2893 0
2894 0
2895 1
2896 0
2897 0
2898 0
2899 1
2900 1
2901 1
2902 1
2903 1
2904 1
2905 1
2906 0
2907 1
2908 0
2909 1
2910 0
2911 1
2912 1
2913 1
2914 1
2915 0
2916 1
2917 1
2918 1
2919 0
2920 2
2921 1
2922 1
2923 1
2924 1
2925 0
2926 1
2927 0
2928 0
2929 0
2930 1
2931 1
2932 0
2933 0
2934 1
2935 1
2936 1
2937 0
2938 0
2939 1
2940 1
2941 1
2942 0
2943 1
2944 1
2945 0
2946 1
2947 1
2948 1
2949 0
2950 1
2951 1
2952 1
2953 1
2954 0
2955 0
2956 1
2957 0
2958 1
2959 1
2960 1
2961 1
2962 0
2963 1
2964 0
2965 1
2966 0
2967 1
2968 1
2969 0
2970 1
2971 0
2972 0
2973 0
2974 1
2975 1
2976 1
2977 1
2978 1
2979 0
2980 1
2981 1
2982 0
2983 2
2984 1
2985 0
2986 0
2987 0
2988 1
2989 0
2990 1
2991 1
2992 1
2993 1
2994 2
2995 1
2996 0
2997 1
2998 0
2999 1
3000 0
3001 1
3002 1
3003 0
3004 1
3005 0
3006 1
3007 0
3008 1
3009 1
3010 0
3011 1
3012 0
3013 0
3014 1
3015 1
3016 2
3017 1
3018 1
3019 1
3020 1
3021 1
3022 1
3023 0
3024 0
3025 1
3026 0
3027 1
3028 1
3029 1
3030 0
3031 0
3032 0
3033 0
3034 0
3035 1
3036 0
3037 1
3038 2
3039 1
3040 1
3041 1
3042 2
3043 1
3044 0
3045 1
3046 2
3047 0
3048 0
3049 1
3050 0
3051 0
3052 0
3053 1
3054 1
3055 1
3056 0
3057 1
3058 1
3059 1
3060 1
3061 1
3062 0
3063 2
3064 1
3065 1
3066 1
3067 1
3068 1
3069 1
3070 0
3071 0
3072 1
3073 1
3074 1
3075 1
3076 1
3077 1
3078 2
3079 1
3080 1
3081 0
3082 0
3083 1
3084 1
3085 1
3086 1
3087 1
3088 1
3089 1
3090 1
3091 1
3092 1
3093 1
3094 1
3095 0
3096 1
3097 1
3098 1
3099 1
3100 1
3101 1
3102 1
3103 1
3104 1
3105 0
3106 1
3107 0
3108 1
3109 1
3110 1
3111 1
3112 1
3113 1
3114 1
3115 1
3116 0
3117 0
3118 0
3119 0
3120 1
3121 0
3122 0
3123 0
3124 1
3125 1
3126 1
3127 1
3128 1
3129 0
3130 1
3131 1
3132 1
3133 0
3134 0
3135 1
3136 1
3137 0
3138 0
3139 1
3140 1
3141 1
3142 1
3143 1
3144 1
3145 1
3146 0
3147 1
3148 1
3149 0
3150 1
3151 1
3152 0
3153 0
3154 1
3155 1
3156 1
3157 1
3158 1
3159 1
3160 1
3161 1
3162 1
3163 2
3164 1
3165 1
3166 1
3167 1
3168 0
3169 0
3170 0
3171 0
3172 2
3173 0
3174 1
3175 2
3176 1
3177 0
3178 0
3179 1
3180 1
3181 1
3182 0
3183 2
3184 1
3185 0
3186 1
3187 1
3188 1
3189 0
3190 2
3191 1
3192 1
3193 1
3194 0
3195 1
3196 0
3197 1
3198 0
3199 2
3200 1
3201 0
3202 1
3203 0
3204 1
3205 1
3206 1
3207 1
3208 0
3209 0
3210 0
3211 1
3212 1
3213 0
3214 1
3215 1
3216 1
3217 0
3218 1
3219 1
3220 1
3221 0
3222 0
3223 1
3224 0
3225 0
3226 1
3227 1
3228 1
3229 0
3230 1
3231 1
3232 0
3233 1
3234 2
3235 1
3236 0
3237 0
3238 2
3239 1
3240 1
3241 2
3242 1
3243 0
3244 1
3245 0
3246 0
3247 0
3248 0
3249 2
3250 0
3251 1
3252 1
3253 0
3254 1
3255 1
3256 2
3257 2
3258 0
3259 1
3260 2
3261 1
3262 1
3263 1
3264 0
3265 1
3266 1
3267 0
3268 1
3269 1
3270 0
3271 1
3272 0
3273 1
3274 1
3275 0
3276 0
3277 0
3278 1
3279 1
3280 1
3281 1
3282 0
3283 1
3284 1
3285 2
3286 1
3287 1
3288 0
3289 0
3290 1
3291 0
3292 1
3293 1
3294 1
3295 0
3296 0
3297 1
3298 1
3299 0
3300 1
3301 0
3302 0
3303 1
3304 1
3305 0
3306 0
3307 1
3308 1
3309 0
3310 1
3311 1
3312 0
3313 1
3314 0
3315 1
3316 0
3317 0
3318 1
3319 1
3320 1
3321 1
3322 1
3323 1
3324 1
3325 1
3326 1
3327 0
3328 0
3329 0
3330 1
3331 0
3332 0
3333 0
3334 0
3335 1
3336 2
3337 1
3338 2
3339 1
3340 1
3341 1
3342 1
3343 2
3344 1
3345 2
3346 1
3347 0
3348 1
3349 1
3350 1
3351 1
3352 1
3353 0
3354 1
3355 1
3356 1
3357 1
3358 0
3359 1
3360 0
3361 1
3362 0
3363 1
3364 1
3365 1
3366 1
3367 0
3368 1
3369 1
3370 2
3371 1
3372 0
3373 1
3374 0
3375 0
3376 1
3377 1
3378 0
3379 1
3380 1
3381 2
3382 1
3383 1
3384 0
3385 1
3386 2
3387 1
3388 1
3389 0
3390 0
3391 1
3392 2
3393 1
3394 1
3395 1
3396 1
3397 0
3398 1
3399 0
3400 1
3401 0
3402 1
3403 1
3404 0
3405 0
3406 1
3407 1
3408 1
3409 0
3410 0
3411 0
3412 1
3413 0
3414 0
3415 1
3416 0
3417 1
3418 1
3419 1
3420 1
3421 0
3422 2
3423 1
3424 1
3425 1
3426 1
3427 1
3428 0
3429 1
3430 1
3431 0
3432 0
3433 1
3434 1
3435 0
3436 1
3437 1
3438 1
3439 1
3440 1
3441 1
3442 0
3443 0
3444 1
3445 1
3446 2
3447 0
3448 0
3449 1
3450 0
3451 1
3452 1
3453 2
3454 0
3455 1
3456 0
3457 1
3458 0
3459 0
3460 1
3461 0
3462 1
3463 1
3464 2
3465 1
3466 1
3467 1
3468 0
3469 1
3470 0
3471 1
3472 1
3473 1
3474 1
3475 0
3476 0
3477 0
3478 0
3479 1
3480 1
3481 1
3482 1
3483 0
3484 1
3485 0
3486 0
3487 1
3488 0
3489 1
3490 2
3491 1
3492 1
3493 2
3494 1
3495 0
3496 1
3497 1
3498 1
3499 0
3500 1
3501 1
3502 0
3503 1
3504 1
3505 0
3506 0
3507 0
3508 1
3509 0
3510 0
3511 0
3512 0
3513 1
3514 1
3515 2
3516 0
3517 0
3518 0
3519 1
3520 1
3521 1
3522 1
3523 1
3524 0
3525 0
3526 2
3527 0
3528 0
3529 1
3530 1
3531 1
3532 1
3533 1
3534 1
3535 0
3536 1
3537 2
3538 0
3539 1
3540 0
3541 1
3542 1
3543 1
3544 1
3545 0
3546 1
3547 1
3548 1
3549 0
3550 0
3551 1
3552 1
3553 1
3554 0
3555 2
3556 0
3557 2
3558 0
3559 1
3560 1
3561 0
3562 1
3563 1
3564 1
3565 1
3566 0
3567 0
3568 1
3569 0
3570 1
3571 1
3572 0
3573 0
3574 1
3575 2
3576 0
3577 0
3578 1
3579 1
3580 2
3581 1
3582 0
3583 1
3584 1
3585 1
3586 0
3587 0
3588 1
3589 1
3590 2
3591 0
3592 0
3593 0
3594 1
3595 1
3596 1
3597 0
3598 1
3599 1
3600 1
3601 0
3602 1
3603 1
3604 1
3605 0
3606 1
3607 1
3608 1
3609 1
3610 0
3611 0
3612 1
3613 1
3614 1
3615 1
3616 0
3617 0
3618 0
3619 0
3620 0
3621 0
3622 1
3623 1
3624 1
3625 0
3626 1
3627 1
3628 1
3629 1
3630 1
3631 1
3632 0
3633 0
3634 1
3635 2
3636 1
3637 1
3638 1
3639 1
3640 0
3641 1
3642 3
3643 3
3644 0
3645 1
3646 1
3647 2
3648 2
3649 1
3650 0
3651 1
3652 1
3653 2
3654 1
3655 1
3656 1
3657 1
3658 0
3659 0
3660 0
3661 1
3662 1
3663 0
3664 1
3665 0
3666 1
3667 1
3668 1
3669 1
3670 1
3671 1
3672 0
3673 1
3674 1
3675 1
3676 0
3677 1
3678 1
3679 0
3680 0
3681 0
3682 0
3683 0
3684 0
3685 0
3686 0
3687 0
3688 0
3689 0
3690 0
3691 0
3692 0
3693 0
3694 0
3695 0
3696 0
3697 0
3698 0
3699 0
3700 0
3701 0
3702 0
3703 0
3704 0
3705 0
3706 0
3707 0
3708 0
3709 0
3710 0
3711 0
3712 0
3713 2
3714 1
3715 1
3716 0
3717 1
3718 1
3719 0
3720 0
3721 1
3722 0
3723 0
3724 1
3725 1
3726 1
3727 1
3728 2
3729 1
3730 1
3731 1
3732 1
3733 0
3734 1
3735 1
3736 1
3737 1
3738 1
3739 0
3740 1
3741 0
3742 1
3743 1
3744 1
3745 0
3746 0
3747 0
3748 0
3749 0
3750 0
3751 1
3752 0
3753 1
3754 1
3755 1
3756 0
3757 0
3758 0
3759 0
3760 1
3761 1
3762 1
3763 2
3764 1
3765 1
3766 1
3767 1
3768 1
3769 0
3770 1
3771 1
3772 1
3773 1
3774 1
3775 1
3776 0
3777 0
3778 0
3779 0
3780 0
3781 1
3782 2
3783 0
3784 1
3785 0
3786 1
3787 1
3788 0
3789 1
3790 0
3791 0
3792 1
3793 1
3794 1
3795 0
3796 1
3797 0
3798 1
3799 0
3800 1
3801 1
3802 0
3803 1
3804 1
3805 0
3806 1
3807 1
3808 1
3809 0
3810 0
3811 1
3812 0
3813 1
3814 1
3815 1
3816 1
3817 1
3818 1
3819 0
3820 0
3821 0
3822 0
3823 1
3824 0
3825 0
3826 2
3827 0
3828 1
3829 1
3830 1
3831 1
3832 1
3833 1
3834 1
3835 0
3836 1
3837 1
3838 0
3839 1
3840 1
3841 0
3842 1
3843 1
3844 1
3845 1
3846 0
3847 1
3848 0
3849 0
3850 0
3851 1
3852 1
3853 1
3854 0
3855 0
3856 1
3857 1
3858 1
3859 1
3860 1
3861 1
3862 1
3863 1
3864 1
3865 2
3866 1
3867 1
3868 1
3869 1
3870 0
3871 0
3872 1
3873 0
3874 1
3875 1
3876 1
3877 1
3878 0
3879 0
3880 1
3881 1
3882 0
3883 1
3884 0
3885 1
3886 1
3887 0
3888 1
3889 0
3890 0
3891 1
3892 1
3893 2
3894 1
3895 1
3896 1
3897 0
3898 1
3899 2
3900 1
3901 0
3902 1
3903 0
3904 0
3905 1
3906 1
3907 1
3908 1
3909 1
3910 1
3911 1
3912 0
3913 1
3914 1
3915 1
3916 1
3917 0
3918 1
3919 1
3920 1
3921 1
3922 0
3923 0
3924 0
3925 1
3926 1
3927 1
3928 1
3929 1
3930 2
3931 1
3932 1
3933 1
3934 0
3935 1
3936 1
3937 0
3938 0
3939 0
3940 1
3941 1
3942 1
3943 0
3944 1
3945 1
3946 1
3947 1
3948 0
3949 1
3950 1
3951 1
3952 0
3953 1
3954 0
3955 1
3956 1
3957 1
3958 1
3959 1
3960 0
3961 0
3962 1
3963 2
3964 1
3965 1
3966 1
3967 1
3968 0
3969 1
3970 1
3971 1
3972 0
3973 0
3974 1
3975 1
3976 2
3977 2
3978 1
3979 1
3980 1
3981 1
3982 1
3983 0
3984 1
3985 0
3986 0
3987 1
3988 0
3989 1
3990 0
3991 1
3992 0
3993 2
3994 1
3995 1
3996 0
3997 1
3998 1
3999 0
4000 1
4001 0
4002 1
4003 2
4004 0
4005 0
4006 1
4007 0
4008 0
4009 0
4010 1
4011 0
4012 0
4013 0
4014 1
4015 0
4016 0
4017 1
4018 0
4019 1
4020 0
4021 1
4022 1
4023 1
4024 1
4025 1
4026 1
4027 1
4028 1
4029 0
4030 1
4031 0
4032 0
4033 1
4034 0
4035 1
4036 1
4037 0
4038 2
4039 0
4040 1
4041 0
4042 0
4043 2
4044 1
4045 0
4046 1
4047 1
4048 0
4049 0
4050 0
4051 1
4052 1
4053 0
4054 2
4055 0
4056 0
4057 0
4058 0
4059 0
4060 2
4061 0
4062 1
4063 1
4064 1
4065 1
4066 0
4067 1
4068 1
4069 0
4070 1
4071 1
4072 2
4073 0
4074 1
4075 1
4076 0
4077 0
4078 1
4079 1
4080 1
4081 1
4082 1
4083 1
4084 1
4085 1
4086 0
4087 1
4088 1
4089 1
4090 1
4091 1
4092 0
4093 0
4094 1
4095 1
4096 1
4097 1
4098 2
4099 0
4100 1
4101 1
4102 1
4103 0
4104 1
4105 1
4106 0
4107 0
4108 2
4109 1
4110 0
4111 0
4112 1
4113 0
4114 1
4115 1
4116 1
4117 0
4118 1
4119 1
4120 0
4121 1
4122 0
4123 0
4124 1
4125 0
4126 2
4127 1
4128 1
4129 2
4130 1
4131 0
4132 1
4133 1
4134 0
4135 1
4136 1
4137 1
4138 1
4139 1
4140 1
4141 1
4142 1
4143 1
4144 1
4145 2
4146 0
4147 1
4148 1
4149 1
4150 0
4151 1
4152 1
4153 1
4154 0
4155 1
4156 0
4157 1
4158 0
4159 1
4160 1
4161 1
4162 1
4163 0
4164 0
4165 1
4166 0
4167 0
4168 1
4169 0
4170 1
4171 2
4172 1
4173 2
4174 1
4175 1
4176 2
4177 0
4178 1
4179 2
4180 1
4181 1
4182 1
4183 1
4184 1
4185 1
4186 1
4187 1
4188 1
4189 2
4190 1
4191 0
4192 1
4193 1
4194 1
4195 1
4196 1
4197 0
4198 1
4199 0
4200 1
4201 1
4202 1
4203 0
4204 0
4205 0
4206 0
4207 0
4208 1
4209 0
4210 1
4211 0
4212 0
4213 1
4214 1
4215 1
4216 1
4217 1
4218 1
4219 1
4220 1
4221 0
4222 0
4223 0
4224 1
4225 1
4226 2
4227 1
4228 0
4229 1
4230 0
4231 0
4232 1
4233 1
4234 0
4235 0
4236 0
4237 0
4238 1
4239 0
4240 0
4241 1
4242 1
4243 1
4244 1
4245 0
4246 0
4247 2
4248 1
4249 0
4250 1
4251 1
4252 1
4253 0
4254 1
4255 1
4256 1
4257 1
4258 2
4259 0
4260 1
4261 0
4262 0
4263 1
4264 0
4265 0
4266 1
4267 2
4268 1
4269 0
4270 1
4271 0
4272 0
4273 2
4274 0
4275 0
4276 1
4277 0
4278 0
4279 1
4280 1
4281 0
4282 1
4283 0
4284 0
4285 1
4286 1
4287 0
4288 0
4289 0
4290 1
4291 1
4292 1
4293 1
4294 1
4295 1
4296 1
4297 0
4298 0
4299 2
4300 2
4301 1
4302 1
4303 1
4304 1
4305 1
4306 0
4307 1
4308 1
4309 0
4310 1
4311 1
4312 0
4313 1
4314 1
4315 1
4316 1
4317 2
4318 1
4319 1
4320 0
4321 0
4322 1
4323 1
4324 0
4325 0
4326 0
4327 0
4328 0
4329 1
4330 1
4331 0
4332 1
4333 1
4334 1
4335 1
4336 1
4337 1
4338 2
4339 1
4340 2
4341 0
4342 1
4343 2
4344 0
4345 1
4346 2
4347 0
4348 1
4349 1
4350 2
4351 0
4352 2
4353 1
4354 1
4355 0
4356 0
4357 1
4358 1
4359 0
4360 1
4361 0
4362 0
4363 1
4364 0
4365 1
4366 2
4367 1
4368 1
4369 0
4370 1
4371 1
4372 1
4373 1
4374 1
4375 1
4376 0
4377 1
4378 1
4379 0
4380 1
4381 1
4382 0
4383 1
4384 0
4385 1
4386 1
4387 1
4388 1
4389 0
4390 1
4391 1
4392 1
4393 1
4394 1
4395 1
4396 0
4397 1
4398 1
4399 0
4400 0
4401 1
4402 1
4403 0
4404 0
4405 0
4406 1
4407 0
4408 1
4409 1
4410 0
4411 0
4412 1
4413 1
4414 0
4415 1
4416 1
4417 1
4418 1
4419 1
4420 0
4421 1
4422 2
4423 1
4424 0
4425 1
4426 0
4427 2
4428 0
4429 0
4430 1
4431 0
4432 0
4433 1
4434 2
4435 0
4436 0
4437 1
4438 2
4439 1
4440 0
4441 1
4442 0
4443 1
4444 1
4445 0
4446 0
4447 1
4448 0
4449 1
4450 0
4451 0
4452 0
4453 0
4454 1
4455 1
4456 0
4457 1
4458 1
4459 1
4460 0
4461 2
4462 0
4463 1
4464 1
4465 0
4466 0
4467 0
4468 1
4469 1
4470 1
4471 1
4472 0
4473 1
4474 0
4475 1
4476 1
4477 0
4478 0
4479 1
4480 1
4481 1
4482 0
4483 1
4484 0
4485 0
4486 1
4487 1
4488 0
4489 0
4490 1
4491 1
4492 1
4493 1
4494 1
4495 1
4496 0
4497 1
4498 1
4499 0
4500 1
4501 1
4502 1
4503 1
4504 1
4505 1
4506 0
4507 1
4508 0
4509 1
4510 0
4511 1
4512 0
4513 2
4514 1
4515 2
4516 0
4517 1
4518 1
4519 1
4520 1
4521 1
4522 1
4523 1
4524 1
4525 0
4526 0
4527 0
4528 0
4529 0
4530 1
4531 0
4532 1
4533 0
4534 1
4535 2
4536 1
4537 1
4538 1
4539 0
4540 1
4541 1
4542 1
4543 0
4544 1
4545 1
4546 1
4547 1
4548 1
4549 1
4550 0
4551 0
4552 0
4553 0
4554 1
4555 0
4556 1
4557 1
4558 1
4559 0
4560 0
4561 1
4562 1
4563 1
4564 1
4565 0
4566 0
4567 0
4568 1
4569 1
4570 0
4571 1
4572 1
4573 2
4574 1
4575 1
4576 1
4577 1
4578 0
4579 0
4580 0
4581 0
4582 1
4583 1
4584 1
4585 0
4586 0
4587 0
4588 0
4589 0
4590 0
4591 1
4592 0
4593 0
4594 1
4595 0
4596 2
4597 1
4598 0
4599 1
4600 1
4601 0
4602 1
4603 1
4604 1
4605 0
4606 1
4607 1
4608 1
4609 0
4610 0
4611 1
4612 0
4613 1
4614 0
4615 1
4616 1
4617 1
4618 1
4619 1
4620 1
4621 1
4622 1
4623 1
4624 1
4625 1
4626 0
4627 0
4628 1
4629 1
4630 0
4631 1
4632 0
4633 1
4634 0
4635 0
4636 1
4637 1
4638 1
4639 1
4640 0
4641 0
4642 1
4643 0
4644 1
4645 1
4646 1
4647 1
4648 1
4649 0
4650 1
4651 1
4652 0
4653 1
4654 1
4655 0
4656 1
4657 1
4658 2
4659 1
4660 0
4661 1
4662 0
4663 0
4664 0
4665 1
4666 1
4667 2
4668 0
4669 1
4670 1
4671 1
4672 1
4673 1
4674 1
4675 1
4676 1
4677 1
4678 2
4679 2
4680 1
4681 0
4682 0
4683 1
4684 1
4685 1
4686 1
4687 0
4688 1
4689 0
4690 1
4691 0
4692 1
4693 0
4694 0
4695 1
4696 2
4697 0
4698 1
4699 1
4700 1
4701 1
4702 2
4703 1
4704 0
4705 1
4706 1
4707 1
4708 0
4709 1
4710 0
4711 0
4712 1
4713 1
4714 0
4715 1
4716 0
4717 1
4718 1
4719 1
4720 0
4721 1
4722 1
4723 1
4724 1
4725 0
4726 1
4727 1
4728 0
4729 1
4730 1
4731 1
4732 0
4733 0
4734 1
4735 0
4736 0
4737 1
4738 1
4739 1
4740 0
4741 1
4742 0
4743 0
4744 1
4745 1
4746 1
4747 1
4748 1
4749 1
4750 1
4751 2
4752 0
4753 0
4754 0
4755 0
4756 1
4757 1
4758 0
4759 1
4760 1
4761 1
4762 0
4763 0
4764 0
4765 1
4766 1
4767 1
4768 0
4769 0
4770 1
4771 1
4772 1
4773 0
4774 1
4775 1
4776 1
4777 0
4778 0
4779 2
4780 0
4781 1
4782 2
4783 1
4784 0
4785 0
4786 0
4787 1
4788 1
4789 1
4790 1
4791 0
4792 1
4793 1
4794 1
4795 0
4796 1
4797 1
4798 0
4799 1
4800 1
4801 0
4802 0
4803 1
4804 1
4805 1
4806 1
4807 1
4808 1
4809 0
4810 1
4811 0
4812 0
4813 0
4814 1
4815 1
4816 1
4817 0
4818 1
4819 0
4820 1
4821 1
4822 0
4823 2
4824 1
4825 0
4826 1
4827 1
4828 1
4829 1
4830 1
4831 0
4832 0
4833 0
4834 1
4835 0
4836 1
4837 1
4838 0
4839 0
4840 1
4841 1
4842 0
4843 0
4844 1
4845 0
4846 1
4847 0
4848 1
4849 2
4850 1
4851 0
4852 0
4853 1
4854 0
4855 1
4856 1
4857 1
4858 0
4859 1
4860 1
4861 1
4862 1
4863 1
4864 1
4865 0
4866 1
4867 1
4868 1
4869 0
4870 0
4871 1
4872 0
4873 1
4874 1
4875 0
4876 1
4877 0
4878 0
4879 0
4880 1
4881 0
4882 0
4883 1
4884 1
4885 0
4886 0
4887 1
4888 0
4889 0
4890 0
4891 1
4892 0
4893 0
4894 0
4895 1
4896 1
4897 0
4898 0
4899 0
4900 0
4901 1
4902 2
4903 0
4904 1
4905 1
4906 1
4907 1
4908 1
4909 0
4910 1
4911 1
4912 1
4913 1
4914 2
4915 0
4916 0
4917 1
4918 1
4919 0
4920 0
4921 1
4922 1
4923 1
4924 1
4925 1
4926 0
4927 1
4928 0
4929 1
4930 1
4931 1
4932 1
4933 1
4934 0
4935 1
4936 1
4937 1
4938 1
4939 0
4940 0
4941 1
4942 1
4943 0
4944 1
4945 1
4946 0
4947 1
4948 0
4949 1
4950 0
4951 1
4952 1
4953 1
4954 1
4955 0
4956 0
4957 1
4958 1
4959 1
4960 0
4961 1
4962 0
4963 1
4964 1
4965 1
4966 0
4967 1
4968 0
4969 1
4970 0
4971 0
4972 1
4973 0
4974 1
4975 1
4976 0
4977 1
4978 1
4979 0
4980 1
4981 2
4982 0
4983 0
4984 1
4985 1
4986 2
4987 1
4988 1
4989 1
4990 1
4991 2
4992 1
4993 1
4994 1
4995 0
4996 1
4997 0
4998 0
4999 1
5000 1
5001 1
5002 1
5003 1
5004 0
5005 0
5006 2
5007 0
5008 1
5009 0
5010 1
5011 1
5012 2
5013 1
5014 1
5015 0
5016 1
5017 0
5018 1
5019 1
5020 1
5021 0
5022 0
5023 1
5024 1
5025 0
5026 0
5027 0
5028 1
5029 1
5030 1
5031 1
5032 1
5033 1
5034 0
5035 0
5036 1
5037 1
5038 1
5039 1
5040 1
5041 1
5042 1
5043 0
5044 1
5045 0
5046 0
5047 1
5048 0
5049 1
5050 0
5051 0
5052 0
5053 0
5054 1
5055 1
5056 1
5057 1
5058 0
5059 0
5060 1
5061 1
5062 1
5063 1
5064 1
5065 0
5066 2
5067 2
5068 1
5069 0
5070 1
5071 2
5072 1
5073 1
5074 0
5075 0
5076 0
5077 0
5078 1
5079 2
5080 0
5081 1
5082 0
5083 0
5084 0
5085 1
5086 1
5087 0
5088 0
5089 0
5090 0
5091 0
5092 0
5093 1
5094 1
5095 1
5096 1
5097 0
5098 1
5099 1
5100 2
5101 1
5102 1
5103 1
5104 1
5105 0
5106 0
5107 1
5108 1
5109 1
5110 0
5111 0
5112 0
5113 0
5114 1
5115 0
5116 1
5117 0
5118 2
5119 1
5120 1
5121 1
5122 0
5123 1
5124 1
5125 1
5126 1
5127 1
5128 1
5129 2
5130 1
5131 1
5132 1
5133 0
5134 0
5135 1
5136 0
5137 0
5138 1
5139 1
5140 0
5141 0
5142 0
5143 0
5144 1
5145 0
5146 1
5147 1
5148 1
5149 1
5150 0
5151 0
5152 1
5153 1
5154 0
5155 0
5156 2
5157 1
5158 2
5159 1
5160 1
5161 1
5162 0
5163 1
5164 1
5165 1
5166 1
5167 1
5168 1
5169 1
5170 1
5171 0
5172 1
5173 2
5174 1
5175 1
5176 1
5177 0
5178 0
5179 0
5180 1
5181 0
5182 1
5183 1
5184 0
5185 1
5186 1
5187 1
5188 0
5189 0
5190 1
5191 0
5192 0
5193 1
5194 0
5195 1
5196 0
5197 0
5198 0
5199 1
5200 0
5201 0
5202 0
5203 1
5204 1
5205 1
5206 0
5207 1
5208 0
5209 0
5210 1
5211 1
5212 1
5213 0
5214 1
5215 0
5216 1
5217 1
5218 0
5219 2
5220 2
5221 1
5222 1
5223 0
5224 0
5225 1
5226 0
5227 1
5228 1
5229 2
5230 2
5231 1
5232 0
5233 0
5234 1
5235 0
5236 0
5237 2
5238 1
5239 1
5240 1
5241 2
5242 0
5243 1
5244 0
5245 1
5246 1
5247 1
5248 1
5249 1
5250 1
5251 1
5252 0
5253 2
5254 1
5255 0
5256 0
5257 0
5258 1
5259 0
5260 1
5261 0
5262 1
5263 0
5264 0
5265 0
5266 1
5267 1
5268 1
5269 1
5270 2
5271 1
5272 1
5273 1
5274 1
5275 1
5276 1
5277 1
5278 0
5279 1
5280 1
5281 1
5282 0
5283 0
5284 0
5285 1
5286 1
5287 1
5288 0
5289 1
5290 1
5291 0
5292 0
5293 0
5294 0
5295 0
5296 1
5297 1
5298 1
5299 1
5300 0
5301 1
5302 0
5303 1
5304 1
5305 0
5306 1
5307 0
5308 0
5309 0
5310 0
5311 0
5312 1
5313 2
5314 1
5315 2
5316 1
5317 1
5318 1
5319 1
5320 1
5321 1
5322 1
5323 1
5324 1
5325 1
5326 1
5327 0
5328 0
5329 0
5330 1
5331 1
5332 1
5333 1
5334 1
5335 1
5336 0
5337 1
5338 0
5339 2
5340 2
5341 0
5342 2
5343 1
5344 0
5345 1
5346 1
5347 1
5348 1
5349 1
5350 1
5351 0
5352 1
5353 1
5354 0
5355 1
5356 1
5357 1
5358 0
5359 1
5360 1
5361 2
5362 0
5363 0
5364 0
5365 0
5366 1
5367 1
5368 1
5369 1
5370 0
5371 1
5372 0
5373 0
5374 1
5375 0
5376 1
5377 1
5378 1
5379 1
5380 0
5381 1
5382 1
5383 0
5384 1
5385 0
5386 2
5387 1
5388 0
5389 0
5390 1
5391 1
5392 1
5393 1
5394 1
5395 1
5396 1
5397 0
5398 1
5399 1
5400 0
5401 0
5402 1
5403 1
5404 0
5405 0
5406 1
5407 1
5408 1
5409 1
5410 1
5411 1
5412 0
5413 1
5414 0
5415 0
5416 1
5417 0
5418 1
5419 1
5420 1
5421 1
5422 0
5423 1
5424 0
5425 1
5426 1
5427 0
5428 1
5429 1
5430 0
5431 1
5432 0
5433 1
5434 0
5435 0
5436 1
5437 1
5438 1
5439 0
5440 0
5441 0
5442 1
5443 0
5444 1
5445 1
5446 0
5447 1
5448 1
5449 0
5450 1
5451 1
5452 1
5453 1
5454 1
5455 0
5456 0
5457 1
5458 0
5459 0
5460 1
5461 1
5462 1
5463 1
5464 0
5465 1
5466 1
5467 0
5468 0
5469 1
5470 1
5471 1
5472 1
5473 1
5474 1
5475 1
5476 2
5477 2
5478 0
5479 0
5480 0
5481 0
5482 0
5483 1
5484 0
5485 1
5486 1
5487 2
5488 0
5489 1
5490 0
5491 0
5492 1
5493 1
5494 1
5495 1
5496 1
5497 0
5498 1
5499 1
5500 0
5501 1
5502 1
5503 1
5504 0
5505 1
5506 0
5507 1
5508 1
5509 0
5510 0
5511 0
5512 1
5513 1
5514 0
5515 0
5516 1
5517 1
5518 1
5519 1
5520 0
5521 1
5522 1
5523 0
5524 2
5525 0
5526 0
5527 0
5528 1
5529 1
5530 1
5531 0
5532 1
5533 1
5534 1
5535 1
5536 1
5537 1
5538 1
5539 1
5540 1
5541 0
5542 2
5543 1
5544 0
5545 0
5546 1
5547 0
5548 1
5549 0
5550 0
5551 1
5552 0
5553 1
5554 1
5555 0
5556 1
5557 1
5558 1
5559 1
5560 1
5561 1
5562 1
5563 1
5564 1
5565 2
5566 2
5567 0
5568 1
5569 2
5570 1
5571 1
5572 0
5573 1
5574 1
5575 1
5576 0
5577 1
5578 0
5579 0
5580 1
5581 1
5582 1
5583 1
5584 1
5585 1
5586 1
5587 0
5588 0
5589 1
5590 0
5591 1
5592 1
5593 1
5594 1
5595 0
5596 1
5597 1
5598 1
5599 1
5600 1
5601 0
5602 1
5603 2
5604 1
5605 1
5606 1
5607 1
5608 1
5609 1
5610 1
5611 1
5612 0
5613 1
5614 0
5615 1
5616 0
5617 1
5618 1
5619 1
5620 0
5621 1
5622 1
5623 1
5624 1
5625 1
5626 2
5627 1
5628 0
5629 0
5630 1
5631 1
5632 0
5633 1
5634 0
5635 2
5636 1
5637 0
5638 1
5639 1
5640 2
5641 1
5642 0
5643 2
5644 0
5645 1
5646 2
5647 1
5648 1
5649 1
5650 0
5651 1
5652 2
5653 0
5654 1
5655 1
5656 1
5657 1
5658 1
5659 0
5660 2
5661 2
5662 2
5663 1
5664 1
5665 1
5666 0
5667 2
5668 0
5669 0
5670 0
5671 0
5672 1
5673 1
5674 0
5675 1
5676 1
5677 1
5678 1
5679 0
5680 0
5681 0
5682 1
5683 1
5684 0
5685 1
5686 1
5687 1
5688 0
5689 2
5690 1
5691 1
5692 0
5693 0
5694 1
5695 1
5696 1
5697 0
5698 0
5699 1
5700 1
5701 0
5702 0
5703 1
5704 1
5705 0
5706 0
5707 0
5708 1
5709 1
5710 0
5711 1
5712 1
5713 1
5714 1
5715 1
5716 1
5717 1
5718 0
5719 1
5720 1
5721 1
5722 0
5723 1
5724 2
5725 1
5726 1
5727 1
5728 0
5729 1
5730 1
5731 1
5732 0
5733 1
5734 1
5735 0
5736 1
5737 0
5738 1
5739 0
5740 1
5741 1
5742 0
5743 1
5744 1
5745 1
5746 0
5747 1
5748 1
5749 0
5750 1
5751 1
5752 1
5753 0
5754 0
5755 1
5756 1
5757 1
5758 0
5759 2
5760 1
5761 1
5762 0
5763 2
5764 1
5765 0
5766 1
5767 0
5768 1
5769 0
5770 0
5771 1
5772 1
5773 1
5774 1
5775 0
5776 1
5777 2
5778 1
5779 0
5780 2
5781 1
5782 0
5783 1
5784 1
5785 1
5786 1
5787 0
5788 0
5789 0
5790 2
5791 1
5792 1
5793 1
5794 1
5795 1
5796 1
5797 0
5798 1
5799 1
5800 1
5801 1
5802 0
5803 1
5804 0
5805 2
5806 1
5807 1
5808 0
5809 1
5810 0
5811 1
5812 1
5813 0
5814 1
5815 1
5816 2
5817 0
5818 1
5819 1
5820 1
5821 0
5822 0
5823 1
5824 1
5825 1
5826 1
5827 0
5828 0
5829 1
5830 0
5831 1
5832 1
5833 1
5834 2
5835 1
5836 1
5837 2
5838 1
5839 2
5840 0
5841 0
5842 1
5843 1
5844 1
5845 1
5846 0
5847 2
5848 1
5849 1
5850 1
5851 0
5852 0
5853 1
5854 1
5855 1
5856 0
5857 1
5858 1
5859 0
5860 0
5861 1
5862 0
5863 1
5864 1
5865 1
5866 2
5867 1
5868 0
5869 1
5870 0
5871 0
5872 1
5873 0
5874 1
5875 0
5876 1
5877 1
5878 1
5879 2
5880 0
5881 0
5882 1
5883 0
5884 1
5885 1
5886 1
5887 1
5888 1
5889 0
5890 0
5891 0
5892 0
5893 0
5894 1
5895 0
5896 2
5897 0
5898 1
5899 0
5900 1
5901 2
5902 1
5903 1
5904 1
5905 1
5906 1
5907 1
5908 1
5909 0
5910 1
5911 1
5912 1
5913 1
5914 1
5915 1
5916 1
5917 1
5918 0
5919 1
5920 0
5921 1
5922 1
5923 1
5924 0
5925 1
5926 1
5927 1
5928 1
5929 1
5930 0
5931 2
5932 1
5933 1
5934 1
5935 1
5936 0
5937 1
5938 0
5939 1
5940 1
5941 1
5942 0
5943 0
5944 1
5945 1
5946 1
5947 1
5948 1
5949 1
5950 1
5951 2
5952 1
5953 1
5954 1
5955 0
5956 0
5957 0
5958 1
5959 1
5960 1
5961 1
5962 0
5963 0
5964 1
5965 0
5966 0
5967 1
5968 1
5969 1
5970 1
5971 1
5972 0
5973 1
5974 0
5975 0
5976 0
5977 0
5978 1
5979 1
5980 1
5981 1
5982 1
5983 1
5984 1
5985 1
5986 1
5987 1
5988 1
5989 1
5990 0
5991 1
5992 1
5993 0
5994 0
5995 2
5996 1
5997 1
5998 0
5999 0
6000 0
6001 1
6002 0
6003 1
6004 1
6005 1
6006 0
6007 1
6008 0
6009 1
6010 0
6011 1
6012 1
6013 0
6014 1
6015 0
6016 1
6017 0
6018 0
6019 1
6020 1
6021 1
6022 1
6023 0
6024 1
6025 1
6026 1
6027 1
6028 1
6029 1
6030 1
6031 0
6032 0
6033 1
6034 1
6035 1
6036 1
6037 1
6038 0
6039 1
6040 0
6041 1
6042 1
6043 0
6044 1
6045 1
6046 1
6047 1
6048 1
6049 1
6050 1
6051 1
6052 1
6053 1
6054 1
6055 2
6056 0
6057 0
6058 0
6059 1
6060 0
6061 0
6062 1
6063 0
6064 1
6065 1
6066 0
6067 0
6068 1
6069 0
6070 0
6071 1
6072 0
6073 1
6074 1
6075 1
6076 1
6077 1
6078 1
6079 0
6080 1
6081 0
6082 1
6083 2
6084 2
6085 0
6086 1
6087 1
6088 2
6089 1
6090 1
6091 1
6092 2
6093 1
6094 1
6095 1
6096 0
6097 1
6098 2
6099 1
6100 0
6101 1
6102 0
6103 0
6104 0
6105 1
6106 1
6107 0
6108 0
6109 1
6110 1
6111 1
6112 0
6113 0
6114 0
6115 0
6116 1
6117 2
6118 1
6119 1
6120 1
6121 0
6122 0
6123 2
6124 2
6125 1
6126 0
6127 1
6128 1
6129 1
6130 1
6131 0
6132 1
6133 0
6134 0
6135 1
6136 1
6137 2
6138 1
6139 0
6140 0
6141 1
6142 0
6143 0
6144 1
6145 1
6146 1
6147 1
6148 2
6149 1
6150 1
6151 1
6152 1
6153 0
6154 1
6155 1
6156 0
6157 1
6158 1
6159 1
6160 0
6161 2
6162 0
6163 1
6164 0
6165 0
6166 1
6167 1
6168 1
6169 1
6170 0
6171 1
6172 1
6173 0
6174 1
6175 1
6176 1
6177 1
6178 1
6179 1
6180 1
6181 1
6182 1
6183 0
6184 0
6185 1
6186 1
6187 0
6188 0
6189 1
6190 1
6191 0
6192 1
6193 1
6194 1
6195 1
6196 0
6197 1
6198 1
6199 0
6200 1
6201 1
6202 1
6203 1
6204 2
6205 1
6206 0
6207 0
6208 1
6209 1
6210 2
6211 0
6212 1
6213 1
6214 2
6215 0
6216 0
6217 1
6218 1
6219 1
6220 0
6221 1
6222 1
6223 1
6224 1
6225 1
6226 1
6227 0
6228 0
6229 1
6230 1
6231 1
6232 1
6233 1
6234 1
6235 1
6236 1
6237 0
6238 0
6239 1
6240 0
6241 1
6242 1
6243 1
6244 1
6245 0
6246 0
6247 1
6248 1
6249 1
6250 0
6251 0
6252 0
6253 1
6254 1
6255 0
6256 0
6257 1
6258 0
6259 1
6260 2
6261 1
6262 1
6263 1
6264 2
6265 1
6266 1
6267 1
6268 1
6269 1
6270 1
6271 1
6272 0
6273 2
6274 0
6275 1
6276 1
6277 1
6278 1
6279 0
6280 1
6281 2
6282 1
6283 1
6284 0
6285 1
6286 1
6287 0
6288 0
6289 1
6290 1
6291 1
6292 1
6293 1
6294 1
6295 1
6296 1
6297 0
6298 1
6299 1
6300 1
6301 0
6302 1
6303 0
6304 1
6305 1
6306 0
6307 0
6308 0
6309 1
6310 0
6311 1
6312 0
6313 1
6314 1
6315 1
6316 1
6317 2
6318 0
6319 1
6320 1
6321 0
6322 0
6323 0
6324 1
6325 1
6326 0
6327 1
6328 1
6329 2
6330 0
6331 0
6332 1
6333 1
6334 1
6335 1
6336 1
6337 1
6338 1
6339 1
6340 1
6341 0
6342 0
6343 0
6344 1
6345 1
6346 1
6347 0
6348 2
6349 1
6350 1
6351 1
6352 1
6353 0
6354 0
6355 0
6356 0
6357 0
6358 0
6359 0
6360 1
6361 1
6362 1
6363 1
6364 1
6365 1
6366 0
6367 1
6368 0
6369 0
6370 1
6371 0
6372 0
6373 1
6374 1
6375 0
6376 1
6377 1
6378 1
6379 0
6380 2
6381 1
6382 1
6383 1
6384 1
6385 1
6386 1
6387 0
6388 1
6389 0
6390 0
6391 0
6392 1
6393 0
6394 0
6395 1
6396 0
6397 0
6398 0
6399 0
6400 1
6401 2
6402 0
6403 0
6404 0
6405 0
6406 1
6407 1
6408 0
6409 1
6410 1
6411 1
6412 1
6413 0
6414 1
6415 1
6416 1
6417 0
6418 0
6419 1
6420 1
6421 1
6422 1
6423 0
6424 1
6425 1
6426 1
6427 0
6428 0
6429 2
6430 1
6431 1
6432 0
6433 1
6434 0
6435 1
6436 1
6437 1
6438 0
6439 1
6440 0
6441 0
6442 1
6443 0
6444 1
6445 1
6446 1
6447 1
6448 0
6449 0
6450 0
6451 0
6452 0
6453 1
6454 1
6455 1
6456 0
6457 1
6458 1
6459 1
6460 0
6461 1
6462 0
6463 1
6464 1
6465 1
6466 1
6467 1
6468 1
6469 1
6470 0
6471 1
6472 0
6473 1
6474 1
6475 0
6476 2
6477 1
6478 2
6479 1
6480 2
6481 1
6482 1
6483 0
6484 1
6485 0
6486 0
6487 1
6488 0
6489 2
6490 1
6491 1
6492 0
6493 1
6494 2
6495 0
6496 1
6497 1
6498 1
6499 1
6500 2
6501 1
6502 0
6503 0
6504 0
6505 1
6506 1
6507 1
6508 0
6509 1
6510 0
6511 0
6512 1
6513 1
6514 2
6515 1
6516 1
6517 1
6518 1
6519 1
6520 1
6521 1
6522 1
6523 1
6524 0
6525 1
6526 1
6527 1
6528 0
6529 1
6530 1
6531 1
6532 1
6533 0
6534 0
6535 1
6536 1
6537 0
6538 1
6539 1
6540 1
6541 1
6542 0
6543 1
6544 0
6545 1
6546 0
6547 1
6548 1
6549 0
6550 0
6551 1
6552 1
6553 2
6554 1
6555 1
6556 0
6557 1
6558 0
6559 1
6560 0
6561 0
6562 1
6563 1
6564 1
6565 0
6566 1
6567 1
6568 1
6569 0
6570 1
6571 1
6572 1
6573 0
6574 0
6575 1
6576 1
6577 0
6578 1
6579 1
6580 1
6581 0
6582 0
6583 1
6584 1
6585 1
6586 1
6587 1
6588 0
6589 0
6590 2
6591 0
6592 1
6593 0
6594 0
6595 1
6596 1
6597 0
6598 0
6599 1
6600 1
6601 0
6602 0
6603 1
6604 0
6605 0
6606 0
6607 1
6608 1
6609 1
6610 1
6611 1
6612 0
6613 1
6614 1
6615 1
6616 0
6617 0
6618 0
6619 0
6620 1
6621 0
6622 1
6623 0
6624 0
6625 0
6626 1
6627 1
6628 2
6629 1
6630 0
6631 0
6632 0
6633 0
6634 1
6635 1
6636 0
6637 1
6638 1
6639 1
6640 1
6641 1
6642 1
6643 1
6644 0
6645 0
6646 1
6647 1
6648 1
6649 0
6650 2
6651 1
6652 1
6653 0
6654 1
6655 0
6656 2
6657 1
6658 1
6659 1
6660 1
6661 1
6662 0
6663 0
6664 0
6665 0
6666 1
6667 0
6668 0
6669 1
6670 2
6671 0
6672 1
6673 0
6674 0
6675 1
6676 1
6677 1
6678 1
6679 1
6680 1
6681 1
6682 0
6683 0
6684 0
6685 1
6686 1
6687 0
6688 1
6689 1
6690 1
6691 1
6692 2
6693 1
6694 1
6695 1
6696 0
6697 1
6698 1
6699 1
6700 2
6701 1
6702 1
6703 0
6704 1
6705 0
6706 0
6707 1
6708 0
6709 0
6710 0
6711 2
6712 2
6713 0
6714 1
6715 0
6716 1
6717 0
6718 0
6719 0
6720 0
6721 1
6722 2
6723 0
6724 1
6725 1
6726 0
6727 1
6728 0
6729 1
6730 1
6731 1
6732 0
6733 1
6734 0
6735 0
6736 1
6737 1
6738 1
6739 1
6740 0
6741 0
6742 0
6743 1
6744 0
6745 0
6746 0
6747 1
6748 1
6749 1
6750 1
6751 1
6752 1
6753 0
6754 0
6755 0
6756 0
6757 1
6758 1
6759 1
6760 1
6761 0
6762 1
6763 0
6764 1
6765 1
6766 0
6767 2
6768 1
6769 1
6770 1
6771 1
6772 1
6773 1
6774 1
6775 1
6776 0
6777 0
6778 1
6779 1
6780 1
6781 0
6782 1
6783 0
6784 1
6785 0
6786 1
6787 1
6788 1
6789 1
6790 1
6791 0
6792 0
6793 1
6794 0
6795 1
6796 1
6797 1
6798 1
6799 1
6800 0
6801 1
6802 1
6803 1
6804 0
6805 1
6806 2
6807 0
6808 1
6809 1
6810 1
6811 0
6812 1
6813 1
6814 1
6815 1
6816 0
6817 1
6818 1
6819 1
6820 0
6821 0
6822 1
6823 1
6824 0
6825 0
6826 0
6827 1
6828 1
6829 0
6830 1
6831 0
6832 0
6833 1
6834 1
6835 1
6836 1
6837 1
6838 0
6839 1
6840 1
6841 0
6842 1
6843 1
6844 1
6845 1
6846 0
6847 2
6848 1
6849 1
6850 0
6851 1
6852 1
6853 1
6854 0
6855 0
6856 1
6857 0
6858 0
6859 2
6860 0
6861 2
6862 0
6863 1
6864 1
6865 1
6866 1
6867 1
6868 0
6869 1
6870 1
6871 1
6872 1
6873 1
6874 1
6875 0
6876 1
6877 0
6878 0
6879 0
6880 1
6881 1
6882 0
6883 1
6884 1
6885 1
6886 0
6887 0
6888 0
6889 0
6890 1
6891 0
6892 1
6893 1
6894 1
6895 0
6896 0
6897 1
6898 1
6899 1
6900 0
6901 1
6902 2
6903 1
6904 1
6905 1
6906 1
6907 0
6908 1
6909 1
6910 1
6911 1
6912 1
6913 2
6914 1
6915 1
6916 1
6917 0
6918 0
6919 1
6920 0
6921 0
6922 1
6923 0
6924 2
6925 1
6926 0
6927 0
6928 0
6929 1
6930 1
6931 0
6932 0
6933 0
6934 1
6935 1
6936 0
6937 0
6938 0
6939 1
6940 1
6941 1
6942 1
6943 1
6944 1
6945 1
6946 1
6947 0
6948 0
6949 0
6950 0
6951 0
6952 1
6953 1
6954 1
6955 0
6956 1
6957 1
6958 1
6959 1
6960 1
6961 1
6962 1
6963 2
6964 1
6965 1
6966 1
6967 0
6968 1
6969 1
6970 1
6971 1
6972 1
6973 1
6974 0
6975 2
6976 1
6977 0
6978 1
6979 0
6980 2
6981 1
6982 0
6983 1
6984 0
6985 0
6986 1
6987 1
6988 1
6989 1
6990 1
6991 1
6992 0
6993 0
6994 1
6995 0
6996 1
6997 0
6998 1
6999 0
7000 0
7001 0
7002 0
7003 0
7004 1
7005 2
7006 0
7007 1
7008 0
7009 1
7010 0
7011 1
7012 1
7013 1
7014 0
7015 1
7016 0
7017 1
7018 1
7019 1
7020 1
7021 2
7022 0
7023 1
7024 1
7025 1
7026 0
7027 1
7028 1
7029 0
7030 1
7031 0
7032 1
7033 0
7034 0
7035 0
7036 1
7037 0
7038 1
7039 1
7040 1
7041 1
7042 1
7043 0
7044 1
7045 1
7046 0
7047 1
7048 1
7049 1
7050 1
7051 1
7052 1
7053 1
7054 1
7055 0
7056 2
7057 1
7058 1
7059 0
7060 2
7061 2
7062 1
7063 0
7064 0
7065 1
7066 1
7067 1
7068 1
7069 0
7070 1
7071 2
7072 0
7073 0
7074 0
7075 1
7076 0
7077 2
7078 1
7079 1
7080 1
7081 0
7082 0
7083 0
7084 1
7085 1
7086 0
7087 1
7088 0
7089 1
7090 1
7091 0
7092 0
7093 1
7094 1
7095 1
7096 2
7097 0
7098 1
7099 1
7100 0
7101 0
7102 0
7103 0
7104 2
7105 0
7106 1
7107 0
7108 0
7109 0
7110 0
7111 1
7112 0
7113 1
7114 1
7115 1
7116 1
7117 1
7118 1
7119 1
7120 1
7121 1
7122 2
7123 1
7124 1
7125 1
7126 0
7127 2
7128 0
7129 0
7130 0
7131 1
7132 1
7133 1
7134 1
7135 1
7136 0
7137 1
7138 1
7139 1
7140 1
7141 1
7142 2
7143 1
7144 0
7145 0
7146 1
7147 1
7148 0
7149 1
7150 1
7151 0
7152 0
7153 0
7154 1
7155 1
7156 0
7157 1
7158 1
7159 1
7160 0
7161 2
7162 2
7163 1
7164 0
7165 1
7166 0
7167 1
7168 0
7169 0
7170 0
7171 1
7172 1
7173 0
7174 1
7175 2
7176 0
7177 1
7178 1
7179 0
7180 0
7181 1
7182 1
7183 1
7184 0
7185 1
7186 1
7187 1
7188 1
7189 1
7190 1
7191 1
7192 1
7193 0
7194 0
7195 0
7196 0
7197 1
7198 0
7199 1
7200 1
7201 1
7202 0
7203 1
7204 1
7205 1
7206 2
7207 1
7208 1
7209 0
7210 0
7211 0
7212 0
7213 0
7214 0
7215 1
7216 0
7217 0
7218 0
7219 1
7220 1
7221 0
7222 0
7223 1
7224 1
7225 0
7226 1
7227 0
7228 0
7229 1
7230 0
7231 1
7232 1
7233 1
7234 0
7235 0
7236 1
7237 0
7238 0
7239 1
7240 1
7241 0
7242 0
7243 0
7244 1
7245 0
7246 0
7247 0
7248 1
7249 0
7250 1
7251 0
7252 1
7253 1
7254 0
7255 1
7256 2
7257 0
7258 0
7259 0
7260 1
7261 0
7262 1
7263 1
7264 0
7265 0
7266 1
7267 0
7268 1
7269 1
7270 2
7271 1
7272 2
7273 0
7274 1
7275 1
7276 1
7277 1
7278 0
7279 0
7280 1
7281 0
7282 1
7283 1
7284 1
7285 0
7286 1
7287 0
7288 1
7289 0
7290 1
7291 0
7292 1
7293 1
7294 1
7295 0
7296 0
7297 1
7298 1
7299 1
7300 1
7301 0
7302 1
7303 0
7304 1
7305 1
7306 0
7307 1
7308 0
7309 1
7310 1
7311 0
7312 0
7313 0
7314 1
7315 0
7316 1
7317 1
7318 0
7319 1
7320 1
7321 1
7322 0
7323 1
7324 1
7325 1
7326 0
7327 0
7328 1
7329 1
7330 1
7331 1
7332 1
7333 1
7334 2
7335 0
7336 1
7337 1
7338 0
7339 1
7340 0
7341 1
7342 1
7343 1
7344 1
7345 1
7346 1
7347 0
7348 0
7349 1
7350 1
7351 1
7352 1
7353 1
7354 0
7355 1
7356 1
7357 0
7358 1
7359 0
7360 1
7361 1
7362 1
7363 0
7364 1
7365 1
7366 1
7367 1
7368 2
7369 0
7370 1
7371 0
7372 0
7373 0
7374 1
7375 1
7376 1
7377 1
7378 0
7379 0
7380 1
7381 1
7382 1
7383 0
7384 1
7385 1
7386 2
7387 1
7388 1
7389 1
7390 1
7391 0
7392 0
7393 1
7394 1
7395 2
7396 1
7397 1
7398 1
7399 1
7400 1
7401 0
7402 1
7403 0
7404 1
7405 0
7406 0
7407 0
7408 1
7409 1
7410 1
7411 1
7412 1
7413 1
7414 1
7415 1
7416 0
7417 1
7418 1
7419 1
7420 0
7421 1
7422 0
7423 0
7424 0
7425 0
7426 0
7427 1
7428 1
7429 0
7430 1
7431 1
7432 0
7433 1
7434 1
7435 1
7436 0
7437 1
7438 1
7439 1
7440 1
7441 0
7442 0
7443 1
7444 0
7445 0
7446 1
7447 1
7448 2
7449 1
7450 2
7451 1
7452 1
7453 1
7454 1
7455 0
7456 0
7457 0
7458 0
7459 1
7460 1
7461 0
7462 1
7463 1
7464 1
7465 0
7466 0
7467 1
7468 1
7469 0
7470 1
7471 1
7472 0
7473 1
7474 0
7475 0
7476 1
7477 1
7478 1
7479 1
7480 0
7481 2
7482 1
7483 1
7484 0
7485 1
7486 0
7487 2
7488 0
7489 1
7490 1
7491 1
7492 1
7493 1
7494 1
7495 1
7496 1
7497 0
7498 1
7499 1
7500 1
7501 0
7502 1
7503 0
7504 0
7505 0
7506 1
7507 1
7508 1
7509 1
7510 1
7511 0
7512 1
7513 1
7514 1
7515 1
7516 1
7517 0
7518 0
7519 0
7520 1
7521 1
7522 0
7523 1
7524 0
7525 1
7526 1
7527 1
7528 1
7529 0
7530 2
7531 1
7532 1
7533 1
7534 0
7535 1
7536 1
7537 1
7538 1
7539 1
7540 1
7541 0
7542 0
7543 1
7544 0
7545 1
7546 1
7547 1
7548 0
7549 1
7550 0
7551 0
7552 0
7553 1
7554 0
7555 0
7556 0
7557 1
7558 1
7559 0
7560 0
7561 0
7562 1
7563 0
7564 1
7565 1
7566 0
7567 1
7568 1
7569 1
7570 1
7571 1
7572 0
7573 0
7574 0
7575 1
7576 0
7577 1
7578 1
7579 0
7580 0
7581 1
7582 2
7583 0
7584 0
7585 1
7586 0
7587 1
7588 1
7589 0
7590 1
7591 0
7592 1
7593 1
7594 0
7595 1
7596 1
7597 1
7598 1
7599 1
7600 1
7601 0
7602 2
7603 1
7604 0
7605 0
7606 1
7607 1
7608 0
7609 0
7610 0
7611 0
7612 0
7613 0
7614 1
7615 1
7616 0
7617 1
7618 1
7619 0
7620 1
7621 1
7622 1
7623 1
7624 0
7625 0
7626 0
7627 1
7628 1
7629 1
7630 0
7631 1
7632 0
7633 0
7634 0
7635 1
7636 1
7637 1
7638 1
7639 0
7640 0
7641 1
7642 1
7643 0
7644 1
7645 1
7646 0
7647 2
7648 0
7649 1
7650 0
7651 0
7652 0
7653 0
7654 1
7655 0
7656 1
7657 0
7658 1
7659 1
7660 1
7661 2
7662 0
7663 2
7664 2
7665 1
7666 1
7667 1
7668 0
7669 1
7670 1
7671 0
7672 0
7673 0
7674 0
7675 0
7676 1
7677 1
7678 1
7679 1
7680 1
7681 0
7682 0
7683 1
7684 1
7685 0
7686 1
7687 0
7688 0
7689 0
7690 0
7691 1
7692 1
7693 1
7694 1
7695 0
7696 0
7697 1
7698 1
7699 1
7700 1
7701 1
7702 0
7703 1
7704 2
7705 1
7706 1
7707 1
7708 1
7709 0
7710 1
7711 1
7712 1
7713 1
7714 1
7715 0
7716 1
7717 1
7718 1
7719 0
7720 2
7721 1
7722 1
7723 1
7724 0
7725 0
7726 0
7727 1
7728 1
7729 2
7730 2
7731 0
7732 1
7733 0
7734 1
7735 1
7736 0
7737 1
7738 1
7739 1
7740 0
7741 0
7742 0
7743 1
7744 1
7745 2
7746 1
7747 1
7748 1
7749 1
7750 1
7751 1
7752 1
7753 0
7754 0
7755 1
7756 0
7757 2
7758 1
7759 1
7760 1
7761 0
7762 0
7763 1
7764 2
7765 1
7766 0
7767 1
7768 0
7769 1
7770 1
7771 2
7772 1
7773 0
7774 0
7775 2
7776 1
7777 0
7778 1
7779 0
7780 2
7781 1
7782 1
7783 0
7784 1
7785 1
7786 1
7787 0
7788 1
7789 1
7790 0
7791 1
7792 1
7793 0
7794 1
7795 1
7796 1
7797 0
7798 1
7799 0
7800 1
7801 1
7802 1
7803 0
7804 0
7805 1
7806 0
7807 1
7808 1
7809 0
7810 0
7811 1
7812 1
7813 1
7814 2
7815 1
7816 2
7817 1
7818 2
7819 1
7820 1
7821 1
7822 1
7823 2
7824 1
7825 1
7826 2
7827 0
7828 0
7829 1
7830 0
7831 1
7832 1
7833 1
7834 1
7835 2
7836 0
7837 1
7838 0
7839 1
7840 1
7841 0
7842 0
7843 1
7844 2
7845 0
7846 1
7847 1
7848 1
7849 1
7850 1
7851 0
7852 1
7853 1
7854 0
7855 1
7856 2
7857 1
7858 1
7859 1
7860 1
7861 1
7862 1
7863 1
7864 2
7865 1
7866 1
7867 1
7868 1
7869 0
7870 2
7871 1
7872 2
7873 2
7874 0
7875 1
7876 1
7877 1
7878 1
7879 1
7880 0
7881 2
7882 1
7883 1
7884 1
7885 0
7886 0
7887 0
7888 0
7889 0
7890 0
7891 0
7892 0
7893 0
7894 0
7895 0
7896 0
7897 0
7898 0
7899 0
7900 0
7901 0
7902 0
7903 0
7904 0
7905 1
7906 0
7907 0
7908 0
7909 0
7910 0
7911 0
7912 0
7913 0
7914 1
7915 1
7916 0
7917 0
7918 0
7919 0
7920 0
7921 0
7922 1
7923 1
7924 1
7925 1
7926 1
7927 0
7928 1
7929 1
7930 1
7931 0
7932 1
7933 0
7934 0
7935 0
7936 0
7937 0
7938 0
7939 0
7940 0
7941 0
7942 0
7943 0
7944 0
7945 0
7946 0
7947 0
7948 1
7949 0
7950 0
7951 2
7952 0
7953 0
7954 1
7955 0
7956 1
7957 0
7958 1
7959 0
7960 1
7961 1
7962 1
7963 0
7964 0
7965 0
7966 0
7967 0
7968 0
7969 0
7970 0
7971 0
7972 0
7973 0
7974 0
7975 0
7976 1
7977 1
7978 0
7979 0
7980 0
7981 0
7982 0
7983 1
7984 1
7985 1
7986 0
7987 0
7988 0
7989 2
7990 1
7991 1
7992 2
7993 1
7994 0
7995 0
7996 0
7997 0
7998 0
7999 0
8000 0
8001 0
8002 0
8003 0
8004 0
8005 0
8006 1
8007 1
8008 0
8009 0
8010 1
8011 2
8012 1
8013 2
8014 0
8015 1
8016 1
8017 1
8018 1
8019 1
8020 2
8021 0
8022 2
8023 2
8024 1
8025 1
8026 1
8027 0
8028 0
8029 1
8030 0
8031 0
8032 1
8033 0
8034 1
8035 1
8036 1
8037 0
8038 1
8039 1
8040 1
8041 2
8042 1
8043 0
8044 0
8045 0
8046 0
8047 0
8048 0
8049 0
8050 0
8051 0
8052 0
8053 0
8054 0
8055 0
8056 0
8057 0
8058 0
8059 0
8060 0
8061 0
8062 0
8063 0
8064 0
8065 0
8066 0
8067 0
8068 1
8069 0
8070 1
8071 1
8072 1
8073 0
8074 2
8075 2
8076 0
8077 1
8078 1
8079 2
8080 1
8081 2
8082 1
8083 1
8084 1
8085 0
8086 2
8087 1
8088 1
8089 1
8090 1
8091 0
8092 2
8093 1
8094 2
8095 1
8096 1
8097 1
8098 1
8099 0
8100 1
8101 1
8102 0
8103 0
8104 0
8105 1
8106 1
8107 1
8108 0
8109 1
8110 2
8111 1
8112 1
8113 2
8114 1
8115 1
8116 1
8117 1
8118 1
8119 0
8120 0
8121 0
8122 1
8123 1
8124 1
8125 0
8126 1
8127 0
8128 1
8129 1
8130 1
8131 1
8132 1
8133 0
8134 1
8135 0
8136 2
8137 1
8138 1
8139 1
8140 1
8141 1
8142 1
8143 2
8144 2
8145 1
8146 0
8147 2
8148 1
8149 1
8150 1
8151 0
8152 0
8153 0
8154 0
8155 0
8156 2
8157 1
8158 0
8159 2
8160 1
8161 1
8162 1
8163 1
8164 1
8165 0
8166 1
8167 0
8168 1
8169 1
8170 1
8171 0
8172 2
8173 0
8174 1
8175 1
8176 1
8177 0
8178 1
8179 0
8180 1
8181 0
8182 1
8183 1
8184 0
8185 1
8186 1
8187 2
8188 2
8189 1
8190 2
8191 1
8192 1
8193 1
8194 0
8195 1
8196 1
8197 0
8198 0
8199 0
8200 0
8201 2
8202 0
8203 2
8204 0
8205 1
8206 0
8207 2
8208 1
8209 0
8210 0
8211 0
8212 1
8213 0
8214 0
8215 1
8216 1
8217 2
8218 1
8219 1
8220 2
8221 1
8222 1
8223 0
8224 2
8225 1
8226 1
8227 1
8228 0
8229 1
8230 0
8231 2
8232 1
8233 1
8234 1
8235 0
8236 1
8237 1
8238 0
8239 2
8240 0
8241 1
8242 1
8243 0
8244 1
8245 0
8246 0
8247 2
8248 1
8249 1
8250 1
8251 1
8252 0
8253 0
8254 1
8255 0
8256 1
8257 1
8258 1
8259 0
8260 1
8261 1
8262 1
8263 0
8264 1
8265 0
8266 1
8267 1
8268 1
8269 0
8270 0
8271 1
8272 0
8273 1
8274 0
8275 1
8276 1
8277 1
8278 0
8279 1
8280 1
8281 1
8282 0
8283 1
8284 1
8285 1
8286 2
8287 1
8288 1
8289 1
8290 1
8291 1
8292 1
8293 1
8294 1
8295 0
8296 1
8297 1
8298 1
8299 2
8300 1
8301 1
8302 1
8303 1
8304 1
8305 0
8306 0
8307 0
8308 0
8309 1
8310 1
8311 1
8312 0
8313 0
8314 1
8315 0
8316 1
8317 1
8318 1
8319 1
8320 0
8321 2
8322 1
8323 1
8324 1
8325 1
8326 0
8327 1
8328 1
8329 1
8330 1
8331 0
8332 1
8333 0
8334 1
8335 0
8336 0
8337 0
8338 0
8339 1
8340 2
8341 0
8342 2
8343 0
8344 1
8345 1
8346 0
8347 1
8348 1
8349 0
8350 0
8351 0
8352 0
8353 1
8354 0
8355 0
8356 0
8357 0
8358 1
8359 1
8360 1
8361 1
8362 0
8363 2
8364 1
8365 0
8366 2
8367 0
8368 0
8369 1
8370 1
8371 1
8372 1
8373 1
8374 0
8375 1
8376 1
8377 1
8378 1
8379 0
8380 1
8381 1
8382 0
8383 1
8384 0
8385 0
8386 2
8387 1
8388 0
8389 1
8390 2
8391 1
8392 0
8393 0
8394 0
8395 0
8396 0
8397 1
8398 0
8399 1
8400 1
8401 0
8402 2
8403 0
8404 0
8405 0
8406 0
8407 0
8408 1
8409 1
8410 1
8411 1
8412 1
8413 2
8414 1
8415 1
8416 1
8417 1
8418 0
8419 0
8420 2
8421 1
8422 0
8423 1
8424 1
8425 0
8426 0
8427 1
8428 0
8429 1
8430 1
8431 1
8432 1
8433 1
8434 2
8435 0
8436 0
8437 1
8438 1
8439 1
8440 1
8441 0
8442 0
8443 1
8444 1
8445 2
8446 0
8447 1
8448 0
8449 1
8450 1
8451 1
8452 2
8453 1
8454 1
8455 0
8456 1
8457 0
8458 0
8459 1
8460 1
8461 1
8462 0
8463 2
8464 0
8465 1
8466 1
8467 1
8468 0
8469 1
8470 0
8471 1
8472 0
8473 2
8474 0
8475 1
8476 1
8477 1
8478 1
8479 1
8480 0
8481 1
8482 2
8483 1
8484 1
8485 0
8486 1
8487 0
8488 1
8489 1
8490 1
8491 0
8492 1
8493 1
8494 2
8495 1
8496 1
8497 0
8498 1
8499 0
8500 2
8501 1
8502 0
8503 1
8504 1
8505 1
8506 0
8507 0
8508 1
8509 1
8510 0
8511 1
8512 0
8513 0
8514 1
8515 0
8516 2
8517 1
8518 0
8519 0
8520 1
8521 2
8522 1
8523 0
8524 2
8525 1
8526 2
8527 2
8528 1
8529 1
8530 0
8531 1
8532 0
8533 1
8534 0
8535 1
8536 0
8537 1
8538 1
8539 1
8540 0
8541 1
8542 1
8543 1
8544 1
8545 1
8546 0
8547 2
8548 0
8549 0
8550 0
8551 2
8552 1
8553 1
8554 1
8555 1
8556 2
8557 2
8558 0
8559 2
8560 1
8561 1
8562 0
8563 2
8564 0
8565 0
8566 0
8567 1
8568 1
8569 1
8570 2
8571 1
8572 2
8573 1
8574 1
8575 1
8576 1
8577 3
8578 0
8579 1
8580 2
8581 1
8582 0
8583 1
8584 1
8585 1
8586 1
8587 1
8588 1
8589 0
8590 1
8591 1
8592 0
8593 1
8594 2
8595 0
8596 1
8597 1
8598 1
8599 1
8600 1
8601 1
8602 1
8603 1
8604 0
8605 0
8606 1
8607 1
8608 1
8609 0
8610 0
8611 1
8612 1
8613 1
8614 0
8615 1
8616 1
8617 2
8618 0
8619 1
8620 0
8621 1
8622 0
8623 2
8624 0
8625 0
8626 2
8627 1
8628 2
8629 1
8630 0
8631 1
8632 0
8633 1
8634 1
8635 0
8636 0
8637 1
8638 0
8639 1
8640 0
8641 2
8642 1
8643 2
8644 1
8645 1
8646 1
8647 1
8648 1
8649 1
8650 2
8651 1
8652 1
8653 1
8654 1
8655 1
8656 2
8657 1
8658 1
8659 1
8660 0
8661 1
8662 1
8663 1
8664 0
8665 0
8666 1
8667 1
8668 1
8669 1
8670 1
8671 1
8672 1
8673 0
8674 0
8675 1
8676 0
8677 1
8678 1
8679 1
8680 2
8681 2
8682 0
8683 2
8684 1
8685 1
8686 1
8687 1
8688 1
8689 1
8690 1
8691 0
8692 0
8693 1
8694 1
8695 0
8696 1
8697 1
8698 0
8699 1
8700 1
8701 0
8702 0
8703 1
8704 1
8705 0
8706 2
8707 1
8708 2
8709 1
8710 1
8711 1
8712 1
8713 2
8714 1
8715 1
8716 2
8717 1
8718 1
8719 1
8720 1
8721 0
8722 0
8723 2
8724 0
8725 1
8726 0
8727 1
8728 0
8729 1
8730 1
8731 0
8732 1
8733 1
8734 2
8735 0
8736 0
8737 1
8738 2
8739 0
8740 1
8741 1
8742 0
8743 0
8744 1
8745 1
8746 0
8747 0
8748 1
8749 1
8750 2
8751 1
8752 1
8753 1
8754 1
8755 1
8756 1
8757 1
8758 1
8759 2
8760 0
8761 1
8762 1
8763 2
8764 1
8765 1
8766 2
8767 0
8768 1
8769 1
8770 1
8771 0
8772 1
8773 1
8774 0
8775 1
8776 2
8777 1
8778 0
8779 1
8780 0
8781 2
8782 1
8783 1
8784 1
8785 1
8786 1
8787 2
8788 0
8789 1
8790 1
8791 1
8792 2
8793 2
8794 2
8795 1
8796 1
8797 0
8798 0
8799 1
8800 0
8801 2
8802 1
8803 2
8804 1
8805 1
8806 1
8807 1
8808 2
8809 0
8810 0
8811 1
8812 1
8813 0
8814 2
8815 1
8816 0
8817 2
8818 1
8819 1
8820 1
8821 2
8822 1
8823 1
8824 0
8825 0
8826 0
8827 1
8828 1
8829 1
8830 1
8831 2
8832 1
8833 1
8834 1
8835 1
8836 1
8837 1
8838 1
8839 0
8840 1
8841 1
8842 1
8843 2
8844 0
8845 1
8846 1
8847 0
8848 1
8849 1
8850 1
8851 0
8852 0
8853 0
8854 0
8855 1
8856 1
8857 2
8858 2
8859 1
8860 1
8861 0
8862 1
8863 2
8864 2
8865 1
8866 1
8867 0
8868 1
8869 1
8870 1
8871 0
8872 1
8873 1
8874 1
8875 1
8876 1
8877 1
8878 1
8879 1
8880 2
8881 1
8882 1
8883 1
8884 2
8885 1
8886 1
8887 1
8888 1
8889 0
8890 0
8891 0
8892 1
8893 1
8894 2
8895 1
8896 1
8897 1
8898 0
8899 2
8900 1
8901 2
8902 0
8903 1
8904 0
8905 1
8906 0
8907 0
8908 1
8909 2
8910 1
8911 1
8912 1
8913 1
8914 1
8915 2
8916 0
8917 1
8918 2
8919 1
8920 2
8921 1
8922 1
8923 0
8924 0
8925 0
8926 1
8927 1
8928 1
8929 1
8930 1
8931 1
8932 1
8933 0
8934 0
8935 1
8936 0
8937 0
8938 1
8939 1
8940 0
8941 1
8942 0
8943 2
8944 1
8945 0
8946 0
8947 2
8948 0
8949 1
8950 0
8951 1
8952 1
8953 1
8954 1
8955 1
8956 1
8957 1
8958 0
8959 1
8960 1
8961 2
8962 1
8963 1
8964 1
8965 1
8966 1
8967 1
8968 1
8969 2
8970 1
8971 2
8972 1
8973 1
8974 0
8975 0
8976 1
8977 1
8978 1
8979 1
8980 2
8981 0
8982 0
8983 0
8984 0
8985 1
8986 0
8987 0
8988 0
8989 0
8990 1
8991 2
8992 0
8993 1
8994 1
8995 1
8996 2
8997 0
8998 2
8999 1
9000 0
9001 1
9002 1
9003 1
9004 0
9005 1
9006 0
9007 1
9008 1
9009 0
9010 1
9011 1
9012 1
9013 0
9014 0
9015 1
9016 0
9017 1
9018 1
9019 1
9020 1
9021 1
9022 0
9023 1
9024 2
9025 1
9026 1
9027 1
9028 1
9029 1
9030 1
9031 1
9032 0
9033 1
9034 1
9035 1
9036 1
9037 1
9038 1
9039 1
9040 2
9041 0
9042 0
9043 1
9044 1
9045 1
9046 0
9047 1
9048 0
9049 0
9050 1
9051 1
9052 0
9053 1
9054 1
9055 1
9056 1
9057 1
9058 1
9059 1
9060 0
9061 0
9062 2
9063 2
9064 2
9065 0
9066 1
9067 1
9068 1
9069 1
9070 1
9071 2
9072 1
9073 1
9074 2
9075 1
9076 1
9077 1
9078 2
9079 0
9080 1
9081 1
9082 1
9083 0
9084 0
9085 1
9086 1
9087 1
9088 1
9089 1
9090 0
9091 1
9092 1
9093 2
9094 2
9095 1
9096 0
9097 1
9098 1
9099 1
9100 0
9101 1
9102 0
9103 1
9104 1
9105 2
9106 2
9107 0
9108 0
9109 0
9110 2
9111 1
9112 0
9113 1
9114 1
9115 0
9116 2
9117 0
9118 1
9119 1
9120 1
9121 0
9122 1
9123 1
9124 0
9125 0
9126 2
9127 0
9128 1
9129 1
9130 2
9131 2
9132 1
9133 0
9134 2
9135 1
9136 1
9137 1
9138 1
9139 2
9140 1
9141 0
9142 2
9143 1
9144 1
9145 1
9146 1
9147 1
9148 1
9149 0
9150 1
9151 0
9152 0
9153 0
9154 1
9155 1
9156 2
9157 1
9158 1
9159 1
9160 1
9161 0
9162 2
9163 1
9164 1
9165 1
9166 1
9167 1
9168 1
9169 1
9170 1
9171 1
9172 1
9173 0
9174 0
9175 1
9176 1
9177 2
9178 1
9179 0
9180 2
9181 2
9182 0
9183 0
9184 1
9185 1
9186 1
9187 1
9188 0
9189 0
9190 1
9191 2
9192 0
9193 1
9194 2
9195 1
9196 0
9197 1
9198 1
9199 1
9200 1
9201 0
9202 0
9203 1
9204 0
9205 1
9206 0
9207 1
9208 1
9209 1
9210 0
9211 1
9212 0
9213 1
9214 1
9215 1
9216 1
9217 0
9218 0
9219 0
9220 1
9221 0
9222 1
9223 0
9224 1
9225 1
9226 0
9227 0
9228 1
9229 1
9230 0
9231 1
9232 0
9233 2
9234 0
9235 1
9236 0
9237 2
9238 1
9239 0
9240 2
9241 0
9242 1
9243 1
9244 2
9245 1
9246 0
9247 1
9248 1
9249 1
9250 1
9251 1
9252 1
9253 2
9254 1
9255 1
9256 0
9257 1
9258 1
9259 0
9260 1
9261 1
9262 1
9263 1
9264 1
9265 1
9266 1
9267 0
9268 0
9269 1
9270 0
9271 0
9272 1
9273 1
9274 2
9275 1
9276 2
9277 0
9278 1
9279 1
9280 1
9281 2
9282 1
9283 0
9284 0
9285 2
9286 0
9287 1
9288 2
9289 0
9290 1
9291 1
9292 0
9293 1
9294 2
9295 2
9296 0
9297 0
9298 0
9299 0
9300 1
9301 1
9302 1
9303 1
9304 1
9305 2
9306 0
9307 2
9308 1
9309 0
9310 0
9311 0
9312 1
9313 1
9314 1
9315 1
9316 0
9317 1
9318 1
9319 1
9320 2
9321 1
9322 0
9323 3
9324 1
9325 1
9326 2
9327 1
9328 1
9329 0
9330 1
9331 0
9332 0
9333 1
9334 1
9335 1
9336 1
9337 0
9338 2
9339 2
9340 1
9341 0
9342 1
9343 1
9344 0
9345 0
9346 1
9347 1
9348 1
9349 1
9350 0
9351 0
9352 2
9353 1
9354 1
9355 1
9356 1
9357 1
9358 2
9359 1
9360 1
9361 1
9362 1
9363 1
9364 1
9365 1
9366 1
9367 0
9368 1
9369 1
9370 1
9371 1
9372 2
9373 0
9374 1
9375 1
9376 0
9377 2
9378 2
9379 1
9380 1
9381 1
9382 1
9383 1
9384 2
9385 0
9386 2
9387 2
9388 0
9389 1
9390 1
9391 1
9392 1
9393 1
9394 1
9395 1
9396 1
9397 0
9398 0
9399 1
9400 0
9401 2
9402 1
9403 1
9404 0
9405 0
9406 1
9407 0
9408 1
9409 1
9410 0
9411 1
9412 0
9413 1
9414 0
9415 1
9416 1
9417 0
9418 1
9419 2
9420 1
9421 2
9422 0
9423 1
9424 1
9425 0
9426 2
9427 1
9428 1
9429 1
9430 0
9431 1
9432 1
9433 1
9434 0
9435 1
9436 1
9437 1
9438 2
9439 1
9440 1
9441 0
9442 0
9443 0
9444 0
9445 0
9446 0
9447 2
9448 1
9449 1
9450 1
9451 0
9452 2
9453 0
9454 1
9455 0
9456 0
9457 1
9458 1
9459 1
9460 1
9461 1
9462 0
9463 1
9464 0
9465 2
9466 1
9467 0
9468 1
9469 1
9470 1
9471 1
9472 1
9473 1
9474 2
9475 0
9476 0
9477 1
9478 0
9479 0
9480 1
9481 0
9482 1
9483 0
9484 1
9485 0
9486 1
9487 0
9488 1
9489 0
9490 1
9491 1
9492 1
9493 1
9494 1
9495 0
9496 1
9497 1
9498 1
9499 1
9500 0
9501 1
9502 1
9503 1
9504 0
9505 2
9506 1
9507 2
9508 2
9509 1
9510 1
9511 0
9512 1
9513 0
9514 1
9515 1
9516 1
9517 2
9518 1
9519 1
9520 1
9521 1
9522 1
9523 0
9524 1
9525 1
9526 1
9527 1
9528 1
9529 1
9530 1
9531 2
9532 2
9533 1
9534 1
9535 1
9536 0
9537 1
9538 0
9539 0
9540 0
9541 1
9542 1
9543 1
9544 2
9545 1
9546 1
9547 1
9548 1
9549 0
9550 0
9551 1
9552 0
9553 1
9554 1
9555 0
9556 0
9557 1
9558 1
9559 1
9560 1
9561 1
9562 1
9563 1
9564 1
9565 1
9566 1
9567 1
9568 1
9569 1
9570 1
9571 1
9572 1
9573 0
9574 1
9575 1
9576 1
9577 0
9578 0
9579 1
9580 1
9581 1
9582 1
9583 0
9584 0
9585 0
9586 1
9587 0
9588 0
9589 0
9590 1
9591 0
9592 0
9593 0
9594 0
9595 0
9596 1
9597 0
9598 0
9599 1
9600 0
9601 0
9602 1
9603 2
9604 1
9605 1
9606 0
9607 1
9608 1
9609 1
9610 1
9611 0
9612 1
9613 2
9614 0
9615 0
9616 1
9617 1
9618 1
9619 1
9620 1
9621 1
9622 1
9623 1
9624 0
9625 0
9626 1
9627 2
9628 1
9629 0
9630 0
9631 2
9632 0
9633 1
9634 0
9635 1
9636 1
9637 1
9638 1
9639 0
9640 0
9641 1
9642 1
9643 1
9644 1
9645 1
9646 1
9647 1
9648 1
9649 1
9650 1
9651 1
9652 0
9653 1
9654 1
9655 1
9656 0
9657 0
9658 1
9659 1
9660 2
9661 0
9662 1
9663 2
9664 0
9665 1
9666 1
9667 0
9668 1
9669 1
9670 1
9671 1
9672 1
9673 0
9674 1
9675 0
9676 1
9677 1
9678 1
9679 1
9680 2
9681 1
9682 1
9683 2
9684 1
9685 1
9686 2
9687 0
9688 1
9689 1
9690 1
9691 1
9692 1
9693 0
9694 1
9695 1
9696 0
9697 1
9698 2
9699 1
9700 1
9701 1
9702 2
9703 1
9704 1
9705 0
9706 1
9707 1
9708 0
9709 1
9710 1
9711 1
9712 1
9713 1
9714 1
9715 0
9716 1
9717 1
9718 1
9719 1
9720 1
9721 1
9722 1
9723 1
9724 1
9725 1
9726 1
9727 1
9728 0
9729 1
9730 1
9731 1
9732 1
9733 1
9734 0
9735 0
9736 1
9737 0
9738 0
9739 0
9740 1
9741 0
9742 2
9743 0
9744 2
9745 2
9746 1
9747 1
9748 1
9749 1
9750 0
9751 1
9752 1
9753 1
9754 1
9755 1
9756 1
9757 0
9758 1
9759 1
9760 2
9761 1
9762 1
9763 1
9764 1
9765 1
9766 1
9767 1
9768 2
9769 1
9770 1
9771 1
9772 1
9773 1
9774 1
9775 1
9776 1
9777 0
9778 1
9779 0
9780 0
9781 1
9782 1
9783 1
9784 1
9785 1
9786 1
9787 1
9788 1
9789 1
9790 1
9791 0
9792 1
9793 1
9794 1
9795 1
9796 1
9797 0
9798 1
9799 1
9800 1
9801 1
9802 0
9803 1
9804 1
9805 1
9806 2
9807 0
9808 1
9809 1
9810 1
9811 2
9812 1
9813 1
9814 1
9815 1
9816 1
9817 1
9818 1
9819 1
9820 1
9821 1
9822 1
9823 0
9824 0
9825 1
9826 1
9827 1
9828 1
9829 1
9830 1
9831 1
9832 0
9833 1
9834 1
9835 1
9836 2
9837 1
9838 1
9839 0
9840 1
9841 1
9842 1
9843 1
9844 1
9845 2
9846 1
9847 0
9848 1
9849 1
9850 0
9851 0
9852 0
9853 1
9854 1
9855 1
9856 2
9857 1
9858 0
9859 0
9860 1
9861 1
9862 1
9863 2
9864 1
9865 0
9866 1
9867 0
9868 0
9869 0
9870 1
9871 1
9872 2
9873 0
9874 0
9875 2
9876 0
9877 1
9878 0
9879 0
9880 0
9881 0
9882 1
9883 1
9884 1
9885 1
9886 1
9887 1
9888 2
9889 1
9890 1
9891 0
9892 1
9893 1
9894 1
9895 1
9896 0
9897 1
9898 1
9899 0
9900 1
9901 1
9902 1
9903 1
9904 1
9905 0
9906 1
9907 1
9908 1
9909 0
9910 2
9911 1
9912 1
9913 1
9914 0
9915 1
9916 1
9917 2
9918 1
9919 1
9920 1
9921 1
9922 0
9923 1
9924 1
9925 1
9926 0
9927 1
9928 1
9929 1
9930 0
9931 1
9932 1
9933 0
9934 1
9935 0
9936 0
9937 1
9938 1
9939 1
9940 1
9941 1
9942 1
9943 0
9944 1
9945 1
9946 1
9947 1
9948 1
9949 1
9950 2
9951 1
9952 1
9953 1
9954 1
9955 1
9956 1
9957 1
9958 1
9959 1
9960 1
9961 1
9962 1
9963 1
9964 1
9965 1
9966 1
9967 2
9968 1
9969 0
9970 1
9971 1
9972 0
9973 0
9974 1
9975 1
9976 1
9977 1
9978 0
9979 2
9980 1
9981 1
9982 0
9983 1
9984 0
9985 1
9986 1
9987 0
9988 0
9989 1
9990 1
9991 1
9992 1
9993 1
9994 0
9995 0
9996 1
9997 2
9998 1
9999 1
10000 1
10001 1
