1 1
2 1
3 1
4 1
5 1
6 1
7 1
8 0
9 2
10 2
11 1
12 1
13 1
14 1
15 1
16 2
17 1
18 2
19 2
20 0
21 1
22 1
23 2
24 1
25 1
26 1
27 0
28 1
29 1
30 1
31 1
32 1
33 1
34 1
35 1
36 1
37 0
38 0
39 0
40 1
41 0
42 0
43 1
44 1
45 1
46 0
47 1
48 1
49 1
50 1
51 0
52 1
53 1
54 1
55 0
56 1
57 1
58 1
59 1
60 1
61 1
62 0
63 0
64 0
65 0
66 1
67 1
68 1
69 1
70 1
71 1
72 0
73 1
74 1
75 0
76 2
77 2
78 1
79 0
80 1
81 1
82 1
83 1
84 1
85 1
86 1
87 0
88 1
89 1
90 1
91 0
92 0
93 1
94 0
95 2
96 0
97 1
98 1
99 1
100 0
101 2
102 1
103 0
104 1
105 1
106 0
107 1
108 2
109 0
110 1
111 0
112 2
113 1
114 2
115 0
116 0
117 0
118 0
119 1
120 0
121 0
122 1
123 1
124 0
125 1
126 1
127 1
128 1
129 1
130 1
131 1
132 1
133 0
134 1
135 1
136 1
137 1
138 1
139 1
140 0
141 1
142 0
143 1
144 1
145 1
146 0
147 1
148 1
149 0
150 1
151 2
152 0
153 0
154 2
155 0
156 0
157 1
158 0
159 1
160 1
161 2
162 1
163 1
164 1
165 0
166 1
167 1
168 1
169 1
170 1
171 1
172 1
173 0
174 1
175 1
176 1
177 1
178 0
179 0
180 1
181 1
182 0
183 1
184 1
185 1
186 0
187 0
188 1
189 1
190 1
191 1
192 0
193 1
194 1
195 1
196 1
197 1
198 2
199 1
200 1
201 0
202 0
203 1
204 0
205 1
206 0
207 0
208 0
209 1
210 1
211 0
212 1
213 0
214 0
215 1
216 1
217 0
218 1
219 1
220 1
221 2
222 0
223 0
224 1
225 0
226 1
227 0
228 0
229 1
230 2
231 1
232 0
233 0
234 1
235 1
236 0
237 0
238 1
239 1
240 2
241 0
242 1
243 1
244 1
245 0
246 1
247 1
248 1
249 0
250 2
251 0
252 2
253 1
254 0
255 0
256 0
257 1
258 1
259 2
260 2
261 1
262 0
263 0
264 2
265 0
266 1
267 1
268 1
269 2
270 1
271 1
272 0
273 1
274 1
275 0
276 1
277 0
278 1
279 0
280 1
281 0
282 1
283 2
284 2
285 1
286 1
287 1
288 1
289 1
290 1
291 0
292 1
293 1
294 0
295 1
296 1
297 0
298 1
299 1
300 0
301 1
302 1
303 0
304 1
305 1
306 2
307 1
308 1
309 1
310 1
311 0
312 1
313 1
314 1
315 2
316 0
317 1
318 0
319 0
320 0
321 1
322 1
323 2
324 1
325 1
326 2
327 2
328 1
329 1
330 0
331 1
332 1
333 1
334 1
335 1
336 2
337 0
338 2
339 0
340 2
341 0
342 0
343 1
344 0
345 0
346 2
347 1
348 1
349 1
350 1
351 1
352 0
353 0
354 1
355 2
356 0
357 1
358 1
359 1
360 1
361 0
362 1
363 1
364 1
365 2
366 0
367 1
368 1
369 1
370 1
371 1
372 0
373 1
374 1
375 2
376 0
377 1
378 0
379 1
380 1
381 1
382 1
383 0
384 0
385 1
386 0
387 0
388 0
389 1
390 0
391 1
392 2
393 1
394 1
395 1
396 1
397 1
398 1
399 1
400 1
401 1
402 1
403 1
404 1
405 0
406 1
407 1
408 1
409 1
410 1
411 0
412 0
413 0
414 0
415 1
416 1
417 0
418 0
419 1
420 0
421 1
422 2
423 0
424 1
425 1
426 1
427 0
428 1
429 0
430 0
431 0
432 1
433 2
434 0
435 1
436 1
437 1
438 0
439 1
440 1
441 0
442 1
443 0
444 1
445 0
446 1
447 0
448 1
449 1
450 0
451 1
452 0
453 2
454 0
455 1
456 1
457 1
458 0
459 1
460 0
461 1
462 1
463 1
464 1
465 1
466 0
467 1
468 0
469 2
470 1
471 1
472 1
473 2
474 0
475 1
476 1
477 0
478 0
479 2
480 1
481 0
482 1
483 1
484 1
485 1
486 1
487 1
488 1
489 0
490 0
491 1
492 0
493 0
494 0
495 1
496 1
497 1
498 0
499 1
500 1
501 1
502 1
503 0
504 1
505 1
506 0
507 1
508 2
509 1
510 2
511 0
512 1
513 1
514 0
515 0
516 0
517 1
518 1
519 1
520 0
521 1
522 0
523 2
524 2
525 1
526 1
527 1
528 1
529 0
530 1
531 0
532 1
533 1
534 1
535 0
536 1
537 1
538 1
539 0
540 1
541 1
542 0
543 0
544 1
545 1
546 1
547 1
548 0
549 0
550 0
551 1
552 1
553 0
554 0
555 0
556 1
557 1
558 0
559 1
560 2
561 0
562 1
563 0
564 1
565 1
566 1
567 0
568 0
569 1
570 1
571 1
572 0
573 0
574 0
575 1
576 0
577 1
578 1
579 1
580 1
581 0
582 0
583 0
584 0
585 1
586 1
587 1
588 1
589 0
590 0
591 1
592 0
593 1
594 0
595 1
596 1
597 0
598 1
599 1
600 1
601 1
602 2
603 1
604 0
605 0
606 1
607 1
608 2
609 1
610 1
611 1
612 0
613 1
614 1
615 1
616 0
617 0
618 2
619 1
620 1
621 1
622 1
623 1
624 1
625 1
626 1
627 0
628 1
629 1
630 1
631 1
632 0
633 1
634 1
635 0
636 0
637 1
638 0
639 1
640 1
641 1
642 1
643 0
644 1
645 1
646 1
647 1
648 0
649 0
650 1
651 0
652 1
653 1
654 1
655 1
656 0
657 1
658 0
659 1
660 1
661 1
662 1
663 1
664 0
665 0
666 0
667 1
668 1
669 1
670 1
671 0
672 0
673 1
674 1
675 0
676 0
677 1
678 0
679 0
680 0
681 0
682 0
683 1
684 0
685 0
686 0
687 0
688 0
689 0
690 1
691 1
692 0
693 0
694 0
695 1
696 0
697 1
698 0
699 1
700 1
701 1
702 2
703 0
704 1
705 0
706 0
707 1
708 1
709 1
710 0
711 1
712 1
713 2
714 1
715 1
716 0
717 1
718 2
719 1
720 1
721 1
722 1
723 0
724 1
725 1
726 0
727 0
728 1
729 1
730 1
731 1
732 1
733 0
734 1
735 1
736 1
737 1
738 1
739 1
740 1
741 1
742 1
743 0
744 1
745 1
746 1
747 1
748 1
749 0
750 0
751 0
752 0
753 1
754 1
755 1
756 1
757 1
758 1
759 2
760 0
761 1
762 1
763 0
764 1
765 0
766 1
767 1
768 2
769 1
770 1
771 1
772 1
773 1
774 0
775 0
776 1
777 1
778 1
779 0
780 0
781 0
782 1
783 0
784 1
785 1
786 1
787 0
788 1
789 0
790 1
791 1
792 0
793 0
794 1
795 0
796 1
797 1
798 1
799 1
800 0
801 0
802 1
803 1
804 0
805 1
806 1
807 1
808 1
809 1
810 1
811 1
812 1
813 0
814 1
815 1
816 0
817 2
818 1
819 0
820 1
821 0
822 1
823 0
824 0
825 1
826 1
827 0
828 1
829 1
830 1
831 1
832 0
833 1
834 1
835 1
836 1
837 0
838 1
839 1
840 1
841 0
842 1
843 0
844 2
845 0
846 1
847 1
848 1
849 0
850 1
851 1
852 1
853 1
854 2
855 2
856 0
857 2
858 0
859 1
860 0
861 2
862 1
863 1
864 2
865 0
866 0
867 1
868 2
869 0
870 2
871 1
872 2
873 1
874 1
875 1
876 0
877 0
878 1
879 1
880 1
881 1
882 1
883 1
884 1
885 1
886 0
887 2
888 1
889 1
890 0
891 1
892 0
893 0
894 1
895 1
896 1
897 0
898 1
899 1
900 1
901 1
902 1
903 1
904 0
905 0
906 1
907 0
908 1
909 0
910 1
911 1
912 2
913 1
914 0
915 1
916 1
917 1
918 0
919 1
920 0
921 1
922 0
923 0
924 0
925 1
926 1
927 1
928 0
929 1
930 0
931 0
932 0
933 1
934 1
935 1
936 1
937 1
938 1
939 1
940 1
941 0
942 1
943 1
944 1
945 1
946 1
947 1
948 1
949 1
950 0
951 0
952 1
953 0
954 1
955 0
956 0
957 1
958 0
959 1
960 0
961 0
962 1
963 1
964 1
965 0
966 0
967 1
968 1
969 0
970 0
971 0
972 1
973 1
974 1
975 2
976 1
977 2
978 1
979 1
980 0
981 1
982 1
983 0
984 1
985 1
986 1
987 0
988 0
989 1
990 1
991 1
992 1
993 2
994 0
995 0
996 1
997 0
998 1
999 0
1000 0
1001 1
1002 1
1003 0
1004 1
1005 1
1006 1
1007 1
1008 1
1009 0
1010 1
1011 1
1012 0
1013 0
1014 1
1015 0
1016 1
1017 1
1018 1
1019 1
1020 1
1021 1
1022 1
1023 1
1024 1
1025 1
1026 0
1027 1
1028 0
1029 1
1030 0
1031 1
1032 0
1033 1
1034 0
1035 2
1036 0
1037 1
1038 0
1039 1
1040 0
1041 1
1042 0
1043 0
1044 1
1045 1
1046 1
1047 1
1048 1
1049 0
1050 2
1051 1
1052 0
1053 0
1054 0
1055 1
1056 1
1057 0
1058 1
1059 1
1060 1
1061 1
1062 1
1063 1
1064 1
1065 0
1066 1
1067 0
1068 1
1069 1
1070 1
1071 0
1072 1
1073 1
1074 1
1075 0
1076 1
1077 1
1078 0
1079 1
1080 0
1081 1
1082 1
1083 0
1084 0
1085 1
1086 0
1087 0
1088 1
1089 0
1090 1
1091 0
1092 0
1093 1
1094 1
1095 2
1096 0
1097 0
1098 0
1099 1
1100 1
1101 1
1102 1
1103 1
1104 0
1105 1
1106 1
1107 1
1108 1
1109 1
1110 1
1111 1
1112 0
1113 2
1114 0
1115 1
1116 0
1117 0
1118 1
1119 1
1120 1
1121 1
1122 1
1123 1
1124 1
1125 0
1126 1
1127 1
1128 1
1129 0
1130 1
1131 1
1132 0
1133 1
1134 1
1135 1
1136 1
1137 0
1138 1
1139 1
1140 1
1141 1
1142 0
1143 0
1144 2
1145 1
1146 0
1147 0
1148 1
1149 0
1150 0
1151 1
1152 1
1153 0
1154 1
1155 1
1156 1
1157 1
1158 1
1159 1
1160 2
1161 1
1162 1
1163 0
1164 0
1165 0
1166 0
1167 1
1168 0
1169 1
1170 1
1171 0
1172 1
1173 1
1174 1
1175 0
1176 1
1177 1
1178 2
1179 1
1180 1
1181 1
1182 1
1183 0
1184 0
1185 2
1186 1
1187 1
1188 1
1189 1
1190 1
1191 1
1192 1
1193 0
1194 2
1195 0
1196 0
1197 0
1198 0
1199 1
1200 1
1201 0
1202 1
1203 1
1204 0
1205 1
1206 1
1207 1
1208 0
1209 1
1210 0
1211 0
1212 2
1213 1
1214 2
1215 0
1216 1
1217 2
1218 0
1219 1
1220 0
1221 0
1222 0
1223 0
1224 1
1225 1
1226 1
1227 1
1228 0
1229 0
1230 1
1231 0
1232 1
1233 1
1234 1
1235 1
1236 2
1237 1
1238 1
1239 1
1240 1
1241 0
1242 1
1243 2
1244 0
1245 1
1246 1
1247 0
1248 1
1249 1
1250 0
1251 2
1252 1
1253 1
1254 0
1255 1
1256 1
1257 1
1258 0
1259 0
1260 1
1261 0
1262 1
1263 0
1264 1
1265 0
1266 1
1267 1
1268 1
1269 2
1270 1
1271 1
1272 0
1273 1
1274 0
1275 0
1276 0
1277 0
1278 1
1279 1
1280 1
1281 0
1282 1
1283 0
1284 1
1285 1
1286 1
1287 0
1288 0
1289 0
1290 1
1291 1
1292 1
1293 1
1294 1
1295 1
1296 0
1297 1
1298 1
1299 1
1300 0
1301 1
1302 1
1303 1
1304 1
1305 1
1306 0
1307 2
1308 0
1309 1
1310 1
1311 1
1312 1
1313 1
1314 0
1315 0
1316 2
1317 0
1318 0
1319 1
1320 2
1321 1
1322 1
1323 0
1324 1
1325 0
1326 2
1327 1
1328 1
1329 0
1330 0
1331 0
1332 2
1333 1
1334 0
1335 0
1336 0
1337 1
1338 1
1339 1
1340 0
1341 0
1342 0
1343 1
1344 1
1345 1
1346 0
1347 0
1348 0
1349 2
1350 0
1351 0
1352 1
1353 1
1354 1
1355 0
1356 1
1357 0
1358 0
1359 1
1360 0
1361 1
1362 0
1363 0
1364 0
1365 0
1366 1
1367 1
1368 1
1369 1
1370 0
1371 1
1372 1
1373 0
1374 1
1375 1
1376 1
1377 1
1378 0
1379 1
1380 1
1381 1
1382 1
1383 0
1384 1
1385 0
1386 0
1387 1
1388 1
1389 1
1390 0
1391 1
1392 1
1393 1
1394 0
1395 0
1396 2
1397 1
1398 0
1399 1
1400 1
1401 1
1402 0
1403 1
1404 1
1405 0
1406 1
1407 2
1408 1
1409 1
1410 1
1411 1
1412 2
1413 1
1414 1
1415 1
1416 1
1417 0
1418 1
1419 0
1420 0
1421 1
1422 1
1423 2
1424 1
1425 1
1426 1
1427 1
1428 1
1429 1
1430 2
1431 0
1432 0
1433 1
1434 0
1435 0
1436 1
1437 1
1438 1
1439 1
1440 1
1441 1
1442 1
1443 0
1444 1
1445 1
1446 1
1447 0
1448 2
1449 2
1450 0
1451 1
1452 1
1453 0
1454 0
1455 0
1456 0
1457 1
1458 1
1459 1
1460 0
1461 1
1462 1
1463 0
1464 2
1465 0
1466 1
1467 0
1468 0
1469 0
1470 1
1471 2
1472 2
1473 2
1474 2
1475 0
1476 0
1477 1
1478 0
1479 1
1480 1
1481 1
1482 1
1483 1
1484 1
1485 0
1486 1
1487 1
1488 1
1489 1
1490 0
1491 0
1492 1
1493 1
1494 1
1495 1
1496 1
1497 1
1498 0
1499 0
1500 0
1501 0
1502 0
1503 1
1504 2
1505 0
1506 1
1507 0
1508 1
1509 1
1510 0
1511 1
1512 0
1513 2
1514 1
1515 1
1516 1
1517 0
1518 1
1519 0
1520 0
1521 1
1522 0
1523 2
1524 1
1525 1
1526 0
1527 1
1528 1
1529 1
1530 0
1531 1
1532 0
1533 0
1534 1
1535 1
1536 0
1537 0
1538 1
1539 1
1540 0
1541 0
1542 1
1543 0
1544 0
1545 0
1546 0
1547 1
1548 1
1549 1
1550 1
1551 0
1552 2
1553 1
1554 2
1555 2
1556 1
1557 1
1558 1
1559 1
1560 1
1561 1
1562 1
1563 0
1564 0
1565 1
1566 1
1567 1
1568 1
1569 1
1570 1
1571 0
1572 1
1573 1
1574 0
1575 1
1576 0
1577 0
1578 1
1579 1
1580 1
1581 1
1582 1
1583 1
1584 1
1585 0
1586 0
1587 0
1588 0
1589 1
1590 1
1591 0
1592 1
1593 0
1594 2
1595 2
1596 0
1597 1
1598 1
1599 1
1600 1
1601 1
1602 0
1603 1
1604 1
1605 1
1606 1
1607 1
1608 0
1609 0
1610 1
1611 1
1612 0
1613 0
1614 1
1615 1
1616 1
1617 1
1618 1
1619 1
1620 1
1621 0
1622 0
1623 0
1624 1
1625 1
1626 1
1627 1
1628 1
1629 1
1630 0
1631 0
1632 0
1633 1
1634 0
1635 0
1636 0
1637 1
1638 1
1639 0
1640 0
1641 0
1642 1
1643 0
1644 1
1645 0
1646 0
1647 1
1648 1
1649 2
1650 0
1651 1
1652 1
1653 1
1654 1
1655 0
1656 0
1657 1
1658 1
1659 1
1660 2
1661 1
1662 1
1663 1
1664 1
1665 1
1666 0
1667 0
1668 0
1669 0
1670 1
1671 1
1672 2
1673 1
1674 2
1675 0
1676 1
1677 0
1678 0
1679 1
1680 2
1681 0
1682 1
1683 0
1684 0
1685 0
1686 1
1687 0
1688 1
1689 0
1690 1
1691 0
1692 1
1693 1
1694 1
1695 1
1696 1
1697 0
1698 1
1699 1
1700 0
1701 1
1702 1
1703 1
1704 0
1705 1
1706 1
1707 0
1708 0
1709 0
1710 0
1711 2
1712 1
1713 0
1714 0
1715 1
1716 1
1717 1
1718 0
1719 0
1720 0
1721 0
1722 1
1723 1
1724 0
1725 2
1726 1
1727 1
1728 1
1729 1
1730 1
1731 1
1732 1
1733 0
1734 0
1735 1
1736 1
1737 0
1738 0
1739 0
1740 0
1741 0
1742 0
1743 1
1744 2
1745 0
1746 1
1747 0
1748 1
1749 0
1750 0
1751 1
1752 1
1753 1
1754 1
1755 1
1756 1
1757 2
1758 1
1759 1
1760 1
1761 1
1762 1
1763 0
1764 1
1765 1
1766 1
1767 1
1768 1
1769 1
1770 1
1771 1
1772 0
1773 0
1774 1
1775 1
1776 1
1777 1
1778 1
1779 0
1780 1
1781 1
1782 1
1783 1
1784 1
1785 0
1786 0
1787 0
1788 0
1789 0
1790 1
1791 0
1792 0
1793 1
1794 1
1795 1
1796 0
1797 2
1798 1
1799 1
1800 0
1801 1
1802 0
1803 1
1804 1
1805 1
1806 1
1807 1
1808 0
1809 1
1810 0
1811 1
1812 1
1813 1
1814 0
1815 0
1816 1
1817 1
1818 1
1819 0
1820 1
1821 0
1822 0
1823 0
1824 0
1825 0
1826 0
1827 1
1828 1
1829 1
1830 1
1831 1
1832 1
1833 0
1834 1
1835 1
1836 0
1837 1
1838 1
1839 1
1840 1
1841 2
1842 0
1843 0
1844 1
1845 0
1846 1
1847 0
1848 0
1849 1
1850 1
1851 1
1852 0
1853 2
1854 1
1855 2
1856 1
1857 0
1858 1
1859 1
1860 1
1861 1
1862 0
1863 1
1864 1
1865 1
1866 1
1867 1
1868 0
1869 0
1870 0
1871 0
1872 1
1873 1
1874 0
1875 1
1876 0
1877 0
1878 1
1879 1
1880 2
1881 0
1882 1
1883 1
1884 1
1885 1
1886 0
1887 1
1888 2
1889 1
1890 1
1891 1
1892 0
1893 1
1894 1
1895 0
1896 2
1897 0
1898 1
1899 0
1900 1
1901 0
1902 1
1903 1
1904 1
1905 0
1906 1
1907 1
1908 1
1909 1
1910 0
1911 1
1912 2
1913 0
1914 0
1915 1
1916 2
1917 1
1918 2
1919 0
1920 2
1921 1
1922 0
1923 1
1924 2
1925 1
1926 1
1927 1
1928 1
1929 0
1930 0
1931 1
1932 0
1933 1
1934 1
1935 1
1936 1
1937 2
1938 0
1939 1
1940 1
1941 0
1942 1
1943 0
1944 1
1945 1
1946 1
1947 1
1948 0
1949 0
1950 1
1951 0
1952 1
1953 1
1954 0
1955 1
1956 1
1957 1
1958 1
1959 1
1960 1
1961 1
1962 2
1963 1
1964 2
1965 1
1966 1
1967 0
1968 0
1969 1
1970 1
1971 1
1972 1
1973 1
1974 1
1975 2
1976 0
1977 1
1978 0
1979 1
1980 1
1981 0
1982 1
1983 1
1984 1
1985 1
1986 1
1987 0
1988 1
1989 0
1990 1
1991 1
1992 0
1993 0
1994 1
1995 2
1996 0
1997 0
1998 1
1999 2
2000 1
2001 1
2002 1
2003 0
2004 1
2005 0
2006 1
2007 1
2008 0
2009 1
2010 1
2011 1
2012 1
2013 1
2014 1
2015 1
2016 0
2017 1
2018 1
2019 1
2020 1
2021 1
2022 0
2023 1
2024 0
2025 0
2026 0
2027 0
2028 1
2029 1
2030 1
2031 0
2032 0
2033 1
2034 1
2035 1
2036 1
2037 2
2038 1
2039 0
2040 1
2041 1
2042 2
2043 1
2044 1
2045 1
2046 2
2047 0
2048 0
2049 1
2050 2
2051 2
2052 0
2053 2
2054 1
2055 0
2056 1
2057 1
2058 0
2059 1
2060 1
2061 0
2062 1
2063 1
2064 0
2065 1
2066 0
2067 0
2068 1
2069 0
2070 1
2071 0
2072 0
2073 0
2074 0
2075 0
2076 2
2077 0
2078 0
2079 2
2080 0
2081 1
2082 1
2083 0
2084 1
2085 1
2086 0
2087 1
2088 1
2089 0
2090 1
2091 1
2092 0
2093 1
2094 0
2095 1
2096 0
2097 1
2098 1
2099 1
2100 0
2101 1
2102 0
2103 1
2104 1
2105 0
2106 1
2107 1
2108 0
2109 1
2110 1
2111 0
2112 1
2113 1
2114 1
2115 0
2116 0
2117 1
2118 1
2119 0
2120 0
2121 2
2122 0
2123 0
2124 0
2125 2
2126 0
2127 1
2128 1
2129 1
2130 1
2131 0
2132 1
2133 0
2134 1
2135 0
2136 1
2137 0
2138 1
2139 1
2140 0
2141 1
2142 0
2143 1
2144 0
2145 1
2146 1
2147 1
2148 1
2149 1
2150 1
2151 1
2152 1
2153 1
2154 1
2155 0
2156 1
2157 1
2158 0
2159 0
2160 1
2161 0
2162 1
2163 1
2164 0
2165 1
2166 1
2167 0
2168 0
2169 1
2170 1
2171 0
2172 1
2173 1
2174 1
2175 1
2176 2
2177 1
2178 0
2179 1
2180 1
2181 1
2182 1
2183 0
2184 1
2185 1
2186 0
2187 2
2188 2
2189 1
2190 0
2191 1
2192 1
2193 1
2194 0
2195 0
2196 1
2197 1
2198 1
2199 2
2200 1
2201 1
2202 1
2203 1
2204 1
2205 1
2206 1
2207 1
2208 0
2209 1
2210 2
2211 0
2212 0
2213 1
2214 1
2215 0
2216 0
2217 1
2218 1
2219 0
2220 0
2221 1
2222 2
2223 1
2224 1
2225 1
2226 1
2227 1
2228 2
2229 1
2230 0
2231 1
2232 0
2233 1
2234 0
2235 1
2236 1
2237 0
2238 0
2239 1
2240 1
2241 1
2242 1
2243 1
2244 1
2245 1
2246 1
2247 1
2248 1
2249 1
2250 1
2251 0
2252 2
2253 1
2254 0
2255 1
2256 1
2257 0
2258 0
2259 1
2260 1
2261 1
2262 1
2263 1
2264 1
2265 1
2266 0
2267 1
2268 0
2269 1
2270 1
2271 0
2272 1
2273 1
2274 1
2275 0
2276 0
2277 1
2278 1
2279 0
2280 1
2281 1
2282 1
2283 1
2284 1
2285 1
2286 1
2287 1
2288 1
2289 0
2290 0
2291 1
2292 0
2293 0
2294 1
2295 1
2296 0
2297 0
2298 0
2299 1
2300 1
2301 1
2302 1
2303 1
2304 1
2305 0
2306 1
2307 0
2308 1
2309 1
2310 0
2311 1
2312 1
2313 1
2314 1
2315 1
2316 1
2317 1
2318 1
2319 0
2320 0
2321 1
2322 1
2323 2
2324 0
2325 0
2326 0
2327 1
2328 0
2329 1
2330 1
2331 1
2332 1
2333 0
2334 1
2335 1
2336 1
2337 1
2338 1
2339 1
2340 0
2341 1
2342 0
2343 0
2344 1
2345 0
2346 0
2347 1
2348 1
2349 1
2350 1
2351 1
2352 1
2353 1
2354 0
2355 0
2356 2
2357 1
2358 1
2359 1
2360 1
2361 1
2362 1
2363 1
2364 1
2365 0
2366 1
2367 0
2368 1
2369 2
2370 1
2371 1
2372 0
2373 1
2374 1
2375 0
2376 1
2377 0
2378 1
2379 0
2380 1
2381 1
2382 0
2383 0
2384 1
2385 1
2386 1
2387 0
2388 1
2389 1
2390 1
2391 1
2392 1
2393 0
2394 1
2395 0
2396 1
2397 1
2398 0
2399 0
2400 1
2401 2
2402 1
2403 1
2404 0
2405 1
2406 0
2407 1
2408 0
2409 0
2410 0
2411 0
2412 0
2413 1
2414 0
2415 1
2416 1
2417 1
2418 0
2419 0
2420 1
2421 1
2422 1
2423 0
2424 1
2425 0
2426 1
2427 1
2428 1
2429 1
2430 1
2431 1
2432 0
2433 0
2434 0
2435 0
2436 1
2437 0
2438 0
2439 1
2440 1
2441 1
2442 1
2443 1
2444 0
2445 1
2446 1
2447 1
2448 0
2449 1
2450 1
2451 0
2452 1
2453 1
2454 2
2455 1
2456 1
2457 1
2458 1
2459 1
2460 0
2461 1
2462 0
2463 1
2464 1
2465 0
2466 1
2467 1
2468 2
2469 1
2470 1
2471 0
2472 1
2473 0
2474 0
2475 0
2476 1
2477 1
2478 0
2479 1
2480 1
2481 1
2482 2
2483 0
2484 0
2485 1
2486 0
2487 0
2488 1
2489 0
2490 1
2491 1
2492 0
2493 1
2494 2
2495 1
2496 1
2497 2
2498 0
2499 1
2500 0
2501 0
2502 0
2503 1
2504 1
2505 1
2506 0
2507 1
2508 0
2509 1
2510 0
2511 0
2512 2
2513 0
2514 1
2515 2
2516 0
2517 1
2518 1
2519 1
2520 1
2521 0
2522 1
2523 1
2524 1
2525 0
2526 0
2527 1
2528 1
2529 0
2530 1
2531 0
2532 1
2533 0
2534 0
2535 0
2536 1
2537 0
2538 1
2539 1
2540 1
2541 1
2542 1
2543 0
2544 0
2545 1
2546 0
2547 2
2548 1
2549 1
2550 1
2551 1
2552 1
2553 1
2554 1
2555 0
2556 1
2557 1
2558 2
2559 1
2560 1
2561 0
2562 0
2563 2
2564 1
2565 0
2566 1
2567 1
2568 0
2569 1
2570 0
2571 1
2572 1
2573 1
2574 1
2575 0
2576 0
2577 1
2578 1
2579 0
2580 1
2581 1
2582 1
2583 1
2584 0
2585 1
2586 1
2587 1
2588 1
2589 1
2590 1
2591 0
2592 1
2593 1
2594 1
2595 0
2596 0
2597 1
2598 1
2599 1
2600 1
2601 1
2602 1
2603 1
2604 1
2605 0
2606 1
2607 2
2608 1
2609 1
2610 1
2611 0
2612 0
2613 0
2614 0
2615 0
2616 0
2617 0
2618 0
2619 1
2620 1
2621 0
2622 1
2623 1
2624 1
2625 1
2626 0
2627 0
2628 1
2629 0
2630 1
2631 1
2632 2
2633 0
2634 2
2635 1
2636 1
2637 0
2638 1
2639 1
2640 1
2641 1
2642 1
2643 0
2644 1
2645 0
2646 0
2647 0
2648 1
2649 1
2650 1
2651 1
2652 0
2653 1
2654 1
2655 1
2656 0
2657 1
2658 0
2659 0
2660 0
2661 0
2662 1
2663 1
2664 1
2665 1
2666 1
2667 1
2668 1
2669 1
2670 1
2671 1
2672 1
2673 0
2674 1
2675 0
2676 1
2677 1
2678 1
2679 0
2680 0
2681 1
2682 1
2683 2
2684 1
2685 2
2686 1
2687 1
2688 1
2689 1
2690 1
2691 1
2692 2
2693 0
2694 0
2695 1
2696 0
2697 0
2698 1
2699 1
2700 1
2701 1
2702 0
2703 1
2704 0
2705 1
2706 0
2707 0
2708 1
2709 0
2710 1
2711 1
2712 2
2713 1
2714 1
2715 1
2716 0
2717 0
2718 1
2719 0
2720 1
2721 1
2722 1
2723 1
2724 1
2725 0
2726 0
2727 1
2728 1
2729 1
2730 2
2731 0
2732 1
2733 1
2734 1
2735 2
2736 1
2737 2
2738 1
2739 0
2740 0
2741 1
2742 1
2743 1
2744 1
2745 0
2746 1
2747 1
2748 1
2749 0
2750 1
2751 1
2752 0
2753 1
2754 1
2755 1
2756 1
2757 1
2758 0
2759 1
2760 1
2761 0
2762 0
2763 1
2764 1
2765 0
2766 2
2767 1
2768 2
2769 1
2770 0
2771 1
2772 1
2773 0
2774 1
2775 1
2776 1
2777 1
2778 0
2779 0
2780 1
2781 0
2782 1
2783 1
2784 0
2785 1
2786 1
2787 0
2788 1
2789 2
2790 0
2791 1
2792 1
2793 1
2794 1
2795 1
2796 0
2797 1
2798 1
2799 0
2800 0
2801 0
2802 1
2803 0
2804 1
2805 1
2806 0
2807 1
2808 0
2809 0
2810 0
2811 1
2812 1
2813 1
2814 1
2815 1
2816 1
2817 1
2818 1
2819 1
2820 1
2821 1
2822 0
2823 1
2824 1
2825 1
2826 1
2827 2
2828 1
2829 2
2830 1
2831 0
2832 1
2833 0
2834 1
2835 0
2836 2
2837 0
2838 0
2839 2
2840 1
2841 0
2842 0
2843 2
2844 2
2845 0
2846 1
2847 0
2848 1
2849 0
2850 1
2851 1
2852 1
2853 1
2854 2
2855 1
2856 1
2857 1
2858 1
2859 1
2860 1
2861 1
2862 1
2863 0
2864 1
2865 0
2866 0
2867 0
2868 1
2869 2
2870 1
2871 0
2872 1
2873 1
2874 0
2875 1
2876 0
2877 1
2878 2
2879 1
2880 1
2881 0
2882 1
2883 0
2884 1
2885 0
2886 0
2887 1
2888 1
2889 1
2890 1
2891 1
2892 0
2893 1
2894 0
2895 1
2896 0
2897 1
2898 1
2899 0
2900 0
2901 1
2902 0
2903 2
2904 0
2905 1
2906 1
2907 1
2908 0
2909 1
2910 0
2911 1
2912 1
2913 1
2914 0
2915 0
2916 1
2917 1
2918 1
2919 0
2920 1
2921 1
2922 0
2923 1
2924 1
2925 1
2926 1
2927 0
2928 0
2929 1
2930 1
2931 0
2932 1
2933 0
2934 2
2935 1
2936 1
2937 1
2938 1
2939 1
2940 1
2941 1
2942 0
2943 0
2944 0
2945 1
2946 0
2947 0
2948 0
2949 1
2950 1
2951 0
2952 0
2953 0
2954 0
2955 0
2956 0
2957 0
2958 0
2959 1
2960 2
2961 1
2962 0
2963 0
2964 0
2965 0
2966 0
2967 1
2968 1
2969 1
2970 1
2971 0
2972 1
2973 1
2974 0
2975 2
2976 1
2977 0
2978 1
2979 1
2980 0
2981 0
2982 1
2983 2
2984 2
2985 1
2986 1
2987 1
2988 1
2989 1
2990 1
2991 1
2992 1
2993 0
2994 1
2995 2
2996 0
2997 1
2998 0
2999 1
3000 1
3001 0
3002 1
3003 0
3004 1
3005 1
3006 0
3007 1
3008 1
3009 2
3010 1
3011 1
3012 1
3013 0
3014 1
3015 2
3016 1
3017 0
3018 1
3019 1
3020 1
3021 1
3022 1
3023 0
3024 1
3025 1
3026 1
3027 2
3028 1
3029 1
3030 0
3031 2
3032 0
3033 1
3034 0
3035 0
3036 1
3037 1
3038 1
3039 0
3040 1
3041 1
3042 0
3043 1
3044 1
3045 1
3046 1
3047 0
3048 1
3049 0
3050 1
3051 2
3052 1
3053 1
3054 1
3055 1
3056 0
3057 1
3058 0
3059 2
3060 1
3061 0
3062 1
3063 0
3064 0
3065 0
3066 2
3067 1
3068 1
3069 1
3070 0
3071 1
3072 1
3073 1
3074 0
3075 1
3076 1
3077 1
3078 0
3079 1
3080 1
3081 0
3082 0
3083 0
3084 1
3085 1
3086 1
3087 1
3088 0
3089 1
3090 1
3091 0
3092 0
3093 0
3094 1
3095 1
3096 0
3097 1
3098 1
3099 1
3100 1
3101 1
3102 1
3103 2
3104 0
3105 0
3106 2
3107 0
3108 1
3109 0
3110 1
3111 1
3112 1
3113 0
3114 1
3115 1
3116 0
3117 1
3118 0
3119 1
3120 1
3121 2
3122 0
3123 0
3124 2
3125 2
3126 1
3127 0
3128 1
3129 1
3130 1
3131 1
3132 1
3133 1
3134 0
3135 0
3136 0
3137 1
3138 1
3139 1
3140 1
3141 1
3142 2
3143 1
3144 1
3145 1
3146 1
3147 1
3148 1
3149 1
3150 2
3151 1
3152 1
3153 1
3154 0
3155 2
3156 1
3157 1
3158 1
3159 1
3160 1
3161 1
3162 0
3163 2
3164 0
3165 2
3166 0
3167 1
3168 1
3169 1
3170 2
3171 1
3172 0
3173 1
3174 1
3175 1
3176 2
3177 0
3178 0
3179 1
3180 1
3181 1
3182 1
3183 0
3184 0
3185 0
3186 0
3187 2
3188 1
3189 1
3190 1
3191 1
3192 1
3193 0
3194 0
3195 1
3196 1
3197 0
3198 0
3199 1
3200 2
3201 0
3202 1
3203 1
3204 0
3205 1
3206 1
3207 2
3208 1
3209 0
3210 0
3211 0
3212 0
3213 1
3214 1
3215 0
3216 0
3217 1
3218 0
3219 0
3220 1
3221 0
3222 1
3223 1
3224 1
3225 1
3226 0
3227 1
3228 1
3229 1
3230 1
3231 2
3232 1
3233 0
3234 0
3235 1
3236 2
3237 1
3238 1
3239 0
3240 1
3241 1
3242 0
3243 0
3244 2
3245 1
3246 1
3247 0
3248 1
3249 0
3250 1
3251 1
3252 0
3253 0
3254 1
3255 0
3256 0
3257 0
3258 0
3259 1
3260 1
3261 1
3262 0
3263 0
3264 1
3265 2
3266 0
3267 1
3268 1
3269 0
3270 1
3271 0
3272 1
3273 1
3274 0
3275 0
3276 1
3277 1
3278 1
3279 0
3280 1
3281 1
3282 1
3283 1
3284 1
3285 1
3286 0
3287 1
3288 1
3289 0
3290 1
3291 1
3292 0
3293 1
3294 1
3295 2
3296 1
3297 1
3298 1
3299 2
3300 1
3301 1
3302 1
3303 0
3304 1
3305 0
3306 2
3307 1
3308 0
3309 1
3310 1
3311 1
3312 0
3313 1
3314 1
3315 0
3316 0
3317 1
3318 0
3319 1
3320 1
3321 1
3322 1
3323 2
3324 1
3325 1
3326 1
3327 1
3328 1
3329 1
3330 0
3331 1
3332 0
3333 0
3334 0
3335 2
3336 1
3337 2
3338 1
3339 3
3340 1
3341 0
3342 0
3343 1
3344 0
3345 0
3346 1
3347 1
3348 1
3349 2
3350 0
3351 0
3352 0
3353 1
3354 0
3355 1
3356 0
3357 1
3358 1
3359 1
3360 1
3361 1
3362 0
3363 1
3364 0
3365 1
3366 1
3367 1
3368 0
3369 0
3370 1
3371 1
3372 0
3373 2
3374 1
3375 0
3376 0
3377 1
3378 1
3379 1
3380 1
3381 0
3382 1
3383 0
3384 1
3385 2
3386 1
3387 0
3388 1
3389 1
3390 1
3391 0
3392 1
3393 0
3394 0
3395 1
3396 1
3397 0
3398 0
3399 1
3400 1
3401 1
3402 0
3403 1
3404 1
3405 0
3406 1
3407 1
3408 1
3409 1
3410 0
3411 1
3412 1
3413 1
3414 0
3415 1
3416 0
3417 0
3418 1
3419 1
3420 0
3421 1
3422 0
3423 0
3424 1
3425 0
3426 1
3427 0
3428 0
3429 2
3430 1
3431 1
3432 0
3433 1
3434 0
3435 0
3436 1
3437 1
3438 1
3439 1
3440 0
3441 0
3442 0
3443 0
3444 1
3445 1
3446 1
3447 2
3448 0
3449 1
3450 1
3451 1
3452 0
3453 1
3454 1
3455 1
3456 1
3457 0
3458 0
3459 1
3460 0
3461 1
3462 0
3463 1
3464 1
3465 2
3466 0
3467 0
3468 1
3469 0
3470 1
3471 1
3472 1
3473 1
3474 1
3475 1
3476 2
3477 0
3478 1
3479 1
3480 1
3481 0
3482 1
3483 1
3484 1
3485 1
3486 1
3487 0
3488 1
3489 0
3490 1
3491 0
3492 1
3493 0
3494 1
3495 0
3496 0
3497 1
3498 1
3499 0
3500 0
3501 2
3502 1
3503 1
3504 0
3505 1
3506 1
3507 1
3508 1
3509 0
3510 0
3511 1
3512 1
3513 0
3514 0
3515 2
3516 1
3517 0
3518 1
3519 2
3520 0
3521 0
3522 1
3523 0
3524 1
3525 1
3526 1
3527 0
3528 1
3529 1
3530 1
3531 1
3532 1
3533 1
3534 1
3535 0
3536 1
3537 1
3538 2
3539 1
3540 1
3541 1
3542 0
3543 0
3544 0
3545 0
3546 1
3547 2
3548 1
3549 2
3550 1
3551 2
3552 1
3553 1
3554 0
3555 0
3556 1
3557 1
3558 0
3559 1
3560 1
3561 1
3562 0
3563 0
3564 2
3565 1
3566 1
3567 0
3568 1
3569 0
3570 0
3571 1
3572 0
3573 1
3574 1
3575 0
3576 1
3577 1
3578 1
3579 1
3580 1
3581 0
3582 2
3583 0
3584 1
3585 1
3586 0
3587 0
3588 1
3589 0
3590 0
3591 1
3592 2
3593 1
3594 1
3595 1
3596 2
3597 1
3598 0
3599 1
3600 1
3601 0
3602 1
3603 1
3604 0
3605 0
3606 1
3607 1
3608 1
3609 1
3610 0
3611 0
3612 2
3613 0
3614 1
3615 2
3616 1
3617 0
3618 2
3619 0
3620 0
3621 2
3622 1
3623 1
3624 1
3625 1
3626 1
3627 0
3628 1
3629 0
3630 1
3631 0
3632 1
3633 0
3634 0
3635 0
3636 1
3637 2
3638 2
3639 1
3640 1
3641 1
3642 1
3643 1
3644 1
3645 1
3646 2
3647 2
3648 2
3649 1
3650 0
3651 1
3652 0
3653 2
3654 1
3655 1
3656 0
3657 1
3658 1
3659 2
3660 0
3661 1
3662 1
3663 1
3664 0
3665 2
3666 0
3667 1
3668 0
3669 0
3670 1
3671 1
3672 1
3673 0
3674 1
3675 1
3676 1
3677 2
3678 0
3679 1
3680 1
3681 1
3682 2
3683 1
3684 1
3685 2
3686 1
3687 2
3688 0
3689 1
3690 1
3691 1
3692 1
3693 2
3694 2
3695 1
3696 1
3697 0
3698 1
3699 1
3700 1
3701 1
3702 0
3703 0
3704 2
3705 1
3706 1
3707 1
3708 1
3709 1
3710 1
3711 1
3712 1
3713 1
3714 1
3715 2
3716 1
3717 1
3718 1
3719 1
3720 0
3721 2
3722 2
3723 2
3724 1
3725 1
3726 0
3727 0
3728 1
3729 1
3730 0
3731 1
3732 1
3733 2
3734 1
3735 1
3736 0
3737 1
3738 0
3739 1
3740 1
3741 0
3742 0
3743 0
3744 1
3745 1
3746 1
3747 1
3748 1
3749 1
3750 0
3751 1
3752 1
3753 1
3754 1
3755 0
3756 1
3757 0
3758 2
3759 0
3760 2
3761 0
3762 1
3763 1
3764 2
3765 1
3766 2
3767 0
3768 1
3769 1
3770 1
3771 1
3772 1
3773 2
3774 1
3775 1
3776 1
3777 1
3778 1
3779 1
3780 1
3781 1
3782 2
3783 1
3784 1
3785 1
3786 1
3787 1
3788 1
3789 0
3790 0
3791 0
3792 0
3793 0
3794 2
3795 0
3796 1
3797 1
3798 1
3799 0
3800 1
3801 1
3802 1
3803 1
3804 2
3805 2
3806 0
3807 1
3808 2
3809 0
3810 1
3811 0
3812 2
3813 1
3814 1
3815 1
3816 1
3817 0
3818 1
3819 1
3820 1
3821 1
3822 1
3823 1
3824 1
3825 1
3826 1
3827 0
3828 0
3829 1
3830 0
3831 1
3832 1
3833 1
3834 1
3835 1
3836 0
3837 1
3838 1
3839 1
3840 1
3841 1
3842 0
3843 0
3844 1
3845 1
3846 0
3847 1
3848 0
3849 0
3850 1
3851 0
3852 0
3853 1
3854 1
3855 1
3856 1
3857 1
3858 1
3859 1
3860 1
3861 1
3862 1
3863 1
3864 0
3865 0
3866 0
3867 1
3868 1
3869 1
3870 1
3871 0
3872 1
3873 1
3874 0
3875 1
3876 1
3877 0
3878 0
3879 1
3880 1
3881 1
3882 2
3883 1
3884 0
3885 0
3886 0
3887 0
3888 0
3889 0
3890 0
3891 1
3892 0
3893 0
3894 0
3895 1
3896 0
3897 0
3898 0
3899 0
3900 1
3901 1
3902 1
3903 1
3904 1
3905 1
3906 1
3907 2
3908 1
3909 0
3910 0
3911 1
3912 1
3913 1
3914 1
3915 1
3916 0
3917 1
3918 1
3919 1
3920 1
3921 1
3922 1
3923 0
3924 0
3925 1
3926 1
3927 0
3928 0
3929 0
3930 2
3931 1
3932 1
3933 1
3934 1
3935 1
3936 1
3937 0
3938 0
3939 1
3940 0
3941 0
3942 0
3943 0
3944 0
3945 0
3946 0
3947 1
3948 1
3949 0
3950 2
3951 1
3952 0
3953 0
3954 1
3955 1
3956 0
3957 2
3958 1
3959 1
3960 1
3961 1
3962 0
3963 0
3964 1
3965 1
3966 1
3967 0
3968 1
3969 0
3970 1
3971 1
3972 0
3973 1
3974 0
3975 1
3976 0
3977 0
3978 1
3979 1
3980 0
3981 0
3982 1
3983 1
3984 1
3985 1
3986 2
3987 1
3988 1
3989 1
3990 1
3991 1
3992 1
3993 1
3994 1
3995 2
3996 2
3997 1
3998 1
3999 1
4000 2
4001 1
4002 1
4003 1
4004 1
4005 0
4006 1
4007 1
4008 0
4009 0
4010 1
4011 1
4012 1
4013 1
4014 1
4015 0
4016 1
4017 2
4018 0
4019 1
4020 1
4021 0
4022 1
4023 1
4024 0
4025 0
4026 1
4027 1
4028 1
4029 1
4030 0
4031 0
4032 1
4033 1
4034 0
4035 2
4036 0
4037 1
4038 0
4039 1
4040 2
4041 1
4042 1
4043 0
4044 0
4045 0
4046 1
4047 0
4048 1
4049 1
4050 1
4051 1
4052 0
4053 1
4054 1
4055 0
4056 1
4057 0
4058 1
4059 2
4060 0
4061 1
4062 0
4063 1
4064 1
4065 0
4066 0
4067 1
4068 1
4069 0
4070 1
4071 1
4072 1
4073 2
4074 0
4075 1
4076 0
4077 1
4078 0
4079 1
4080 1
4081 0
4082 1
4083 2
4084 0
4085 1
4086 1
4087 1
4088 2
4089 2
4090 1
4091 0
4092 1
4093 1
4094 1
4095 0
4096 0
4097 0
4098 0
4099 1
4100 1
4101 1
4102 1
4103 1
4104 1
4105 1
4106 1
4107 1
4108 1
4109 2
4110 1
4111 1
4112 0
4113 1
4114 0
4115 1
4116 1
4117 1
4118 1
4119 0
4120 0
4121 1
4122 1
4123 1
4124 2
4125 1
4126 1
4127 1
4128 1
4129 1
4130 0
4131 0
4132 0
4133 1
4134 1
4135 0
4136 0
4137 0
4138 0
4139 0
4140 0
4141 0
4142 0
4143 0
4144 0
4145 0
4146 0
4147 0
4148 0
4149 0
4150 0
4151 1
4152 1
4153 0
4154 0
4155 0
4156 1
4157 1
4158 1
4159 1
4160 1
4161 1
4162 1
4163 1
4164 1
4165 1
4166 0
4167 1
4168 1
4169 2
4170 1
4171 0
4172 0
4173 1
4174 0
4175 1
4176 1
4177 0
4178 1
4179 0
4180 1
4181 0
4182 1
4183 0
4184 1
4185 1
4186 0
4187 1
4188 1
4189 2
4190 1
4191 1
4192 1
4193 0
4194 1
4195 0
4196 1
4197 0
4198 1
4199 0
4200 0
4201 0
4202 1
4203 2
4204 1
4205 0
4206 0
4207 2
4208 1
4209 1
4210 0
4211 1
4212 1
4213 1
4214 1
4215 0
4216 0
4217 1
4218 1
4219 1
4220 2
4221 0
4222 0
4223 0
4224 0
4225 1
4226 0
4227 0
4228 1
4229 1
4230 0
4231 1
4232 1
4233 2
4234 0
4235 1
4236 0
4237 1
4238 0
4239 1
4240 0
4241 2
4242 0
4243 1
4244 1
4245 1
4246 0
4247 0
4248 1
4249 1
4250 0
4251 1
4252 1
4253 1
4254 1
4255 1
4256 0
4257 1
4258 1
4259 0
4260 0
4261 0
4262 0
4263 0
4264 2
4265 1
4266 1
4267 1
4268 1
4269 0
4270 1
4271 2
4272 1
4273 1
4274 1
4275 0
4276 0
4277 2
4278 1
4279 1
4280 1
4281 2
4282 1
4283 1
4284 2
4285 1
4286 0
4287 1
4288 1
4289 0
4290 0
4291 1
4292 1
4293 1
4294 2
4295 0
4296 0
4297 0
4298 1
4299 1
4300 1
4301 1
4302 0
4303 1
4304 1
4305 1
4306 0
4307 1
4308 1
4309 1
4310 1
4311 1
4312 0
4313 2
4314 1
4315 1
4316 0
4317 1
4318 0
4319 0
4320 1
4321 0
4322 1
4323 1
4324 0
4325 1
4326 1
4327 1
4328 2
4329 1
4330 0
4331 2
4332 1
4333 0
4334 0
4335 0
4336 1
4337 1
4338 1
4339 1
4340 1
4341 1
4342 1
4343 1
4344 0
4345 0
4346 1
4347 1
4348 0
4349 1
4350 1
4351 0
4352 0
4353 1
4354 1
4355 1
4356 1
4357 1
4358 0
4359 1
4360 0
4361 0
4362 1
4363 1
4364 0
4365 1
4366 1
4367 0
4368 0
4369 0
4370 1
4371 1
4372 0
4373 0
4374 1
4375 1
4376 0
4377 1
4378 0
4379 0
4380 1
4381 0
4382 0
4383 1
4384 1
4385 1
4386 0
4387 0
4388 0
4389 1
4390 2
4391 0
4392 1
4393 1
4394 0
4395 1
4396 0
4397 1
4398 0
4399 1
4400 1
4401 1
4402 1
4403 1
4404 0
4405 0
4406 1
4407 0
4408 0
4409 1
4410 1
4411 1
4412 0
4413 1
4414 0
4415 0
4416 1
4417 1
4418 0
4419 1
4420 0
4421 1
4422 1
4423 1
4424 1
4425 1
4426 1
4427 2
4428 0
4429 1
4430 1
4431 1
4432 1
4433 1
4434 0
4435 1
4436 0
4437 1
4438 1
4439 0
4440 0
4441 1
4442 2
4443 1
4444 0
4445 0
4446 0
4447 0
4448 0
4449 0
4450 1
4451 1
4452 1
4453 0
4454 1
4455 0
4456 1
4457 1
4458 0
4459 0
4460 1
4461 0
4462 0
4463 1
4464 0
4465 0
4466 1
4467 1
4468 1
4469 1
4470 1
4471 1
4472 1
4473 0
4474 1
4475 2
4476 0
4477 1
4478 1
4479 1
4480 1
4481 0
4482 0
4483 1
4484 0
4485 1
4486 1
4487 0
4488 0
4489 0
4490 1
4491 1
4492 0
4493 0
4494 1
4495 1
4496 0
4497 2
4498 1
4499 0
4500 1
4501 0
4502 2
4503 0
4504 1
4505 1
4506 1
4507 0
4508 0
4509 1
4510 1
4511 1
4512 1
4513 0
4514 0
4515 1
4516 0
4517 1
4518 1
4519 1
4520 1
4521 1
4522 1
4523 1
4524 0
4525 1
4526 0
4527 0
4528 2
4529 2
4530 0
4531 0
4532 0
4533 0
4534 0
4535 1
4536 1
4537 1
4538 1
4539 0
4540 1
4541 0
4542 1
4543 0
4544 1
4545 1
4546 1
4547 1
4548 1
4549 1
4550 1
4551 0
4552 1
4553 1
4554 1
4555 0
4556 1
4557 0
4558 1
4559 0
4560 1
4561 1
4562 1
4563 1
4564 1
4565 1
4566 1
4567 1
4568 1
4569 1
4570 1
4571 0
4572 0
4573 1
4574 1
4575 0
4576 0
4577 0
4578 1
4579 2
4580 2
4581 1
4582 1
4583 1
4584 1
4585 0
4586 1
4587 1
4588 1
4589 1
4590 0
4591 0
4592 1
4593 1
4594 0
4595 1
4596 1
4597 0
4598 1
4599 1
4600 1
4601 1
4602 1
4603 0
4604 1
4605 1
4606 0
4607 0
4608 1
4609 0
4610 0
4611 1
4612 1
4613 1
4614 0
4615 1
4616 1
4617 0
4618 0
4619 1
4620 0
4621 0
4622 0
4623 0
4624 1
4625 1
4626 0
4627 1
4628 1
4629 1
4630 0
4631 1
4632 1
4633 1
4634 1
4635 1
4636 0
4637 1
4638 1
4639 0
4640 0
4641 1
4642 1
4643 0
4644 0
4645 1
4646 1
4647 0
4648 1
4649 1
4650 1
4651 0
4652 0
4653 1
4654 0
4655 0
4656 1
4657 1
4658 1
4659 2
4660 0
4661 0
4662 1
4663 0
4664 1
4665 0
4666 1
4667 1
4668 1
4669 0
4670 0
4671 0
4672 1
4673 1
4674 1
4675 0
4676 1
4677 1
4678 0
4679 1
4680 1
4681 1
4682 1
4683 1
4684 0
4685 1
4686 1
4687 0
4688 1
4689 0
4690 1
4691 0
4692 1
4693 1
4694 1
4695 2
4696 1
4697 1
4698 2
4699 1
4700 0
4701 1
4702 0
4703 0
4704 1
4705 1
4706 1
4707 1
4708 1
4709 1
4710 0
4711 1
4712 1
4713 1
4714 1
4715 2
4716 1
4717 1
4718 1
4719 1
4720 1
4721 1
4722 1
4723 1
4724 0
4725 0
4726 2
4727 0
4728 1
4729 1
4730 1
4731 1
4732 1
4733 0
4734 1
4735 0
4736 1
4737 0
4738 1
4739 0
4740 1
4741 1
4742 1
4743 0
4744 1
4745 0
4746 2
4747 2
4748 1
4749 1
4750 1
4751 1
4752 0
4753 1
4754 1
4755 1
4756 1
4757 1
4758 1
4759 0
4760 1
4761 1
4762 1
4763 1
4764 0
4765 0
4766 1
4767 1
4768 1
4769 1
4770 1
4771 1
4772 1
4773 1
4774 0
4775 1
4776 1
4777 1
4778 0
4779 2
4780 1
4781 0
4782 1
4783 1
4784 2
4785 0
4786 1
4787 1
4788 1
4789 1
4790 2
4791 1
4792 1
4793 0
4794 1
4795 0
4796 1
4797 2
4798 1
4799 1
4800 0
4801 0
4802 1
4803 0
4804 1
4805 1
4806 0
4807 0
4808 1
4809 1
4810 0
4811 1
4812 1
4813 0
4814 0
4815 1
4816 1
4817 1
4818 1
4819 1
4820 0
4821 0
4822 0
4823 0
4824 0
4825 1
4826 0
4827 1
4828 1
4829 0
4830 1
4831 1
4832 1
4833 1
4834 2
4835 1
4836 0
4837 1
4838 2
4839 0
4840 1
4841 1
4842 2
4843 2
4844 1
4845 1
4846 0
4847 1
4848 0
4849 1
4850 1
4851 1
4852 2
4853 0
4854 0
4855 0
4856 0
4857 1
4858 1
4859 1
4860 1
4861 2
4862 1
4863 1
4864 1
4865 0
4866 1
4867 1
4868 1
4869 1
4870 0
4871 1
4872 1
4873 0
4874 1
4875 0
4876 1
4877 0
4878 1
4879 0
4880 1
4881 1
4882 0
4883 0
4884 1
4885 0
4886 1
4887 1
4888 1
4889 0
4890 1
4891 0
4892 1
4893 1
4894 1
4895 1
4896 1
4897 1
4898 0
4899 1
4900 1
4901 1
4902 1
4903 1
4904 1
4905 1
4906 0
4907 1
4908 1
4909 2
4910 0
4911 0
4912 0
4913 0
4914 1
4915 1
4916 2
4917 1
4918 1
4919 1
4920 1
4921 1
4922 0
4923 1
4924 1
4925 0
4926 0
4927 1
4928 1
4929 0
4930 1
4931 1
4932 1
4933 1
4934 0
4935 1
4936 1
4937 0
4938 2
4939 0
4940 0
4941 1
4942 0
4943 1
4944 1
4945 1
4946 2
4947 1
4948 1
4949 1
4950 1
4951 1
4952 1
4953 1
4954 2
4955 0
4956 0
4957 1
4958 1
4959 0
4960 0
4961 0
4962 1
4963 1
4964 0
4965 1
4966 1
4967 0
4968 0
4969 1
4970 0
4971 1
4972 1
4973 1
4974 0
4975 1
4976 1
4977 1
4978 0
4979 0
4980 0
4981 1
4982 1
4983 0
4984 0
4985 0
4986 1
4987 0
4988 1
4989 0
4990 1
4991 0
4992 1
4993 0
4994 0
4995 1
4996 0
4997 1
4998 1
4999 1
5000 1
5001 1
5002 0
5003 1
5004 2
5005 0
5006 1
5007 0
5008 2
5009 0
5010 0
5011 1
5012 0
5013 1
5014 1
5015 1
5016 0
5017 1
5018 1
5019 1
5020 0
5021 1
5022 0
5023 1
5024 0
5025 1
5026 1
5027 0
5028 1
5029 0
5030 0
5031 2
5032 0
5033 0
5034 1
5035 0
5036 1
5037 2
5038 0
5039 1
5040 0
5041 0
5042 0
5043 2
5044 0
5045 0
5046 0
5047 0
5048 1
5049 1
5050 1
5051 1
5052 0
5053 0
5054 0
5055 1
5056 1
5057 0
5058 1
5059 0
5060 0
5061 1
5062 1
5063 1
5064 1
5065 1
5066 1
5067 0
5068 0
5069 1
5070 1
5071 1
5072 1
5073 1
5074 1
5075 1
5076 0
5077 1
5078 0
5079 1
5080 1
5081 2
5082 0
5083 1
5084 0
5085 0
5086 0
5087 0
5088 1
5089 1
5090 0
5091 1
5092 0
5093 1
5094 1
5095 1
5096 1
5097 1
5098 1
5099 0
5100 1
5101 1
5102 0
5103 1
5104 1
5105 1
5106 0
5107 0
5108 0
5109 0
5110 1
5111 2
5112 0
5113 0
5114 0
5115 1
5116 1
5117 0
5118 0
5119 1
5120 1
5121 1
5122 1
5123 0
5124 1
5125 1
5126 0
5127 0
5128 0
5129 0
5130 1
5131 2
5132 1
5133 1
5134 0
5135 1
5136 1
5137 1
5138 1
5139 0
5140 2
5141 1
5142 1
5143 1
5144 1
5145 1
5146 2
5147 1
5148 1
5149 1
5150 1
5151 1
5152 1
5153 1
5154 1
5155 1
5156 0
5157 0
5158 1
5159 0
5160 1
5161 0
5162 0
5163 1
5164 0
5165 0
5166 1
5167 1
5168 1
5169 1
5170 1
5171 0
5172 1
5173 0
5174 1
5175 0
5176 1
5177 1
5178 0
5179 1
5180 1
5181 0
5182 1
5183 0
5184 1
5185 1
5186 0
5187 1
5188 0
5189 0
5190 1
5191 1
5192 1
5193 0
5194 1
5195 0
5196 0
5197 0
5198 1
5199 0
5200 1
5201 1
5202 0
5203 0
5204 1
5205 1
5206 1
5207 1
5208 1
5209 0
5210 1
5211 1
5212 1
5213 1
5214 1
5215 0
5216 1
5217 0
5218 0
5219 1
5220 0
5221 1
5222 1
5223 1
5224 1
5225 1
5226 1
5227 1
5228 0
5229 0
5230 1
5231 1
5232 1
5233 0
5234 1
5235 1
5236 0
5237 1
5238 0
5239 1
5240 1
5241 1
5242 1
5243 1
5244 0
5245 1
5246 0
5247 0
5248 1
5249 0
5250 0
5251 0
5252 0
5253 1
5254 1
5255 1
5256 1
5257 0
5258 1
5259 1
5260 0
5261 0
5262 1
5263 0
5264 0
5265 1
5266 1
5267 1
5268 1
5269 1
5270 0
5271 0
5272 0
5273 0
5274 0
5275 1
5276 1
5277 0
5278 0
5279 1
5280 1
5281 1
5282 0
5283 2
5284 0
5285 1
5286 1
5287 1
5288 1
5289 1
5290 1
5291 0
5292 1
5293 0
5294 1
5295 1
5296 1
5297 1
5298 1
5299 1
5300 0
5301 2
5302 0
5303 1
5304 1
5305 1
5306 0
5307 1
5308 1
5309 1
5310 0
5311 0
5312 1
5313 1
5314 1
5315 1
5316 0
5317 0
5318 1
5319 1
5320 0
5321 0
5322 1
5323 1
5324 0
5325 0
5326 1
5327 1
5328 0
5329 0
5330 1
5331 1
5332 0
5333 1
5334 0
5335 2
5336 0
5337 1
5338 0
5339 0
5340 0
5341 1
5342 1
5343 2
5344 1
5345 2
5346 1
5347 1
5348 1
5349 1
5350 1
5351 1
5352 0
5353 0
5354 1
5355 1
5356 0
5357 1
5358 1
5359 1
5360 1
5361 0
5362 1
5363 0
5364 1
5365 1
5366 1
5367 1
5368 0
5369 1
5370 1
5371 0
5372 1
5373 1
5374 1
5375 1
5376 0
5377 1
5378 1
5379 2
5380 0
5381 1
5382 1
5383 1
5384 1
5385 1
5386 0
5387 2
5388 1
5389 0
5390 0
5391 1
5392 1
5393 1
5394 0
5395 1
5396 2
5397 0
5398 1
5399 0
5400 0
5401 0
5402 0
5403 0
5404 1
5405 0
5406 2
5407 0
5408 1
5409 1
5410 0
5411 0
5412 1
5413 1
5414 0
5415 1
5416 1
5417 0
5418 1
5419 1
5420 0
5421 0
5422 2
5423 0
5424 1
5425 1
5426 0
5427 1
5428 1
5429 0
5430 1
5431 1
5432 0
5433 1
5434 0
5435 0
5436 0
5437 1
5438 1
5439 1
5440 0
5441 1
5442 1
5443 1
5444 1
5445 1
5446 1
5447 1
5448 1
5449 1
5450 1
5451 0
5452 1
5453 1
5454 1
5455 0
5456 1
5457 0
5458 1
5459 1
5460 1
5461 1
5462 1
5463 0
5464 1
5465 0
5466 0
5467 1
5468 1
5469 1
5470 1
5471 0
5472 1
5473 0
5474 1
5475 0
5476 1
5477 2
5478 1
5479 1
5480 2
5481 1
5482 1
5483 1
5484 1
5485 0
5486 1
5487 1
5488 1
5489 1
5490 0
5491 0
5492 0
5493 0
5494 1
5495 1
5496 2
5497 0
5498 1
5499 1
5500 0
5501 2
5502 0
5503 0
5504 0
5505 2
5506 1
5507 0
5508 1
5509 1
5510 1
5511 1
5512 1
5513 0
5514 1
5515 1
5516 1
5517 1
5518 1
5519 0
5520 0
5521 1
5522 1
5523 1
5524 2
5525 1
5526 1
5527 1
5528 1
5529 1
5530 1
5531 0
5532 1
5533 1
5534 1
5535 1
5536 0
5537 1
5538 1
5539 1
5540 1
5541 1
5542 1
5543 0
5544 1
5545 1
5546 1
5547 0
5548 1
5549 2
5550 1
5551 1
5552 0
5553 1
5554 1
5555 0
5556 0
5557 1
5558 2
5559 0
5560 1
5561 0
5562 1
5563 0
5564 1
5565 1
5566 1
5567 0
5568 0
5569 1
5570 1
5571 1
5572 2
5573 0
5574 1
5575 1
5576 1
5577 1
5578 0
5579 1
5580 1
5581 0
5582 1
5583 0
5584 0
5585 0
5586 1
5587 0
5588 0
5589 1
5590 1
5591 1
5592 1
5593 1
5594 1
5595 1
5596 2
5597 0
5598 1
5599 0
5600 1
5601 1
5602 1
5603 1
5604 1
5605 2
5606 1
5607 1
5608 1
5609 1
5610 1
5611 1
5612 1
5613 1
5614 1
5615 2
5616 1
5617 0
5618 0
5619 0
5620 2
5621 0
5622 1
5623 0
5624 1
5625 1
5626 0
5627 1
5628 0
5629 1
5630 0
5631 1
5632 0
5633 1
5634 0
5635 0
5636 0
5637 1
5638 1
5639 0
5640 1
5641 1
5642 1
5643 0
5644 0
5645 1
5646 0
5647 0
5648 0
5649 1
5650 2
5651 0
5652 2
5653 0
5654 0
5655 1
5656 1
5657 0
5658 2
5659 1
5660 1
5661 1
5662 0
5663 1
5664 1
5665 0
5666 1
5667 0
5668 2
5669 1
5670 1
5671 0
5672 2
5673 0
5674 1
5675 1
5676 1
5677 1
5678 1
5679 1
5680 0
5681 1
5682 0
5683 1
5684 0
5685 1
5686 1
5687 0
5688 0
5689 0
5690 0
5691 1
5692 2
5693 1
5694 1
5695 1
5696 1
5697 2
5698 1
5699 1
5700 1
5701 1
5702 1
5703 0
5704 0
5705 1
5706 1
5707 1
5708 0
5709 0
5710 2
5711 1
5712 1
5713 0
5714 0
5715 1
5716 0
5717 0
5718 0
5719 0
5720 1
5721 0
5722 1
5723 0
5724 1
5725 1
5726 0
5727 0
5728 1
5729 0
5730 1
5731 0
5732 0
5733 0
5734 1
5735 0
5736 1
5737 1
5738 0
5739 1
5740 1
5741 0
5742 1
5743 1
5744 0
5745 1
5746 0
5747 0
5748 2
5749 1
5750 1
5751 2
5752 1
5753 0
5754 0
5755 1
5756 0
5757 0
5758 1
5759 1
5760 1
5761 1
5762 1
5763 1
5764 1
5765 0
5766 1
5767 1
5768 1
5769 1
5770 1
5771 0
5772 0
5773 1
5774 1
5775 0
5776 1
5777 0
5778 0
5779 0
5780 2
5781 1
5782 0
5783 0
5784 1
5785 0
5786 0
5787 1
5788 1
5789 1
5790 1
5791 1
5792 0
5793 1
5794 0
5795 1
5796 1
5797 1
5798 0
5799 1
5800 1
5801 1
5802 1
5803 1
5804 2
5805 0
5806 1
5807 0
5808 0
5809 0
5810 0
5811 1
5812 0
5813 0
5814 1
5815 1
5816 1
5817 0
5818 2
5819 0
5820 0
5821 2
5822 1
5823 1
5824 0
5825 1
5826 1
5827 0
5828 1
5829 0
5830 1
5831 1
5832 1
5833 0
5834 1
5835 1
5836 1
5837 1
5838 1
5839 1
5840 1
5841 0
5842 1
5843 1
5844 0
5845 0
5846 1
5847 1
5848 1
5849 1
5850 1
5851 1
5852 2
5853 0
5854 1
5855 1
5856 1
5857 1
5858 2
5859 1
5860 1
5861 0
5862 1
5863 1
5864 1
5865 1
5866 1
5867 1
5868 1
5869 1
5870 0
5871 1
5872 2
5873 0
5874 1
5875 2
5876 1
5877 1
5878 1
5879 1
5880 1
5881 0
5882 1
5883 1
5884 1
5885 1
5886 1
5887 1
5888 0
5889 1
5890 1
5891 2
5892 1
5893 1
5894 1
5895 0
5896 0
5897 0
5898 0
5899 1
5900 0
5901 0
5902 0
5903 0
5904 1
5905 1
5906 1
5907 0
5908 1
5909 1
5910 0
5911 1
5912 1
5913 2
5914 1
5915 2
5916 1
5917 1
5918 0
5919 1
5920 0
5921 1
5922 1
5923 2
5924 0
5925 1
5926 2
5927 1
5928 1
5929 2
5930 1
5931 1
5932 1
5933 1
5934 1
5935 1
5936 1
5937 1
5938 1
5939 1
5940 1
5941 1
5942 2
5943 0
5944 1
5945 0
5946 0
5947 0
5948 0
5949 0
5950 1
5951 1
5952 0
5953 1
5954 0
5955 1
5956 1
5957 1
5958 0
5959 0
5960 0
5961 1
5962 0
5963 0
5964 1
5965 0
5966 1
5967 1
5968 1
5969 1
5970 0
5971 2
5972 2
5973 1
5974 1
5975 0
5976 0
5977 1
5978 1
5979 1
5980 0
5981 0
5982 1
5983 0
5984 0
5985 0
5986 1
5987 1
5988 1
5989 1
5990 1
5991 1
5992 1
5993 1
5994 0
5995 2
5996 0
5997 1
5998 1
5999 0
6000 0
6001 1
6002 1
6003 1
6004 1
6005 0
6006 1
6007 1
6008 1
6009 0
6010 1
6011 1
6012 1
6013 1
6014 1
6015 0
6016 0
6017 1
6018 1
6019 0
6020 1
6021 1
6022 0
6023 0
6024 1
6025 0
6026 0
6027 1
6028 1
6029 1
6030 0
6031 1
6032 1
6033 0
6034 1
6035 1
6036 1
6037 1
6038 1
6039 0
6040 0
6041 0
6042 1
6043 0
6044 0
6045 1
6046 1
6047 1
6048 1
6049 1
6050 1
6051 1
6052 0
6053 0
6054 0
6055 1
6056 1
6057 1
6058 0
6059 1
6060 1
6061 0
6062 1
6063 0
6064 1
6065 1
6066 1
6067 1
6068 1
6069 1
6070 0
6071 0
6072 1
6073 0
6074 0
6075 1
6076 1
6077 0
6078 0
6079 1
6080 0
6081 1
6082 0
6083 0
6084 1
6085 1
6086 1
6087 0
6088 1
6089 1
6090 2
6091 1
6092 0
6093 1
6094 1
6095 2
6096 0
6097 0
6098 1
6099 1
6100 1
6101 0
6102 1
6103 1
6104 1
6105 1
6106 0
6107 1
6108 0
6109 0
6110 1
6111 0
6112 1
6113 1
6114 1
6115 1
6116 1
6117 1
6118 1
6119 1
6120 0
6121 0
6122 1
6123 1
6124 1
6125 1
6126 1
6127 1
6128 1
6129 2
6130 0
6131 1
6132 0
6133 1
6134 0
6135 0
6136 2
6137 1
6138 1
6139 1
6140 0
6141 0
6142 1
6143 0
6144 1
6145 1
6146 0
6147 1
6148 0
6149 0
6150 0
6151 0
6152 1
6153 0
6154 0
6155 1
6156 1
6157 1
6158 0
6159 0
6160 0
6161 0
6162 2
6163 1
6164 1
6165 1
6166 1
6167 1
6168 0
6169 1
6170 0
6171 1
6172 1
6173 1
6174 1
6175 0
6176 1
6177 0
6178 0
6179 1
6180 1
6181 0
6182 1
6183 0
6184 0
6185 1
6186 1
6187 1
6188 0
6189 1
6190 1
6191 1
6192 1
6193 1
6194 1
6195 0
6196 0
6197 1
6198 1
6199 2
6200 1
6201 1
6202 1
6203 2
6204 0
6205 0
6206 0
6207 1
6208 1
6209 1
6210 0
6211 1
6212 2
6213 1
6214 1
6215 0
6216 2
6217 1
6218 0
6219 1
6220 0
6221 1
6222 1
6223 0
6224 1
6225 0
6226 1
6227 1
6228 1
6229 2
6230 0
6231 1
6232 1
6233 1
6234 0
6235 1
6236 1
6237 1
6238 1
6239 2
6240 1
6241 1
6242 1
6243 0
6244 1
6245 1
6246 1
6247 0
6248 1
6249 0
6250 0
6251 0
6252 2
6253 1
6254 1
6255 0
6256 1
6257 0
6258 1
6259 1
6260 0
6261 0
6262 0
6263 1
6264 1
6265 1
6266 1
6267 1
6268 1
6269 1
6270 1
6271 1
6272 1
6273 1
6274 0
6275 1
6276 1
6277 1
6278 0
6279 1
6280 1
6281 1
6282 0
6283 1
6284 1
6285 1
6286 0
6287 1
6288 0
6289 1
6290 1
6291 0
6292 1
6293 0
6294 2
6295 2
6296 1
6297 2
6298 1
6299 1
6300 0
6301 0
6302 0
6303 0
6304 1
6305 1
6306 1
6307 1
6308 2
6309 1
6310 1
6311 0
6312 0
6313 1
6314 2
6315 0
6316 1
6317 1
6318 1
6319 1
6320 1
6321 0
6322 0
6323 1
6324 2
6325 1
6326 1
6327 1
6328 1
6329 0
6330 1
6331 1
6332 1
6333 1
6334 2
6335 0
6336 1
6337 0
6338 1
6339 1
6340 1
6341 0
6342 0
6343 0
6344 1
6345 1
6346 0
6347 1
6348 2
6349 1
6350 0
6351 1
6352 0
6353 0
6354 1
6355 1
6356 1
6357 0
6358 1
6359 1
6360 2
6361 0
6362 1
6363 0
6364 0
6365 1
6366 0
6367 1
6368 1
6369 1
6370 0
6371 1
6372 1
6373 1
6374 0
6375 0
6376 0
6377 0
6378 1
6379 1
6380 1
6381 0
6382 2
6383 1
6384 0
6385 0
6386 1
6387 1
6388 1
6389 1
6390 0
6391 0
6392 1
6393 0
6394 0
6395 0
6396 1
6397 1
6398 1
6399 0
6400 1
6401 0
6402 0
6403 1
6404 0
6405 1
6406 0
6407 1
6408 1
6409 1
6410 2
6411 1
6412 2
6413 1
6414 0
6415 0
6416 0
6417 0
6418 1
6419 1
6420 1
6421 1
6422 0
6423 1
6424 1
6425 1
6426 0
6427 1
6428 1
6429 2
6430 0
6431 0
6432 1
6433 0
6434 0
6435 1
6436 1
6437 1
6438 1
6439 1
6440 0
6441 1
6442 0
6443 0
6444 1
6445 2
6446 0
6447 0
6448 0
6449 0
6450 1
6451 0
6452 0
6453 1
6454 0
6455 0
6456 2
6457 1
6458 1
6459 1
6460 1
6461 1
6462 1
6463 2
6464 1
6465 1
6466 0
6467 1
6468 0
6469 1
6470 0
6471 1
6472 1
6473 0
6474 1
6475 1
6476 1
6477 1
6478 0
6479 0
6480 1
6481 1
6482 0
6483 0
6484 1
6485 1
6486 1
6487 1
6488 0
6489 1
6490 0
6491 1
6492 0
6493 0
6494 0
6495 1
6496 0
6497 1
6498 1
6499 1
6500 1
6501 0
6502 0
6503 1
6504 2
6505 1
6506 1
6507 2
6508 1
6509 1
6510 1
6511 1
6512 1
6513 1
6514 1
6515 1
6516 1
6517 1
6518 1
6519 1
6520 1
6521 0
6522 2
6523 0
6524 1
6525 1
6526 1
6527 0
6528 1
6529 1
6530 1
6531 0
6532 1
6533 1
6534 1
6535 1
6536 1
6537 1
6538 1
6539 1
6540 1
6541 1
6542 1
6543 1
6544 1
6545 0
6546 0
6547 1
6548 1
6549 1
6550 1
6551 2
6552 0
6553 0
6554 0
6555 0
6556 1
6557 2
6558 0
6559 1
6560 0
6561 0
6562 0
6563 1
6564 1
6565 1
6566 1
6567 1
6568 0
6569 1
6570 0
6571 0
6572 1
6573 1
6574 1
6575 1
6576 0
6577 0
6578 1
6579 0
6580 0
6581 1
6582 2
6583 1
6584 2
6585 0
6586 1
6587 2
6588 1
6589 2
6590 1
6591 0
6592 0
6593 1
6594 0
6595 1
6596 0
6597 1
6598 1
6599 0
6600 2
6601 0
6602 1
6603 1
6604 0
6605 0
6606 1
6607 0
6608 1
6609 1
6610 0
6611 0
6612 1
6613 0
6614 1
6615 1
6616 1
6617 1
6618 0
6619 1
6620 1
6621 0
6622 1
6623 2
6624 1
6625 1
6626 1
6627 1
6628 1
6629 1
6630 2
6631 1
6632 1
6633 0
6634 1
6635 1
6636 0
6637 0
6638 1
6639 1
6640 1
6641 1
6642 1
6643 1
6644 1
6645 0
6646 1
6647 0
6648 0
6649 1
6650 1
6651 1
6652 1
6653 0
6654 1
6655 1
6656 1
6657 1
6658 1
6659 1
6660 1
6661 1
6662 1
6663 1
6664 0
6665 0
6666 1
6667 0
6668 0
6669 1
6670 2
6671 0
6672 1
6673 1
6674 1
6675 1
6676 1
6677 1
6678 1
6679 1
6680 0
6681 1
6682 1
6683 1
6684 0
6685 1
6686 1
6687 0
6688 1
6689 1
6690 0
6691 0
6692 0
6693 0
6694 1
6695 1
6696 1
6697 0
6698 1
6699 1
6700 0
6701 1
6702 2
6703 1
6704 0
6705 1
6706 0
6707 1
6708 1
6709 0
6710 1
6711 1
6712 1
6713 0
6714 1
6715 1
6716 1
6717 2
6718 1
6719 0
6720 1
6721 1
6722 1
6723 0
6724 0
6725 0
6726 1
6727 2
6728 0
6729 1
6730 0
6731 1
6732 1
6733 1
6734 2
6735 1
6736 1
6737 1
6738 1
6739 1
6740 1
6741 0
6742 1
6743 1
6744 0
6745 0
6746 1
6747 0
6748 1
6749 1
6750 1
6751 1
6752 1
6753 0
6754 0
6755 2
6756 1
6757 1
6758 1
6759 1
6760 0
6761 1
6762 1
6763 1
6764 1
6765 0
6766 0
6767 1
6768 1
6769 0
6770 1
6771 1
6772 1
6773 1
6774 2
6775 1
6776 0
6777 1
6778 1
6779 1
6780 1
6781 1
6782 0
6783 1
6784 1
6785 1
6786 1
6787 0
6788 0
6789 1
6790 0
6791 1
6792 1
6793 1
6794 0
6795 1
6796 1
6797 2
6798 1
6799 1
6800 1
6801 1
6802 0
6803 1
6804 0
6805 0
6806 1
6807 1
6808 1
6809 1
6810 0
6811 0
6812 0
6813 1
6814 1
6815 0
6816 0
6817 1
6818 1
6819 0
6820 0
6821 0
6822 1
6823 0
6824 1
6825 1
6826 1
6827 0
6828 1
6829 0
6830 0
6831 1
6832 1
6833 1
6834 1
6835 1
6836 1
6837 0
6838 1
6839 1
6840 0
6841 1
6842 1
6843 1
6844 0
6845 1
6846 1
6847 0
6848 1
6849 1
6850 1
6851 1
6852 0
6853 1
6854 0
6855 1
6856 0
6857 0
6858 1
6859 0
6860 1
6861 2
6862 1
6863 1
6864 2
6865 1
6866 0
6867 2
6868 1
6869 1
6870 1
6871 1
6872 1
6873 0
6874 1
6875 0
6876 0
6877 0
6878 1
6879 1
6880 1
6881 0
6882 0
6883 1
6884 1
6885 1
6886 1
6887 1
6888 0
6889 1
6890 0
6891 0
6892 1
6893 2
6894 1
6895 1
6896 0
6897 0
6898 1
6899 1
6900 0
6901 0
6902 1
6903 1
6904 1
6905 0
6906 1
6907 1
6908 1
6909 1
6910 0
6911 0
6912 1
6913 1
6914 0
6915 0
6916 0
6917 1
6918 0
6919 1
6920 1
6921 0
6922 1
6923 0
6924 1
6925 2
6926 0
6927 1
6928 1
6929 1
6930 1
6931 1
6932 1
6933 1
6934 0
6935 1
6936 2
6937 1
6938 1
6939 1
6940 1
6941 1
6942 1
6943 1
6944 0
6945 1
6946 1
6947 1
6948 1
6949 0
6950 1
6951 0
6952 1
6953 0
6954 0
6955 0
6956 0
6957 1
6958 1
6959 1
6960 1
6961 0
6962 1
6963 0
6964 1
6965 2
6966 0
6967 0
6968 2
6969 1
6970 0
6971 1
6972 1
6973 2
6974 1
6975 0
6976 1
6977 1
6978 1
6979 1
6980 1
6981 0
6982 1
6983 1
6984 1
6985 1
6986 0
6987 0
6988 1
6989 0
6990 0
6991 1
6992 1
6993 1
6994 1
6995 0
6996 0
6997 1
6998 1
6999 1
7000 1
7001 0
7002 0
7003 0
7004 1
7005 1
7006 1
7007 1
7008 2
7009 0
7010 1
7011 1
7012 1
7013 1
7014 0
7015 0
7016 1
7017 0
7018 1
7019 0
7020 0
7021 1
7022 1
7023 0
7024 0
7025 1
7026 2
7027 0
7028 1
7029 1
7030 0
7031 1
7032 1
7033 0
7034 1
7035 2
7036 2
7037 2
7038 0
7039 1
7040 0
7041 2
7042 1
7043 0
7044 0
7045 2
7046 1
7047 0
7048 1
7049 1
7050 1
7051 1
7052 1
7053 0
7054 2
7055 2
7056 1
7057 1
7058 1
7059 2
7060 1
7061 1
7062 1
7063 0
7064 1
7065 2
7066 1
7067 2
7068 1
7069 1
7070 0
7071 0
7072 1
7073 1
7074 2
7075 2
7076 1
7077 0
7078 1
7079 0
7080 1
7081 1
7082 0
7083 1
7084 0
7085 0
7086 1
7087 0
7088 1
7089 1
7090 1
7091 0
7092 1
7093 0
7094 1
7095 1
7096 1
7097 0
7098 0
7099 1
7100 2
7101 0
7102 1
7103 0
7104 1
7105 0
7106 1
7107 1
7108 1
7109 1
7110 1
7111 0
7112 1
7113 1
7114 1
7115 1
7116 0
7117 1
7118 1
7119 1
7120 1
7121 1
7122 1
7123 1
7124 1
7125 0
7126 1
7127 0
7128 1
7129 1
7130 1
7131 1
7132 1
7133 1
7134 1
7135 1
7136 1
7137 1
7138 0
7139 0
7140 0
7141 0
7142 1
7143 0
7144 1
7145 0
7146 0
7147 1
7148 1
7149 1
7150 1
7151 0
7152 0
7153 1
7154 0
7155 0
7156 1
7157 1
7158 0
7159 0
7160 1
7161 1
7162 1
7163 1
7164 1
7165 2
7166 0
7167 1
7168 1
7169 1
7170 2
7171 0
7172 0
7173 1
7174 1
7175 0
7176 1
7177 1
7178 2
7179 0
7180 1
7181 2
7182 1
7183 0
7184 1
7185 1
7186 1
7187 2
7188 0
7189 1
7190 1
7191 0
7192 0
7193 0
7194 1
7195 1
7196 1
7197 2
7198 1
7199 2
7200 0
7201 1
7202 1
7203 1
7204 1
7205 2
7206 0
7207 1
7208 0
7209 0
7210 1
7211 0
7212 1
7213 0
7214 1
7215 1
7216 1
7217 1
7218 0
7219 0
7220 1
7221 0
7222 0
7223 1
7224 1
7225 0
7226 1
7227 1
7228 2
7229 1
7230 1
7231 0
7232 1
7233 1
7234 0
7235 2
7236 1
7237 1
7238 1
7239 1
7240 1
7241 2
7242 0
7243 0
7244 0
7245 0
7246 1
7247 1
7248 0
7249 0
7250 1
7251 2
7252 0
7253 1
7254 1
7255 0
7256 1
7257 1
7258 1
7259 0
7260 0
7261 1
7262 0
7263 1
7264 1
7265 0
7266 2
7267 1
7268 1
7269 0
7270 0
7271 1
7272 1
7273 1
7274 0
7275 0
7276 1
7277 1
7278 1
7279 1
7280 2
7281 1
7282 1
7283 0
7284 1
7285 0
7286 1
7287 2
7288 1
7289 2
7290 1
7291 1
7292 1
7293 0
7294 1
7295 1
7296 1
7297 1
7298 1
7299 1
7300 1
7301 1
7302 0
7303 0
7304 0
7305 0
7306 1
7307 0
7308 1
7309 2
7310 1
7311 1
7312 0
7313 0
7314 0
7315 0
7316 1
7317 1
7318 1
7319 1
7320 1
7321 1
7322 1
7323 0
7324 1
7325 1
7326 1
7327 1
7328 1
7329 1
7330 0
7331 0
7332 1
7333 0
7334 1
7335 0
7336 1
7337 1
7338 0
7339 1
7340 1
7341 1
7342 1
7343 0
7344 0
7345 1
7346 1
7347 0
7348 0
7349 1
7350 1
7351 1
7352 1
7353 1
7354 0
7355 0
7356 1
7357 1
7358 1
7359 0
7360 0
7361 1
7362 1
7363 0
7364 0
7365 1
7366 0
7367 0
7368 0
7369 0
7370 2
7371 0
7372 1
7373 0
7374 1
7375 1
7376 1
7377 0
7378 1
7379 1
7380 1
7381 0
7382 1
7383 1
7384 1
7385 0
7386 2
7387 1
7388 0
7389 1
7390 1
7391 0
7392 0
7393 1
7394 1
7395 0
7396 1
7397 0
7398 0
7399 1
7400 1
7401 1
7402 1
7403 1
7404 1
7405 0
7406 1
7407 1
7408 0
7409 0
7410 1
7411 0
7412 1
7413 0
7414 0
7415 1
7416 1
7417 1
7418 1
7419 1
7420 0
7421 1
7422 1
7423 1
7424 1
7425 2
7426 1
7427 1
7428 0
7429 1
7430 0
7431 1
7432 1
7433 1
7434 0
7435 0
7436 0
7437 1
7438 1
7439 1
7440 1
7441 0
7442 0
7443 0
7444 1
7445 1
7446 0
7447 1
7448 1
7449 2
7450 0
7451 0
7452 0
7453 1
7454 1
7455 0
7456 1
7457 1
7458 1
7459 0
7460 1
7461 1
7462 1
7463 1
7464 1
7465 1
7466 1
7467 1
7468 1
7469 0
7470 1
7471 0
7472 2
7473 0
7474 0
7475 1
7476 1
7477 1
7478 1
7479 1
7480 1
7481 1
7482 1
7483 1
7484 1
7485 1
7486 0
7487 1
7488 0
7489 1
7490 0
7491 1
7492 1
7493 1
7494 0
7495 0
7496 1
7497 0
7498 1
7499 0
7500 1
7501 1
7502 1
7503 1
7504 1
7505 1
7506 1
7507 1
7508 0
7509 0
7510 1
7511 2
7512 0
7513 0
7514 0
7515 1
7516 0
7517 0
7518 1
7519 1
7520 1
7521 1
7522 1
7523 0
7524 0
7525 1
7526 1
7527 1
7528 0
7529 1
7530 0
7531 2
7532 0
7533 1
7534 0
7535 0
7536 1
7537 2
7538 0
7539 1
7540 0
7541 1
7542 1
7543 0
7544 1
7545 0
7546 0
7547 0
7548 1
7549 0
7550 1
7551 0
7552 1
7553 2
7554 1
7555 1
7556 1
7557 1
7558 1
7559 1
7560 1
7561 2
7562 0
7563 0
7564 1
7565 1
7566 1
7567 0
7568 1
7569 2
7570 0
7571 1
7572 0
7573 1
7574 1
7575 0
7576 1
7577 0
7578 1
7579 0
7580 1
7581 1
7582 0
7583 1
7584 1
7585 1
7586 1
7587 1
7588 1
7589 1
7590 1
7591 1
7592 0
7593 0
7594 1
7595 1
7596 1
7597 1
7598 2
7599 1
7600 1
7601 1
7602 1
7603 0
7604 1
7605 1
7606 1
7607 0
7608 1
7609 0
7610 0
7611 1
7612 0
7613 1
7614 0
7615 1
7616 1
7617 1
7618 1
7619 0
7620 1
7621 2
7622 0
7623 1
7624 0
7625 1
7626 0
7627 1
7628 1
7629 1
7630 1
7631 0
7632 0
7633 0
7634 1
7635 0
7636 1
7637 1
7638 1
7639 1
7640 0
7641 0
7642 0
7643 0
7644 2
7645 0
7646 1
7647 1
7648 1
7649 0
7650 1
7651 1
7652 1
7653 1
7654 1
7655 1
7656 1
7657 2
7658 0
7659 2
7660 0
7661 1
7662 2
7663 2
7664 1
7665 0
7666 1
7667 1
7668 0
7669 1
7670 2
7671 1
7672 1
7673 0
7674 0
7675 1
7676 1
7677 1
7678 1
7679 0
7680 1
7681 1
7682 0
7683 1
7684 1
7685 0
7686 0
7687 1
7688 0
7689 0
7690 1
7691 0
7692 1
7693 1
7694 2
7695 0
7696 0
7697 1
7698 1
7699 1
7700 1
7701 1
7702 1
7703 1
7704 1
7705 1
7706 0
7707 1
7708 0
7709 1
7710 1
7711 2
7712 1
7713 1
7714 2
7715 1
7716 1
7717 0
7718 1
7719 1
7720 1
7721 1
7722 0
7723 1
7724 1
7725 2
7726 1
7727 1
7728 0
7729 0
7730 0
7731 0
7732 0
7733 1
7734 0
7735 0
7736 1
7737 1
7738 1
7739 0
7740 1
7741 0
7742 1
7743 1
7744 0
7745 0
7746 1
7747 1
7748 1
7749 0
7750 1
7751 1
7752 0
7753 0
7754 1
7755 1
7756 0
7757 1
7758 1
7759 1
7760 1
7761 0
7762 0
7763 1
7764 1
7765 0
7766 1
7767 1
7768 0
7769 0
7770 1
7771 0
7772 1
7773 1
7774 0
7775 0
7776 0
7777 1
7778 1
7779 1
7780 1
7781 1
7782 1
7783 0
7784 0
7785 1
7786 1
7787 0
7788 0
7789 1
7790 1
7791 1
7792 1
7793 0
7794 2
7795 1
7796 2
7797 2
7798 1
7799 0
7800 0
7801 1
7802 1
7803 1
7804 0
7805 0
7806 1
7807 0
7808 0
7809 0
7810 2
7811 1
7812 0
7813 1
7814 0
7815 2
7816 2
7817 1
7818 1
7819 1
7820 1
7821 1
7822 2
7823 0
7824 2
7825 1
7826 1
7827 0
7828 0
7829 1
7830 1
7831 2
7832 2
7833 0
7834 1
7835 0
7836 0
7837 1
7838 1
7839 1
7840 2
7841 1
7842 0
7843 1
7844 1
7845 1
7846 1
7847 0
7848 1
7849 2
7850 0
7851 1
7852 0
7853 1
7854 1
7855 1
7856 1
7857 1
7858 0
7859 0
7860 1
7861 1
7862 0
7863 1
7864 1
7865 1
7866 1
7867 0
7868 0
7869 0
7870 1
7871 0
7872 1
7873 1
7874 1
7875 1
7876 0
7877 1
7878 1
7879 1
7880 1
7881 2
7882 1
7883 1
7884 0
7885 2
7886 1
7887 1
7888 1
7889 0
7890 0
7891 2
7892 0
7893 0
7894 0
7895 0
7896 1
7897 0
7898 0
7899 1
7900 1
7901 2
7902 1
7903 1
7904 1
7905 2
7906 1
7907 1
7908 1
7909 1
7910 1
7911 1
7912 0
7913 2
7914 0
7915 0
7916 1
7917 1
7918 1
7919 1
7920 2
7921 0
7922 0
7923 0
7924 1
7925 2
7926 1
7927 0
7928 2
7929 0
7930 1
7931 1
7932 0
7933 0
7934 0
7935 0
7936 0
7937 0
7938 0
7939 0
7940 0
7941 0
7942 0
7943 0
7944 0
7945 0
7946 0
7947 0
7948 0
7949 0
7950 0
7951 0
7952 0
7953 0
7954 0
7955 0
7956 0
7957 0
7958 0
7959 0
7960 2
7961 1
7962 1
7963 1
7964 1
7965 0
7966 2
7967 1
7968 1
7969 0
7970 0
7971 0
7972 0
7973 0
7974 0
7975 0
7976 0
7977 0
7978 0
7979 0
7980 0
7981 0
7982 1
7983 1
7984 0
7985 2
7986 0
7987 0
7988 1
7989 0
7990 1
7991 2
7992 1
7993 1
7994 0
7995 0
7996 1
7997 1
7998 0
7999 1
8000 0
8001 1
8002 1
8003 1
8004 0
8005 0
8006 1
8007 1
8008 1
8009 1
8010 1
8011 1
8012 2
8013 0
8014 1
8015 2
8016 1
8017 1
8018 2
8019 1
8020 1
8021 1
8022 0
8023 0
8024 1
8025 1
8026 0
8027 0
8028 1
8029 3
8030 1
8031 1
8032 0
8033 0
8034 0
8035 1
8036 0
8037 0
8038 2
8039 1
8040 0
8041 1
8042 2
8043 0
8044 0
8045 0
8046 2
8047 1
8048 1
8049 1
8050 1
8051 1
8052 0
8053 2
8054 0
8055 1
8056 1
8057 0
8058 2
8059 0
8060 1
8061 1
8062 1
8063 0
8064 1
8065 0
8066 1
8067 1
8068 1
8069 1
8070 0
8071 0
8072 1
8073 1
8074 1
8075 1
8076 1
8077 1
8078 0
8079 1
8080 0
8081 1
8082 2
8083 1
8084 2
8085 0
8086 1
8087 0
8088 0
8089 2
8090 1
8091 1
8092 1
8093 1
8094 1
8095 1
8096 0
8097 2
8098 0
8099 0
8100 1
8101 1
8102 1
8103 0
8104 2
8105 0
8106 1
8107 0
8108 0
8109 2
8110 2
8111 1
8112 0
8113 1
8114 1
8115 1
8116 0
8117 0
8118 0
8119 1
8120 1
8121 0
8122 1
8123 1
8124 0
8125 0
8126 1
8127 0
8128 0
8129 1
8130 2
8131 0
8132 1
8133 2
8134 0
8135 1
8136 1
8137 2
8138 1
8139 1
8140 1
8141 1
8142 1
8143 0
8144 0
8145 1
8146 1
8147 1
8148 1
8149 1
8150 1
8151 2
8152 1
8153 1
8154 1
8155 0
8156 0
8157 2
8158 1
8159 1
8160 1
8161 1
8162 0
8163 2
8164 1
8165 2
8166 1
8167 1
8168 1
8169 2
8170 1
8171 0
8172 1
8173 1
8174 0
8175 1
8176 1
8177 1
8178 1
8179 1
8180 1
8181 0
8182 1
8183 0
8184 2
8185 1
8186 0
8187 2
8188 0
8189 2
8190 1
8191 1
8192 1
8193 1
8194 0
8195 1
8196 2
8197 1
8198 1
8199 1
8200 1
8201 1
8202 1
8203 1
8204 1
8205 0
8206 0
8207 1
8208 0
8209 0
8210 1
8211 0
8212 2
8213 0
8214 0
8215 1
8216 0
8217 1
8218 1
8219 1
8220 1
8221 0
8222 0
8223 0
8224 1
8225 2
8226 0
8227 1
8228 0
8229 1
8230 0
8231 1
8232 1
8233 1
8234 1
8235 1
8236 0
8237 1
8238 1
8239 0
8240 1
8241 1
8242 1
8243 1
8244 0
8245 1
8246 0
8247 1
8248 1
8249 1
8250 1
8251 1
8252 1
8253 0
8254 1
8255 0
8256 1
8257 0
8258 0
8259 0
8260 1
8261 1
8262 1
8263 1
8264 2
8265 1
8266 2
8267 0
8268 1
8269 1
8270 1
8271 0
8272 1
8273 1
8274 0
8275 2
8276 0
8277 1
8278 0
8279 1
8280 1
8281 0
8282 0
8283 1
8284 1
8285 0
8286 1
8287 1
8288 1
8289 0
8290 0
8291 0
8292 0
8293 0
8294 1
8295 0
8296 1
8297 0
8298 2
8299 1
8300 1
8301 1
8302 2
8303 1
8304 1
8305 2
8306 1
8307 2
8308 0
8309 1
8310 1
8311 1
8312 1
8313 1
8314 1
8315 2
8316 1
8317 0
8318 1
8319 0
8320 1
8321 2
8322 1
8323 1
8324 0
8325 1
8326 1
8327 1
8328 1
8329 0
8330 2
8331 1
8332 1
8333 1
8334 0
8335 1
8336 1
8337 1
8338 1
8339 1
8340 1
8341 2
8342 2
8343 0
8344 1
8345 1
8346 1
8347 1
8348 1
8349 1
8350 1
8351 2
8352 2
8353 1
8354 1
8355 1
8356 0
8357 2
8358 1
8359 1
8360 1
8361 2
8362 0
8363 2
8364 1
8365 1
8366 1
8367 1
8368 0
8369 0
8370 1
8371 1
8372 0
8373 1
8374 1
8375 1
8376 2
8377 1
8378 2
8379 1
8380 0
8381 0
8382 2
8383 0
8384 1
8385 1
8386 1
8387 0
8388 1
8389 1
8390 2
8391 2
8392 0
8393 1
8394 1
8395 1
8396 1
8397 1
8398 1
8399 3
8400 1
8401 0
8402 1
8403 0
8404 0
8405 0
8406 0
8407 2
8408 1
8409 0
8410 1
8411 1
8412 0
8413 0
8414 0
8415 0
8416 1
8417 2
8418 2
8419 0
8420 1
8421 1
8422 0
8423 2
8424 1
8425 0
8426 1
8427 1
8428 0
8429 2
8430 1
8431 0
8432 1
8433 0
8434 0
8435 0
8436 0
8437 0
8438 1
8439 1
8440 2
8441 1
8442 2
8443 1
8444 2
8445 1
8446 0
8447 1
8448 0
8449 1
8450 0
8451 0
8452 1
8453 1
8454 1
8455 2
8456 1
8457 1
8458 1
8459 1
8460 1
8461 0
8462 0
8463 0
8464 1
8465 2
8466 1
8467 0
8468 1
8469 1
8470 1
8471 1
8472 1
8473 1
8474 2
8475 1
8476 1
8477 1
8478 1
8479 1
8480 0
8481 2
8482 1
8483 1
8484 1
8485 2
8486 1
8487 1
8488 2
8489 1
8490 1
8491 1
8492 0
8493 1
8494 2
8495 1
8496 1
8497 1
8498 0
8499 1
8500 1
8501 1
8502 0
8503 2
8504 1
8505 1
8506 1
8507 1
8508 1
8509 1
8510 1
8511 1
8512 1
8513 2
8514 1
8515 2
8516 1
8517 1
8518 1
8519 1
8520 0
8521 0
8522 0
8523 0
8524 0
8525 0
8526 0
8527 0
8528 0
8529 0
8530 0
8531 0
8532 0
8533 0
8534 0
8535 1
8536 0
8537 0
8538 0
8539 0
8540 0
8541 0
8542 0
8543 0
8544 1
8545 0
8546 0
8547 0
8548 0
8549 0
8550 0
8551 0
8552 0
8553 0
8554 0
8555 0
8556 0
8557 0
8558 0
8559 0
8560 0
8561 0
8562 0
8563 0
8564 0
8565 0
8566 0
8567 0
8568 0
8569 0
8570 0
8571 0
8572 0
8573 0
8574 0
8575 0
8576 0
8577 0
8578 0
8579 0
8580 0
8581 0
8582 0
8583 0
8584 0
8585 0
8586 0
8587 0
8588 0
8589 0
8590 0
8591 0
8592 0
8593 0
8594 0
8595 0
8596 0
8597 1
8598 1
8599 2
8600 1
8601 0
8602 0
8603 1
8604 1
8605 0
8606 1
8607 1
8608 1
8609 0
8610 0
8611 0
8612 1
8613 2
8614 1
8615 2
8616 0
8617 1
8618 1
8619 0
8620 1
8621 1
8622 2
8623 0
8624 2
8625 0
8626 1
8627 1
8628 0
8629 1
8630 0
8631 1
8632 1
8633 2
8634 1
8635 1
8636 2
8637 0
8638 1
8639 1
8640 2
8641 0
8642 1
8643 1
8644 1
8645 1
8646 2
8647 2
8648 1
8649 0
8650 0
8651 0
8652 2
8653 1
8654 1
8655 1
8656 1
8657 2
8658 1
8659 2
8660 0
8661 0
8662 1
8663 1
8664 0
8665 1
8666 1
8667 0
8668 1
8669 2
8670 0
8671 1
8672 1
8673 2
8674 1
8675 2
8676 0
8677 0
8678 2
8679 1
8680 1
8681 1
8682 2
8683 1
8684 2
8685 1
8686 1
8687 2
8688 1
8689 0
8690 0
8691 1
8692 1
8693 2
8694 0
8695 2
8696 1
8697 1
8698 1
8699 1
8700 1
8701 0
8702 0
8703 0
8704 1
8705 2
8706 0
8707 1
8708 0
8709 0
8710 1
8711 0
8712 1
8713 1
8714 1
8715 2
8716 1
8717 1
8718 2
8719 0
8720 0
8721 1
8722 0
8723 2
8724 1
8725 0
8726 0
8727 0
8728 0
8729 1
8730 2
8731 2
8732 1
8733 1
8734 1
8735 1
8736 1
8737 1
8738 0
8739 0
8740 0
8741 1
8742 0
8743 0
8744 1
8745 1
8746 0
8747 0
8748 0
8749 1
8750 1
8751 1
8752 1
8753 1
8754 1
8755 1
8756 0
8757 1
8758 1
8759 2
8760 1
8761 2
8762 2
8763 1
8764 1
8765 2
8766 1
8767 2
8768 2
8769 1
8770 2
8771 2
8772 1
8773 1
8774 1
8775 0
8776 0
8777 0
8778 0
8779 0
8780 0
8781 1
8782 1
8783 0
8784 2
8785 0
8786 0
8787 0
8788 2
8789 0
8790 0
8791 0
8792 1
8793 1
8794 1
8795 1
8796 1
8797 2
8798 1
8799 0
8800 2
8801 0
8802 0
8803 1
8804 1
8805 2
8806 2
8807 0
8808 0
8809 1
8810 1
8811 0
8812 0
8813 1
8814 1
8815 1
8816 1
8817 2
8818 1
8819 1
8820 0
8821 1
8822 0
8823 1
8824 1
8825 1
8826 0
8827 0
8828 1
8829 0
8830 1
8831 1
8832 1
8833 1
8834 2
8835 1
8836 0
8837 2
8838 0
8839 1
8840 2
8841 0
8842 0
8843 1
8844 1
8845 1
8846 1
8847 0
8848 1
8849 1
8850 2
8851 1
8852 1
8853 1
8854 1
8855 0
8856 1
8857 0
8858 1
8859 0
8860 1
8861 1
8862 1
8863 2
8864 2
8865 0
8866 0
8867 0
8868 1
8869 1
8870 0
8871 2
8872 1
8873 0
8874 1
8875 0
8876 0
8877 1
8878 1
8879 2
8880 0
8881 0
8882 0
8883 1
8884 0
8885 1
8886 1
8887 1
8888 2
8889 0
8890 1
8891 0
8892 0
8893 2
8894 1
8895 0
8896 1
8897 2
8898 1
8899 0
8900 0
8901 1
8902 2
8903 0
8904 1
8905 0
8906 1
8907 1
8908 1
8909 0
8910 0
8911 1
8912 1
8913 0
8914 1
8915 1
8916 0
8917 0
8918 0
8919 0
8920 1
8921 0
8922 1
8923 0
8924 2
8925 1
8926 1
8927 2
8928 0
8929 1
8930 1
8931 2
8932 2
8933 1
8934 1
8935 0
8936 1
8937 2
8938 1
8939 1
8940 1
8941 0
8942 1
8943 0
8944 1
8945 1
8946 0
8947 2
8948 1
8949 1
8950 1
8951 1
8952 1
8953 1
8954 1
8955 0
8956 2
8957 1
8958 1
8959 0
8960 2
8961 0
8962 1
8963 1
8964 1
8965 0
8966 0
8967 1
8968 0
8969 0
8970 2
8971 1
8972 1
8973 1
8974 2
8975 2
8976 0
8977 1
8978 1
8979 0
8980 0
8981 2
8982 1
8983 1
8984 1
8985 1
8986 0
8987 0
8988 1
8989 0
8990 0
8991 1
8992 1
8993 1
8994 0
8995 1
8996 1
8997 1
8998 2
8999 0
9000 2
9001 1
9002 1
9003 1
9004 1
9005 1
9006 1
9007 2
9008 1
9009 1
9010 1
9011 2
9012 2
9013 2
9014 0
9015 1
9016 1
9017 0
9018 1
9019 0
9020 2
9021 0
9022 1
9023 1
9024 1
9025 2
9026 1
9027 0
9028 1
9029 1
9030 1
9031 2
9032 1
9033 3
9034 1
9035 0
9036 1
9037 1
9038 1
9039 0
9040 0
9041 2
9042 2
9043 0
9044 1
9045 0
9046 0
9047 0
9048 1
9049 1
9050 1
9051 1
9052 1
9053 1
9054 0
9055 1
9056 1
9057 1
9058 1
9059 0
9060 2
9061 2
9062 1
9063 1
9064 0
9065 2
9066 0
9067 1
9068 1
9069 1
9070 1
9071 1
9072 0
9073 1
9074 1
9075 0
9076 1
9077 1
9078 1
9079 2
9080 1
9081 1
9082 1
9083 1
9084 2
9085 1
9086 0
9087 1
9088 0
9089 0
9090 0
9091 0
9092 0
9093 1
9094 0
9095 2
9096 1
9097 1
9098 2
9099 1
9100 1
9101 1
9102 0
9103 0
9104 0
9105 1
9106 1
9107 0
9108 0
9109 1
9110 1
9111 1
9112 2
9113 0
9114 0
9115 0
9116 1
9117 1
9118 1
9119 1
9120 2
9121 0
9122 1
9123 2
9124 1
9125 2
9126 1
9127 0
9128 1
9129 1
9130 1
9131 1
9132 0
9133 1
9134 1
9135 1
9136 0
9137 0
9138 1
9139 1
9140 0
9141 1
9142 0
9143 1
9144 1
9145 0
9146 0
9147 1
9148 1
9149 0
9150 1
9151 1
9152 1
9153 1
9154 1
9155 0
9156 0
9157 1
9158 0
9159 1
9160 2
9161 1
9162 0
9163 1
9164 1
9165 1
9166 1
9167 1
9168 0
9169 1
9170 1
9171 0
9172 1
9173 1
9174 0
9175 1
9176 0
9177 1
9178 1
9179 1
9180 1
9181 1
9182 1
9183 0
9184 0
9185 1
9186 0
9187 1
9188 1
9189 1
9190 1
9191 2
9192 1
9193 2
9194 1
9195 1
9196 1
9197 1
9198 1
9199 1
9200 0
9201 2
9202 2
9203 1
9204 1
9205 2
9206 1
9207 0
9208 2
9209 1
9210 0
9211 0
9212 2
9213 1
9214 1
9215 2
9216 0
9217 0
9218 2
9219 1
9220 1
9221 0
9222 0
9223 1
9224 1
9225 1
9226 0
9227 2
9228 1
9229 0
9230 2
9231 0
9232 0
9233 1
9234 0
9235 1
9236 1
9237 0
9238 1
9239 2
9240 0
9241 0
9242 0
9243 0
9244 0
9245 0
9246 0
9247 1
9248 0
9249 1
9250 1
9251 1
9252 1
9253 2
9254 0
9255 1
9256 2
9257 2
9258 1
9259 2
9260 0
9261 1
9262 1
9263 1
9264 0
9265 1
9266 0
9267 2
9268 1
9269 1
9270 1
9271 0
9272 0
9273 0
9274 1
9275 2
9276 1
9277 1
9278 1
9279 2
9280 0
9281 0
9282 2
9283 0
9284 1
9285 0
9286 1
9287 0
9288 0
9289 0
9290 0
9291 0
9292 1
9293 1
9294 0
9295 1
9296 1
9297 1
9298 0
9299 1
9300 0
9301 1
9302 2
9303 1
9304 1
9305 0
9306 1
9307 1
9308 1
9309 0
9310 1
9311 1
9312 0
9313 1
9314 0
9315 1
9316 0
9317 1
9318 2
9319 0
9320 2
9321 0
9322 0
9323 2
9324 1
9325 1
9326 0
9327 0
9328 1
9329 2
9330 1
9331 1
9332 0
9333 1
9334 1
9335 1
9336 2
9337 1
9338 1
9339 1
9340 2
9341 0
9342 2
9343 2
9344 1
9345 1
9346 1
9347 2
9348 1
9349 0
9350 1
9351 1
9352 1
9353 1
9354 0
9355 1
9356 2
9357 1
9358 1
9359 2
9360 1
9361 1
9362 1
9363 0
9364 1
9365 1
9366 1
9367 1
9368 1
9369 1
9370 0
9371 0
9372 1
9373 0
9374 0
9375 1
9376 1
9377 1
9378 1
9379 0
9380 1
9381 1
9382 1
9383 1
9384 0
9385 1
9386 1
9387 1
9388 2
9389 1
9390 1
9391 0
9392 0
9393 2
9394 1
9395 1
9396 1
9397 1
9398 1
9399 0
9400 1
9401 0
9402 1
9403 2
9404 1
9405 1
9406 0
9407 1
9408 0
9409 1
9410 0
9411 1
9412 0
9413 0
9414 0
9415 2
9416 0
9417 2
9418 2
9419 1
9420 1
9421 0
9422 1
9423 0
9424 1
9425 0
9426 0
9427 1
9428 1
9429 1
9430 0
9431 1
9432 0
9433 1
9434 1
9435 2
9436 1
9437 0
9438 2
9439 1
9440 0
9441 1
9442 0
9443 1
9444 2
9445 1
9446 1
9447 1
9448 2
9449 2
9450 1
9451 1
9452 1
9453 2
9454 0
9455 1
9456 0
9457 0
9458 2
9459 1
9460 2
9461 1
9462 1
9463 1
9464 2
9465 1
9466 1
9467 1
9468 0
9469 0
9470 1
9471 1
9472 1
9473 0
9474 2
9475 0
9476 1
9477 1
9478 0
9479 0
9480 1
9481 2
9482 0
9483 1
9484 0
9485 0
9486 0
9487 0
9488 1
9489 2
9490 1
9491 1
9492 0
9493 1
9494 2
9495 1
9496 1
9497 1
9498 1
9499 1
9500 1
9501 0
9502 1
9503 1
9504 0
9505 1
9506 2
9507 1
9508 1
9509 0
9510 1
9511 1
9512 1
9513 1
9514 1
9515 1
9516 1
9517 1
9518 0
9519 2
9520 1
9521 2
9522 1
9523 1
9524 1
9525 1
9526 1
9527 0
9528 0
9529 0
9530 0
9531 1
9532 1
9533 1
9534 2
9535 1
9536 1
9537 0
9538 0
9539 1
9540 1
9541 1
9542 1
9543 1
9544 2
9545 1
9546 1
9547 1
9548 2
9549 1
9550 0
9551 1
9552 1
9553 1
9554 0
9555 1
9556 0
9557 1
9558 0
9559 1
9560 1
9561 1
9562 1
9563 2
9564 2
9565 1
9566 1
9567 1
9568 0
9569 0
9570 1
9571 0
9572 1
9573 1
9574 1
9575 0
9576 1
9577 0
9578 1
9579 1
9580 1
9581 0
9582 1
9583 1
9584 1
9585 1
9586 1
9587 0
9588 1
9589 0
9590 3
9591 0
9592 1
9593 0
9594 1
9595 1
9596 1
9597 1
9598 1
9599 1
9600 0
9601 0
9602 1
9603 0
9604 0
9605 1
9606 1
9607 1
9608 1
9609 0
9610 0
9611 1
9612 1
9613 1
9614 1
9615 0
9616 1
9617 1
9618 0
9619 1
9620 2
9621 2
9622 1
9623 1
9624 1
9625 1
9626 0
9627 1
9628 1
9629 1
9630 0
9631 0
9632 1
9633 0
9634 2
9635 0
9636 1
9637 1
9638 1
9639 1
9640 1
9641 1
9642 1
9643 1
9644 1
9645 1
9646 1
9647 1
9648 1
9649 1
9650 1
9651 2
9652 0
9653 1
9654 0
9655 2
9656 1
9657 0
9658 0
9659 2
9660 1
9661 2
9662 0
9663 1
9664 2
9665 1
9666 2
9667 1
9668 1
9669 1
9670 1
9671 1
9672 1
9673 1
9674 2
9675 1
9676 0
9677 1
9678 1
9679 2
9680 2
9681 0
9682 1
9683 0
9684 1
9685 1
9686 1
9687 1
9688 1
9689 0
9690 0
9691 1
9692 1
9693 1
9694 2
9695 1
9696 0
9697 1
9698 0
9699 2
9700 1
9701 1
9702 1
9703 2
9704 0
9705 1
9706 0
9707 1
9708 0
9709 0
9710 1
9711 1
9712 1
9713 2
9714 1
9715 0
9716 0
9717 1
9718 2
9719 1
9720 1
9721 1
9722 1
9723 1
9724 1
9725 1
9726 2
9727 1
9728 2
9729 1
9730 1
9731 0
9732 1
9733 0
9734 1
9735 0
9736 1
9737 1
9738 1
9739 1
9740 0
9741 1
9742 1
9743 2
9744 0
9745 1
9746 1
9747 0
9748 1
9749 2
9750 1
9751 1
9752 0
9753 0
9754 1
9755 1
9756 1
9757 1
9758 2
9759 0
9760 0
9761 2
9762 1
9763 2
9764 0
9765 0
9766 2
9767 0
9768 1
9769 0
9770 2
9771 2
9772 0
9773 0
9774 0
9775 0
9776 0
9777 0
9778 0
9779 0
9780 0
9781 0
9782 0
9783 0
9784 0
9785 0
9786 0
9787 0
9788 0
9789 1
9790 1
9791 0
9792 0
9793 0
9794 0
9795 0
9796 0
9797 1
9798 1
9799 0
9800 0
9801 0
9802 0
9803 0
9804 0
9805 0
9806 0
9807 0
9808 0
9809 0
9810 0
9811 0
9812 0
9813 0
9814 0
9815 0
9816 0
9817 0
9818 1
9819 1
9820 1
9821 0
9822 1
9823 1
9824 1
9825 0
9826 1
9827 0
9828 0
9829 0
9830 1
9831 0
9832 1
9833 1
9834 1
9835 0
9836 0
9837 0
9838 0
9839 0
9840 0
9841 1
9842 0
9843 1
9844 1
9845 2
9846 1
9847 1
9848 1
9849 2
9850 0
9851 0
9852 1
9853 1
9854 1
9855 1
9856 0
9857 0
9858 1
9859 2
9860 0
9861 1
9862 1
9863 0
9864 0
9865 0
9866 1
9867 0
9868 0
9869 0
9870 1
9871 1
9872 1
9873 0
9874 1
9875 0
9876 2
9877 1
9878 2
9879 1
9880 1
9881 1
9882 1
9883 0
9884 1
9885 1
9886 0
9887 0
9888 0
9889 1
9890 1
9891 1
9892 1
9893 1
9894 2
9895 1
9896 2
9897 1
9898 1
9899 1
9900 1
9901 1
9902 0
9903 1
9904 0
9905 2
9906 1
9907 2
9908 1
9909 1
9910 1
9911 1
9912 0
9913 1
9914 0
9915 1
9916 0
9917 0
9918 1
9919 1
9920 0
9921 0
9922 0
9923 1
9924 1
9925 1
9926 1
9927 2
9928 1
9929 1
9930 1
9931 1
9932 1
9933 0
9934 1
9935 1
9936 1
9937 0
9938 2
9939 2
9940 0
9941 1
9942 1
9943 1
9944 2
9945 0
9946 2
9947 1
9948 1
9949 0
9950 1
9951 1
9952 1
9953 1
9954 1
9955 2
9956 1
9957 1
9958 1
9959 1
9960 2
9961 1
9962 1
9963 2
9964 1
9965 0
9966 1
9967 1
9968 0
9969 0
9970 1
9971 0
9972 2
9973 2
9974 2
9975 0
9976 2
9977 1
9978 1
9979 2
9980 1
9981 1
9982 0
9983 1
9984 0
9985 1
9986 1
9987 2
9988 0
9989 2
9990 1
9991 1
9992 0
9993 1
9994 2
9995 1
9996 0
9997 0
9998 1
9999 0
10000 1
10001 0
