1 0
2 0
3 0
4 0
5 0
6 0
7 0
8 0
9 0
10 0
11 0
12 1
13 1
14 0
15 1
16 1
17 1
18 1
19 1
20 1
21 1
22 1
23 0
24 0
25 0
26 0
27 0
28 0
29 0
30 0
31 0
32 0
33 0
34 0
35 0
36 0
37 0
38 0
39 1
40 0
41 1
42 0
43 0
44 0
45 0
46 0
47 1
48 1
49 0
50 0
51 0
52 0
53 0
54 1
55 0
56 0
57 0
58 0
59 0
60 0
61 1
62 0
63 1
64 1
65 0
66 0
67 0
68 0
69 1
70 1
71 1
72 0
73 0
74 0
75 1
76 0
77 0
78 0
79 0
80 0
81 0
82 1
83 0
84 0
85 0
86 0
87 0
88 0
89 1
90 0
91 0
92 1
93 0
94 0
95 0
96 0
97 1
98 1
99 1
100 0
101 1
102 1
103 0
104 0
105 0
106 0
107 1
108 1
109 1
110 0
111 1
112 0
113 1
114 1
115 0
116 1
117 1
118 0
119 1
120 1
121 0
122 0
123 0
124 1
125 0
126 1
127 0
128 0
129 1
130 0
131 0
132 0
133 0
134 1
135 0
136 1
137 0
138 0
139 1
140 0
141 0
142 1
143 1
144 0
145 0
146 0
147 0
148 0
149 0
150 1
151 1
152 1
153 0
154 0
155 0
156 1
157 0
158 0
159 1
160 1
161 1
162 1
163 0
164 1
165 0
166 1
167 1
168 0
169 0
170 1
171 1
172 0
173 1
174 0
175 1
176 1
177 0
178 0
179 0
180 0
181 0
182 1
183 0
184 0
185 0
186 0
187 0
188 1
189 1
190 0
191 1
192 0
193 1
194 0
195 0
196 0
197 1
198 0
199 0
200 1
201 0
202 0
203 1
204 1
205 1
206 0
207 0
208 0
209 0
210 0
211 0
212 0
213 0
214 0
215 0
216 0
217 0
218 0
219 0
220 0
221 0
222 0
223 0
224 0
225 1
226 0
227 0
228 1
229 0
230 0
231 0
232 0
233 0
234 0
235 0
236 0
237 0
238 1
239 0
240 0
241 0
242 0
243 1
244 0
245 0
246 0
247 1
248 0
249 1
250 0
251 0
252 0
253 0
254 0
255 0
256 0
257 0
258 1
259 0
260 0
261 1
262 0
263 0
264 0
265 0
266 0
267 0
268 1
269 1
270 1
271 0
272 0
273 0
274 0
275 0
276 0
277 1
278 1
279 0
280 0
281 0
282 0
283 1
284 0
285 1
286 1
287 0
288 1
289 1
290 0
291 1
292 1
293 0
294 0
295 0
296 0
297 1
298 1
299 0
300 1
301 0
302 0
303 1
304 1
305 0
306 0
307 1
308 1
309 1
310 1
311 0
312 1
313 0
314 0
315 0
316 0
317 0
318 1
319 0
320 1
321 1
322 0
323 0
324 1
325 0
326 0
327 0
328 0
329 0
330 0
331 0
332 1
333 1
334 1
335 0
336 1
337 1
338 0
339 1
340 1
341 1
342 1
343 1
344 1
345 0
346 0
347 0
348 1
349 0
350 1
351 0
352 0
353 0
354 0
355 0
356 0
357 0
358 0
359 0
360 0
361 0
362 0
363 0
364 0
365 0
366 0
367 0
368 1
369 1
370 1
371 0
372 1
373 1
374 1
375 0
376 0
377 0
378 0
379 0
380 0
381 0
382 0
383 0
384 0
385 0
386 0
387 0
388 0
389 0
390 0
391 0
392 0
393 0
394 0
395 0
396 0
397 0
398 0
399 0
400 0
401 0
402 0
403 0
404 0
405 0
406 0
407 0
408 0
409 0
410 0
411 0
412 0
413 0
414 0
415 0
416 0
417 0
418 0
419 0
420 0
421 0
422 0
423 0
424 0
425 0
426 0
427 0
428 0
429 0
430 0
431 0
432 0
433 1
434 0
435 0
436 0
437 0
438 0
439 0
440 0
441 0
442 0
443 0
444 0
445 0
446 0
447 0
448 0
449 0
450 0
451 0
452 0
453 0
454 0
455 0
456 0
457 0
458 0
459 0
460 0
461 0
462 0
463 0
464 0
465 0
466 0
467 0
468 0
469 0
470 0
471 0
472 0
473 0
474 0
475 0
476 0
477 0
478 0
479 0
480 0
481 0
482 0
483 0
484 0
485 0
486 0
487 0
488 0
489 0
490 0
491 0
492 0
493 0
494 0
495 0
496 0
497 0
498 0
499 0
500 0
501 0
502 0
503 0
504 0
505 0
506 0
507 0
508 0
509 0
510 0
511 0
512 0
513 0
514 0
515 0
516 0
517 0
518 0
519 0
520 0
521 0
522 0
523 0
524 0
525 0
526 0
527 0
528 0
529 0
530 0
531 1
532 0
533 0
534 0
535 0
536 0
537 0
538 0
539 0
540 0
541 0
542 0
543 0
544 0
545 0
546 0
547 0
548 0
549 0
550 0
551 0
552 0
553 0
554 0
555 0
556 0
557 0
558 0
559 0
560 0
561 0
562 0
563 0
564 0
565 0
566 0
567 0
568 0
569 0
570 0
571 0
572 0
573 0
574 0
575 0
576 0
577 0
578 0
579 0
580 0
581 0
582 0
583 0
584 0
585 0
586 0
587 0
588 0
589 0
590 0
591 0
592 0
593 0
594 0
595 0
596 0
597 0
598 0
599 0
600 0
601 0
602 0
603 0
604 0
605 0
606 0
607 0
608 0
609 0
610 0
611 0
612 0
613 0
614 0
615 0
616 0
617 0
618 0
619 0
620 0
621 0
622 0
623 0
624 0
625 0
626 0
627 0
628 0
629 0
630 0
631 0
632 0
633 0
634 0
635 0
636 0
637 0
638 0
639 0
640 0
641 0
642 0
643 0
644 0
645 0
646 0
647 0
648 0
649 0
650 0
651 0
652 0
653 0
654 0
655 0
656 0
657 0
658 0
659 0
660 0
661 0
662 0
663 0
664 0
665 0
666 0
667 0
668 0
669 0
670 0
671 0
672 0
673 0
674 0
675 0
676 0
677 0
678 1
679 1
680 1
681 1
682 1
683 1
684 1
685 1
686 1
687 0
688 1
689 1
690 2
691 0
692 0
693 1
694 0
695 0
696 0
697 1
698 1
699 1
700 0
701 0
702 0
703 1
704 1
705 1
706 1
707 0
708 1
709 0
710 1
711 1
712 1
713 1
714 0
715 1
716 0
717 0
718 1
719 0
720 0
721 1
722 1
723 1
724 0
725 0
726 0
727 0
728 0
729 1
730 0
731 0
732 1
733 0
734 1
735 1
736 0
737 0
738 0
739 1
740 1
741 1
742 0
743 0
744 1
745 0
746 1
747 0
748 1
749 0
750 1
751 0
752 0
753 0
754 1
755 0
756 1
757 1
758 1
759 0
760 1
761 1
762 1
763 1
764 0
765 0
766 1
767 1
768 1
769 1
770 2
771 1
772 1
773 1
774 1
775 2
776 1
777 0
778 1
779 1
780 0
781 1
782 1
783 1
784 1
785 0
786 0
787 1
788 1
789 1
790 0
791 0
792 1
793 1
794 0
795 1
796 1
797 0
798 1
799 1
800 0
801 0
802 1
803 1
804 1
805 0
806 0
807 0
808 0
809 0
810 0
811 1
812 1
813 1
814 0
815 0
816 1
817 0
818 0
819 1
820 0
821 0
822 0
823 0
824 1
825 1
826 0
827 0
828 1
829 0
830 1
831 0
832 1
833 0
834 1
835 0
836 0
837 0
838 0
839 0
840 1
841 0
842 0
843 0
844 0
845 0
846 1
847 0
848 0
849 0
850 0
851 0
852 0
853 1
854 1
855 1
856 1
857 0
858 0
859 0
860 0
861 0
862 1
863 1
864 0
865 1
866 1
867 0
868 1
869 1
870 0
871 0
872 1
873 0
874 0
875 0
876 1
877 0
878 0
879 0
880 0
881 0
882 0
883 1
884 0
885 0
886 1
887 0
888 0
889 0
890 0
891 1
892 0
893 0
894 0
895 1
896 0
897 1
898 0
899 1
900 1
901 1
902 1
903 0
904 1
905 1
906 0
907 0
908 1
909 1
910 0
911 1
912 0
913 1
914 0
915 0
916 0
917 1
918 0
919 0
920 0
921 0
922 1
923 0
924 1
925 0
926 0
927 0
928 1
929 0
930 0
931 1
932 0
933 0
934 0
935 0
936 0
937 1
938 0
939 0
940 0
941 1
942 0
943 0
944 0
945 0
946 0
947 0
948 0
949 0
950 0
951 1
952 1
953 0
954 1
955 1
956 0
957 0
958 0
959 1
960 0
961 0
962 1
963 1
964 0
965 0
966 0
967 0
968 0
969 0
970 1
971 0
972 0
973 0
974 0
975 0
976 0
977 0
978 0
979 0
980 0
981 0
982 0
983 0
984 0
985 0
986 0
987 0
988 0
989 0
990 1
991 0
992 1
993 0
994 0
995 1
996 1
997 0
998 1
999 0
1000 0
1001 0
1002 1
1003 0
1004 0
1005 0
1006 1
1007 0
1008 0
1009 0
1010 0
1011 1
1012 0
1013 0
1014 0
1015 0
1016 1
1017 0
1018 1
1019 0
1020 1
1021 1
1022 1
1023 1
1024 0
1025 1
1026 0
1027 1
1028 0
1029 0
1030 0
1031 0
1032 0
1033 1
1034 0
1035 0
1036 0
1037 0
1038 0
1039 1
1040 0
1041 0
1042 0
1043 0
1044 0
1045 1
1046 1
1047 1
1048 0
1049 1
1050 0
1051 0
1052 0
1053 1
1054 1
1055 1
1056 0
1057 1
1058 1
1059 1
1060 0
1061 0
1062 0
1063 0
1064 0
1065 0
1066 0
1067 0
1068 1
1069 1
1070 0
1071 0
1072 0
1073 0
1074 0
1075 0
1076 0
1077 0
1078 0
1079 1
1080 1
1081 0
1082 1
1083 0
1084 0
1085 0
1086 0
1087 0
1088 0
1089 0
1090 0
1091 0
1092 0
1093 0
1094 0
1095 0
1096 1
1097 0
1098 0
1099 1
1100 1
1101 0
1102 0
1103 0
1104 0
1105 0
1106 0
1107 0
1108 0
1109 0
1110 0
1111 0
1112 0
1113 0
1114 0
1115 1
1116 0
1117 0
1118 1
1119 0
1120 0
1121 0
1122 1
1123 0
1124 0
1125 0
1126 0
1127 0
1128 1
1129 0
1130 0
1131 0
1132 0
1133 0
1134 0
1135 0
1136 0
1137 0
1138 0
1139 0
1140 0
1141 0
1142 0
1143 0
1144 0
1145 0
1146 0
1147 0
1148 1
1149 1
1150 2
1151 1
1152 0
1153 0
1154 0
1155 1
1156 0
1157 0
1158 1
1159 0
1160 1
1161 1
1162 1
1163 1
1164 0
1165 1
1166 0
1167 1
1168 1
1169 0
1170 0
1171 0
1172 0
1173 0
1174 0
1175 1
1176 1
1177 0
1178 1
1179 1
1180 0
1181 0
1182 1
1183 2
1184 0
1185 1
1186 0
1187 0
1188 1
1189 0
1190 1
1191 1
1192 0
1193 1
1194 0
1195 0
1196 1
1197 0
1198 1
1199 1
1200 1
1201 1
1202 1
1203 0
1204 0
1205 1
1206 0
1207 0
1208 1
1209 1
1210 0
1211 1
1212 0
1213 1
1214 1
1215 1
1216 0
1217 1
1218 0
1219 0
1220 0
1221 0
1222 1
1223 1
1224 1
1225 0
1226 1
1227 1
1228 0
1229 1
1230 1
1231 1
1232 1
1233 1
1234 1
1235 1
1236 0
1237 0
1238 0
1239 0
1240 0
1241 1
1242 1
1243 0
1244 0
1245 0
1246 0
1247 1
1248 1
1249 1
1250 0
1251 1
1252 1
1253 1
1254 1
1255 1
1256 1
1257 0
1258 0
1259 0
1260 0
1261 0
1262 1
1263 1
1264 0
1265 1
1266 0
1267 1
1268 0
1269 1
1270 1
1271 1
1272 0
1273 0
1274 1
1275 0
1276 1
1277 0
1278 0
1279 0
1280 0
1281 0
1282 0
1283 0
1284 1
1285 0
1286 0
1287 1
1288 1
1289 0
1290 0
1291 0
1292 0
1293 0
1294 1
1295 0
1296 0
1297 1
1298 0
1299 1
1300 0
1301 0
1302 0
1303 1
1304 1
1305 0
1306 1
1307 1
1308 0
1309 0
1310 0
1311 1
1312 1
1313 1
1314 2
1315 0
1316 1
1317 0
1318 0
1319 1
1320 1
1321 1
1322 1
1323 1
1324 0
1325 0
1326 0
1327 0
1328 0
1329 0
1330 0
1331 1
1332 1
1333 0
1334 1
1335 1
1336 0
1337 1
1338 1
1339 1
1340 1
1341 0
1342 1
1343 1
1344 1
1345 0
1346 1
1347 1
1348 1
1349 0
1350 0
1351 0
1352 1
1353 0
1354 1
1355 0
1356 1
1357 0
1358 1
1359 1
1360 1
1361 1
1362 1
1363 0
1364 1
1365 1
1366 1
1367 0
1368 0
1369 0
1370 1
1371 1
1372 0
1373 2
1374 1
1375 0
1376 1
1377 0
1378 1
1379 1
1380 0
1381 1
1382 1
1383 1
1384 0
1385 1
1386 0
1387 0
1388 1
1389 1
1390 0
1391 1
1392 1
1393 0
1394 0
1395 1
1396 1
1397 0
1398 0
1399 0
1400 0
1401 0
1402 1
1403 1
1404 1
1405 1
1406 0
1407 1
1408 0
1409 0
1410 0
1411 0
1412 2
1413 0
1414 1
1415 1
1416 0
1417 0
1418 1
1419 1
1420 1
1421 1
1422 1
1423 0
1424 1
1425 0
1426 1
1427 1
1428 1
1429 0
1430 0
1431 0
1432 0
1433 0
1434 0
1435 0
1436 0
1437 0
1438 0
1439 0
1440 0
1441 1
1442 0
1443 1
1444 0
1445 1
1446 1
1447 0
1448 0
1449 2
1450 1
1451 1
1452 0
1453 1
1454 1
1455 1
1456 0
1457 0
1458 0
1459 0
1460 0
1461 1
1462 0
1463 1
1464 0
1465 1
1466 1
1467 0
1468 0
1469 1
1470 1
1471 1
1472 1
1473 1
1474 1
1475 0
1476 3
1477 1
1478 0
1479 1
1480 1
1481 1
1482 1
1483 1
1484 1
1485 1
1486 0
1487 0
1488 1
1489 0
1490 0
1491 0
1492 0
1493 1
1494 0
1495 0
1496 1
1497 1
1498 1
1499 1
1500 0
1501 0
1502 0
1503 0
1504 0
1505 0
1506 0
1507 0
1508 0
1509 0
1510 0
1511 0
1512 0
1513 0
1514 0
1515 0
1516 0
1517 0
1518 0
1519 0
1520 0
1521 0
1522 0
1523 0
1524 0
1525 0
1526 1
1527 1
1528 1
1529 0
1530 0
1531 0
1532 1
1533 0
1534 0
1535 0
1536 0
1537 0
1538 1
1539 0
1540 1
1541 1
1542 0
1543 0
1544 1
1545 1
1546 1
1547 1
1548 1
1549 1
1550 1
1551 1
1552 0
1553 0
1554 0
1555 0
1556 0
1557 0
1558 0
1559 0
1560 0
1561 0
1562 0
1563 0
1564 0
1565 0
1566 0
1567 0
1568 0
1569 1
1570 0
1571 1
1572 0
1573 0
1574 0
1575 1
1576 0
1577 0
1578 0
1579 0
1580 0
1581 0
1582 0
1583 0
1584 1
1585 0
1586 0
1587 0
1588 1
1589 0
1590 0
1591 0
1592 0
1593 0
1594 0
1595 0
1596 0
1597 0
1598 1
1599 1
1600 0
1601 1
1602 0
1603 1
1604 0
1605 0
1606 0
1607 1
1608 1
1609 1
1610 1
1611 1
1612 0
1613 1
1614 1
1615 1
1616 1
1617 1
1618 1
1619 1
1620 1
1621 0
1622 1
1623 0
1624 0
1625 0
1626 1
1627 1
1628 1
1629 1
1630 0
1631 1
1632 0
1633 0
1634 0
1635 1
1636 0
1637 1
1638 0
1639 1
1640 0
1641 1
1642 0
1643 0
1644 0
1645 0
1646 0
1647 0
1648 0
1649 0
1650 0
1651 0
1652 0
1653 0
1654 0
1655 0
1656 0
1657 0
1658 0
1659 0
1660 0
1661 0
1662 0
1663 0
1664 0
1665 0
1666 0
1667 0
1668 1
1669 0
1670 0
1671 0
1672 0
1673 0
1674 0
1675 0
1676 0
1677 0
1678 0
1679 0
1680 0
1681 0
1682 0
1683 0
1684 0
1685 0
1686 0
1687 0
1688 0
1689 0
1690 0
1691 0
1692 0
1693 0
1694 0
1695 0
1696 0
1697 0
1698 0
1699 0
1700 0
1701 0
1702 0
1703 0
1704 0
1705 1
1706 0
1707 0
1708 0
1709 0
1710 0
1711 0
1712 0
1713 0
1714 0
1715 0
1716 0
1717 0
1718 0
1719 0
1720 0
1721 0
1722 0
1723 0
1724 0
1725 0
1726 0
1727 0
1728 0
1729 0
1730 0
1731 0
1732 0
1733 0
1734 0
1735 0
1736 0
1737 0
1738 0
1739 0
1740 0
1741 0
1742 0
1743 0
1744 0
1745 0
1746 0
1747 0
1748 0
1749 0
1750 0
1751 0
1752 0
1753 0
1754 0
1755 0
1756 0
1757 1
1758 0
1759 1
1760 0
1761 1
1762 0
1763 0
1764 0
1765 0
1766 0
1767 1
1768 0
1769 0
1770 0
1771 0
1772 1
1773 0
1774 0
1775 0
1776 0
1777 0
1778 0
1779 1
1780 0
1781 1
1782 0
1783 1
1784 1
1785 0
1786 0
1787 1
1788 1
1789 0
1790 1
1791 1
1792 1
1793 1
1794 1
1795 0
1796 1
1797 0
1798 1
1799 1
1800 1
1801 1
1802 1
1803 0
1804 1
1805 0
1806 0
1807 0
1808 1
1809 1
1810 1
1811 0
1812 1
1813 0
1814 0
1815 1
1816 1
1817 1
1818 1
1819 2
1820 0
1821 1
1822 1
1823 0
1824 0
1825 1
1826 0
1827 1
1828 1
1829 0
1830 1
1831 0
1832 1
1833 1
1834 1
1835 0
1836 0
1837 0
1838 0
1839 0
1840 1
1841 1
1842 0
1843 1
1844 1
1845 1
1846 0
1847 0
1848 1
1849 0
1850 0
1851 0
1852 0
1853 0
1854 1
1855 0
1856 0
1857 0
1858 1
1859 1
1860 0
1861 0
1862 0
1863 0
1864 0
1865 0
1866 0
1867 0
1868 0
1869 0
1870 0
1871 0
1872 0
1873 0
1874 0
1875 0
1876 0
1877 1
1878 1
1879 0
1880 0
1881 0
1882 1
1883 1
1884 0
1885 0
1886 0
1887 0
1888 0
1889 0
1890 0
1891 1
1892 0
1893 0
1894 0
1895 0
1896 0
1897 0
1898 1
1899 0
1900 0
1901 1
1902 0
1903 0
1904 0
1905 0
1906 0
1907 0
1908 0
1909 0
1910 0
1911 1
1912 1
1913 0
1914 0
1915 0
1916 1
1917 0
1918 1
1919 1
1920 0
1921 0
1922 0
1923 0
1924 0
1925 1
1926 0
1927 1
1928 0
1929 1
1930 1
1931 1
1932 0
1933 0
1934 0
1935 0
1936 0
1937 0
1938 0
1939 0
1940 1
1941 0
1942 0
1943 1
1944 1
1945 1
1946 0
1947 0
1948 0
1949 1
1950 0
1951 0
1952 0
1953 0
1954 0
1955 0
1956 0
1957 0
1958 0
1959 0
1960 0
1961 1
1962 0
1963 0
1964 1
1965 0
1966 0
1967 0
1968 0
1969 1
1970 0
1971 0
1972 0
1973 0
1974 0
1975 0
1976 1
1977 0
1978 0
1979 0
1980 0
1981 0
1982 0
1983 1
1984 0
1985 0
1986 0
1987 0
1988 0
1989 0
1990 1
1991 0
1992 0
1993 0
1994 0
1995 0
1996 0
1997 0
1998 0
1999 1
2000 0
2001 0
2002 0
2003 0
2004 1
2005 0
2006 0
2007 1
2008 0
2009 0
2010 0
2011 0
2012 0
2013 0
2014 0
2015 0
2016 0
2017 1
2018 1
2019 0
2020 0
2021 0
2022 0
2023 0
2024 1
2025 0
2026 0
2027 0
2028 0
2029 0
2030 0
2031 0
2032 0
2033 0
2034 0
2035 0
2036 0
2037 0
2038 0
2039 0
2040 0
2041 0
2042 0
2043 0
2044 0
2045 0
2046 0
2047 0
2048 0
2049 0
2050 0
2051 1
2052 1
2053 0
2054 1
2055 1
2056 0
2057 0
2058 1
2059 1
2060 0
2061 0
2062 0
2063 0
2064 1
2065 0
2066 1
2067 1
2068 1
2069 2
2070 3
2071 1
2072 1
2073 2
2074 1
2075 1
2076 1
2077 1
2078 1
2079 0
2080 1
2081 1
2082 0
2083 1
2084 1
2085 0
2086 0
2087 1
2088 1
2089 0
2090 1
2091 0
2092 2
2093 0
2094 1
2095 1
2096 1
2097 0
2098 1
2099 1
2100 0
2101 0
2102 0
2103 0
2104 0
2105 0
2106 0
2107 0
2108 0
2109 0
2110 0
2111 0
2112 1
2113 0
2114 1
2115 1
2116 0
2117 0
2118 0
2119 0
2120 0
2121 0
2122 0
2123 1
2124 0
2125 1
2126 0
2127 0
2128 1
2129 1
2130 1
2131 1
2132 0
2133 0
2134 0
2135 1
2136 0
2137 0
2138 0
2139 1
2140 0
2141 0
2142 0
2143 0
2144 0
2145 0
2146 0
2147 0
2148 0
2149 0
2150 1
2151 0
2152 0
2153 1
2154 1
2155 1
2156 0
2157 0
2158 0
2159 1
2160 1
2161 0
2162 0
2163 0
2164 0
2165 0
2166 0
2167 1
2168 1
2169 0
2170 1
2171 1
2172 1
2173 1
2174 1
2175 0
2176 0
2177 1
2178 1
2179 0
2180 0
2181 0
2182 1
2183 2
2184 2
2185 2
2186 2
2187 1
2188 2
2189 1
2190 1
2191 1
2192 1
2193 1
2194 2
2195 0
2196 2
2197 2
2198 1
2199 2
2200 0
2201 3
2202 1
2203 1
2204 1
2205 1
2206 1
2207 2
2208 1
2209 2
2210 1
2211 2
2212 1
2213 2
2214 2
2215 1
2216 1
2217 2
2218 0
2219 0
2220 1
2221 0
2222 0
2223 0
2224 0
2225 0
2226 0
2227 1
2228 0
2229 1
2230 0
2231 1
2232 1
2233 1
2234 1
2235 1
2236 0
2237 1
2238 0
2239 1
2240 1
2241 1
2242 0
2243 0
2244 1
2245 0
2246 0
2247 1
2248 0
2249 2
2250 1
2251 0
2252 0
2253 1
2254 1
2255 1
2256 1
2257 0
2258 2
2259 1
2260 2
2261 2
2262 1
2263 2
2264 3
2265 1
2266 2
2267 2
2268 1
2269 2
2270 1
2271 1
2272 1
2273 1
2274 1
2275 0
2276 0
2277 2
2278 2
2279 2
2280 1
2281 2
2282 1
2283 1
2284 1
2285 3
2286 1
2287 1
2288 0
2289 2
2290 1
2291 3
2292 2
2293 1
2294 1
2295 1
2296 1
2297 3
2298 2
2299 1
2300 2
2301 2
2302 2
2303 2
2304 0
2305 2
2306 0
2307 1
2308 1
2309 1
2310 1
2311 2
2312 1
2313 0
2314 1
2315 1
2316 0
2317 1
2318 1
2319 0
2320 0
2321 0
2322 0
2323 0
2324 0
2325 0
2326 0
2327 0
2328 1
2329 0
2330 1
2331 0
2332 0
2333 1
2334 0
2335 0
2336 0
2337 0
2338 0
2339 0
2340 0
2341 0
2342 1
2343 0
2344 1
2345 0
2346 1
2347 0
2348 0
2349 1
2350 1
2351 0
2352 1
2353 1
2354 0
2355 1
2356 0
2357 0
2358 1
2359 1
2360 0
2361 0
2362 1
2363 0
2364 0
2365 0
2366 0
2367 0
2368 1
2369 0
2370 0
2371 0
2372 0
2373 0
2374 1
2375 0
2376 1
2377 0
2378 0
2379 0
2380 0
2381 0
2382 0
2383 0
2384 0
2385 0
2386 0
2387 0
2388 0
2389 0
2390 1
2391 0
2392 0
2393 0
2394 1
2395 0
2396 1
2397 0
2398 0
2399 0
2400 0
2401 0
2402 0
2403 1
2404 0
2405 0
2406 0
2407 0
2408 0
2409 0
2410 0
2411 0
2412 0
2413 0
2414 0
2415 0
2416 0
2417 0
2418 0
2419 0
2420 0
2421 1
2422 0
2423 0
2424 0
2425 0
2426 0
2427 0
2428 0
2429 0
2430 0
2431 0
2432 0
2433 1
2434 1
2435 0
2436 0
2437 0
2438 0
2439 0
2440 0
2441 0
2442 1
2443 0
2444 0
2445 1
2446 1
2447 1
2448 0
2449 0
2450 1
2451 0
2452 0
2453 1
2454 0
2455 1
2456 0
2457 0
2458 0
2459 1
2460 0
2461 1
2462 1
2463 0
2464 0
2465 0
2466 1
2467 1
2468 1
2469 1
2470 1
2471 1
2472 0
2473 1
2474 0
2475 1
2476 1
2477 1
2478 0
2479 1
2480 0
2481 0
2482 1
2483 0
2484 1
2485 1
2486 1
2487 0
2488 1
2489 1
2490 0
2491 1
2492 1
2493 1
2494 0
2495 1
2496 1
2497 0
2498 0
2499 1
2500 1
2501 0
2502 0
2503 0
2504 0
2505 1
2506 2
2507 1
2508 0
2509 1
2510 1
2511 0
2512 0
2513 1
2514 1
2515 0
2516 0
2517 0
2518 0
2519 0
2520 0
2521 1
2522 1
2523 1
2524 1
2525 1
2526 1
2527 1
2528 1
2529 0
2530 1
2531 0
2532 1
2533 1
2534 0
2535 1
2536 0
2537 1
2538 0
2539 1
2540 0
2541 0
2542 1
2543 1
2544 1
2545 1
2546 0
2547 0
2548 0
2549 0
2550 1
2551 1
2552 0
2553 1
2554 1
2555 1
2556 1
2557 1
2558 0
2559 1
2560 1
2561 1
2562 2
2563 1
2564 1
2565 1
2566 1
2567 0
2568 1
2569 1
2570 2
2571 1
2572 0
2573 0
2574 0
2575 1
2576 1
2577 1
2578 0
2579 0
2580 0
2581 0
2582 0
2583 0
2584 0
2585 0
2586 0
2587 1
2588 1
2589 0
2590 0
2591 0
2592 0
2593 0
2594 0
2595 0
2596 1
2597 0
2598 0
2599 0
2600 0
2601 0
2602 1
2603 0
2604 0
2605 1
2606 1
2607 2
2608 0
2609 1
2610 0
2611 0
2612 1
2613 1
2614 0
2615 0
2616 0
2617 0
2618 0
2619 0
2620 1
2621 1
2622 1
2623 0
2624 0
2625 0
2626 0
2627 0
2628 1
2629 1
2630 0
2631 0
2632 0
2633 0
2634 0
2635 0
2636 0
2637 1
2638 0
2639 1
2640 1
2641 1
2642 1
2643 0
2644 1
2645 0
2646 1
2647 0
2648 0
2649 0
2650 0
2651 0
2652 0
2653 0
2654 0
2655 0
2656 0
2657 1
2658 0
2659 1
2660 1
2661 0
2662 0
2663 0
2664 0
2665 0
2666 0
2667 0
2668 0
2669 1
2670 0
2671 0
2672 1
2673 1
2674 1
2675 1
2676 0
2677 1
2678 1
2679 1
2680 0
2681 0
2682 0
2683 0
2684 1
2685 0
2686 0
2687 0
2688 0
2689 0
2690 0
2691 0
2692 0
2693 1
2694 0
2695 0
2696 1
2697 0
2698 0
2699 0
2700 0
2701 1
2702 0
2703 0
2704 1
2705 0
2706 0
2707 0
2708 0
2709 0
2710 0
2711 0
2712 0
2713 0
2714 0
2715 0
2716 0
2717 0
2718 0
2719 0
2720 0
2721 0
2722 0
2723 0
2724 0
2725 0
2726 1
2727 0
2728 0
2729 0
2730 0
2731 0
2732 0
2733 0
2734 0
2735 1
2736 1
2737 0
2738 0
2739 0
2740 0
2741 0
2742 1
2743 1
2744 1
2745 0
2746 0
2747 1
2748 1
2749 1
2750 1
2751 0
2752 0
2753 0
2754 0
2755 0
2756 0
2757 1
2758 0
2759 0
2760 0
2761 0
2762 0
2763 0
2764 0
2765 0
2766 0
2767 0
2768 0
2769 1
2770 0
2771 1
2772 0
2773 0
2774 1
2775 0
2776 0
2777 0
2778 0
2779 1
2780 0
2781 1
2782 1
2783 1
2784 1
2785 2
2786 1
2787 2
2788 1
2789 1
2790 1
2791 1
2792 2
2793 2
2794 2
2795 0
2796 1
2797 0
2798 0
2799 0
2800 0
2801 0
2802 1
2803 0
2804 1
2805 1
2806 1
2807 1
2808 1
2809 0
2810 1
2811 1
2812 0
2813 0
2814 0
2815 0
2816 0
2817 1
2818 0
2819 0
2820 1
2821 0
2822 1
2823 0
2824 0
2825 0
2826 0
2827 0
2828 0
2829 0
2830 0
2831 0
2832 0
2833 0
2834 0
2835 0
2836 0
2837 1
2838 0
2839 0
2840 0
2841 0
2842 0
2843 0
2844 1
2845 1
2846 0
2847 0
2848 1
2849 1
2850 1
2851 1
2852 2
2853 1
2854 1
2855 2
2856 2
2857 1
2858 3
2859 0
2860 1
2861 1
2862 2
2863 1
2864 0
2865 1
2866 1
2867 3
2868 1
2869 1
2870 1
2871 2
2872 1
2873 1
2874 3
2875 1
2876 1
2877 0
2878 1
2879 2
2880 1
2881 1
2882 1
2883 3
2884 2
2885 1
2886 2
2887 1
2888 2
2889 2
2890 0
2891 2
2892 1
2893 1
2894 1
2895 2
2896 2
2897 2
2898 1
2899 1
2900 2
2901 3
2902 2
2903 1
2904 2
2905 2
2906 1
2907 0
2908 3
2909 1
2910 1
2911 2
2912 1
2913 2
2914 0
2915 0
2916 1
2917 0
2918 1
2919 1
2920 1
2921 2
2922 2
2923 1
2924 1
2925 1
2926 1
2927 0
2928 1
2929 2
2930 1
2931 1
2932 1
2933 1
2934 1
2935 2
2936 1
2937 0
2938 1
2939 1
2940 1
2941 1
2942 1
2943 1
2944 1
2945 1
2946 1
2947 1
2948 1
2949 2
2950 1
2951 2
2952 2
2953 2
2954 0
2955 2
2956 2
2957 1
2958 2
2959 0
2960 1
2961 2
2962 0
2963 1
2964 0
2965 2
2966 0
2967 1
2968 0
2969 1
2970 2
2971 2
2972 2
2973 2
2974 1
2975 0
2976 1
2977 2
2978 2
2979 2
2980 2
2981 3
2982 2
2983 2
2984 1
2985 2
2986 0
2987 1
2988 0
2989 1
2990 1
2991 1
2992 1
2993 0
2994 2
2995 0
2996 1
2997 1
2998 1
2999 0
3000 1
3001 0
3002 2
3003 2
3004 1
3005 3
3006 1
3007 2
3008 2
3009 2
3010 1
3011 1
3012 1
3013 2
3014 3
3015 1
3016 2
3017 2
3018 3
3019 1
3020 2
3021 2
3022 1
3023 2
3024 1
3025 2
3026 3
3027 1
3028 1
3029 1
3030 2
3031 2
3032 1
3033 1
3034 1
3035 2
3036 1
3037 2
3038 2
3039 0
3040 0
3041 0
3042 0
3043 0
3044 0
3045 0
3046 1
3047 0
3048 0
3049 1
3050 0
3051 0
3052 0
3053 1
3054 2
3055 0
3056 0
3057 0
3058 1
3059 1
3060 0
3061 0
3062 0
3063 0
3064 0
3065 2
3066 0
3067 0
3068 0
3069 0
3070 0
3071 0
3072 1
3073 0
3074 1
3075 0
3076 1
3077 0
3078 1
3079 2
3080 1
3081 2
3082 1
3083 1
3084 1
3085 0
3086 1
3087 0
3088 0
3089 1
3090 0
3091 0
3092 0
3093 0
3094 0
3095 2
3096 1
3097 1
3098 1
3099 2
3100 1
3101 2
3102 3
3103 0
3104 2
3105 2
3106 0
3107 2
3108 2
3109 2
3110 2
3111 1
3112 0
3113 0
3114 1
3115 0
3116 0
3117 0
3118 0
3119 0
3120 2
3121 1
3122 1
3123 1
3124 0
3125 0
3126 0
3127 0
3128 0
3129 0
3130 0
3131 1
3132 0
3133 0
3134 1
3135 0
3136 1
3137 1
3138 0
3139 1
3140 0
3141 0
3142 0
3143 0
3144 1
3145 0
3146 0
3147 1
3148 0
3149 1
3150 0
3151 0
3152 0
3153 0
3154 1
3155 0
3156 0
3157 0
3158 0
3159 1
3160 0
3161 0
3162 0
3163 0
3164 0
3165 0
3166 0
3167 0
3168 0
3169 2
3170 2
3171 0
3172 2
3173 2
3174 2
3175 1
3176 2
3177 1
3178 1
3179 1
3180 2
3181 1
3182 0
3183 2
3184 2
3185 2
3186 2
3187 1
3188 1
3189 0
3190 0
3191 0
3192 0
3193 1
3194 0
3195 0
3196 1
3197 0
3198 1
3199 1
3200 0
3201 1
3202 1
3203 1
3204 2
3205 1
3206 1
3207 2
3208 2
3209 1
3210 1
3211 2
3212 2
3213 2
3214 0
3215 1
3216 2
3217 1
3218 1
3219 2
3220 1
3221 1
3222 2
3223 3
3224 1
3225 1
3226 1
3227 2
3228 2
3229 2
3230 2
3231 2
3232 1
3233 2
3234 1
3235 1
3236 1
3237 2
3238 2
3239 2
3240 2
3241 3
3242 2
3243 1
3244 0
3245 2
3246 1
3247 2
3248 1
3249 1
3250 2
3251 2
3252 0
3253 2
3254 1
3255 2
3256 1
3257 1
3258 2
3259 1
3260 1
3261 2
3262 1
3263 2
3264 0
3265 0
3266 2
3267 2
3268 1
3269 1
3270 1
3271 2
3272 1
3273 1
3274 0
3275 0
3276 1
3277 2
3278 2
3279 1
3280 0
3281 1
3282 1
3283 1
3284 2
3285 1
3286 2
3287 1
3288 3
3289 2
3290 0
3291 0
3292 1
3293 2
3294 0
3295 1
3296 2
3297 1
3298 2
3299 1
3300 1
3301 2
3302 1
3303 2
3304 1
3305 1
3306 1
3307 2
3308 1
3309 2
3310 2
3311 3
3312 1
3313 2
3314 0
3315 1
3316 1
3317 2
3318 1
3319 2
3320 1
3321 1
3322 1
3323 1
3324 2
3325 0
3326 0
3327 0
3328 0
3329 0
3330 0
3331 0
3332 0
3333 1
3334 0
3335 1
3336 0
3337 0
3338 0
3339 1
3340 0
3341 0
3342 0
3343 0
3344 0
3345 0
3346 0
3347 0
3348 1
3349 0
3350 0
3351 0
3352 0
3353 0
3354 0
3355 0
3356 0
3357 0
3358 1
3359 0
3360 0
3361 0
3362 0
3363 0
3364 0
3365 1
3366 0
3367 0
3368 1
3369 0
3370 0
3371 0
3372 0
3373 0
3374 0
3375 0
3376 0
3377 0
3378 0
3379 1
3380 1
3381 1
3382 2
3383 0
3384 0
3385 0
3386 0
3387 0
3388 0
3389 1
3390 1
3391 0
3392 1
3393 0
3394 1
3395 0
3396 1
3397 0
3398 0
3399 0
3400 0
3401 0
3402 0
3403 0
3404 1
3405 0
3406 1
3407 0
3408 0
3409 0
3410 0
3411 1
3412 0
3413 1
3414 0
3415 0
3416 0
3417 0
3418 0
3419 0
3420 1
3421 0
3422 0
3423 0
3424 0
3425 0
3426 0
3427 0
3428 0
3429 0
3430 0
3431 0
3432 0
3433 0
3434 0
3435 0
3436 1
3437 1
3438 0
3439 0
3440 0
3441 0
3442 1
3443 0
3444 0
3445 0
3446 1
3447 1
3448 0
3449 0
3450 0
3451 0
3452 1
3453 1
3454 0
3455 1
3456 1
3457 0
3458 0
3459 1
3460 1
3461 0
3462 0
3463 0
3464 1
3465 1
3466 2
3467 1
3468 1
3469 2
3470 0
3471 0
3472 0
3473 0
3474 0
3475 0
3476 1
3477 0
3478 1
3479 1
3480 1
3481 1
3482 1
3483 2
3484 1
3485 0
3486 1
3487 0
3488 1
3489 1
3490 0
3491 0
3492 0
3493 0
3494 0
3495 0
3496 0
3497 1
3498 0
3499 1
3500 1
3501 1
3502 1
3503 0
3504 1
3505 1
3506 1
3507 0
3508 1
3509 0
3510 0
3511 0
3512 0
3513 0
3514 0
3515 0
3516 1
3517 1
3518 1
3519 1
3520 1
3521 1
3522 0
3523 0
3524 1
3525 1
3526 2
3527 2
3528 1
3529 1
3530 0
3531 0
3532 0
3533 1
3534 0
3535 0
3536 0
3537 1
3538 0
3539 1
3540 0
3541 0
3542 1
3543 1
3544 1
3545 1
3546 0
3547 0
3548 1
3549 0
3550 0
3551 0
3552 1
3553 0
3554 1
3555 0
3556 1
3557 0
3558 1
3559 0
3560 0
3561 0
3562 0
3563 0
3564 1
3565 0
3566 0
3567 0
3568 0
3569 0
3570 0
3571 0
3572 0
3573 1
3574 0
3575 0
3576 0
3577 0
3578 0
3579 1
3580 1
3581 2
3582 0
3583 1
3584 0
3585 0
3586 1
3587 1
3588 1
3589 0
3590 0
3591 1
3592 0
3593 1
3594 0
3595 0
3596 0
3597 0
3598 0
3599 0
3600 0
3601 1
3602 0
3603 1
3604 0
3605 1
3606 0
3607 1
3608 1
3609 0
3610 0
3611 0
3612 0
3613 0
3614 0
3615 0
3616 0
3617 0
3618 0
3619 0
3620 0
3621 0
3622 0
3623 1
3624 0
3625 0
3626 0
3627 0
3628 0
3629 0
3630 0
3631 0
3632 0
3633 0
3634 0
3635 0
3636 0
3637 0
3638 0
3639 0
3640 0
3641 0
3642 0
3643 0
3644 0
3645 0
3646 0
3647 0
3648 1
3649 0
3650 1
3651 0
3652 0
3653 0
3654 0
3655 0
3656 0
3657 0
3658 1
3659 1
3660 0
3661 0
3662 0
3663 0
3664 0
3665 0
3666 1
3667 0
3668 0
3669 0
3670 0
3671 0
3672 0
3673 0
3674 0
3675 0
3676 0
3677 0
3678 0
3679 0
3680 0
3681 0
3682 0
3683 0
3684 0
3685 1
3686 1
3687 0
3688 1
3689 0
3690 1
3691 1
3692 0
3693 0
3694 0
3695 0
3696 0
3697 0
3698 1
3699 0
3700 0
3701 0
3702 0
3703 0
3704 1
3705 0
3706 0
3707 0
3708 0
3709 0
3710 0
3711 0
3712 0
3713 0
3714 1
3715 0
3716 0
3717 1
3718 0
3719 1
3720 0
3721 0
3722 1
3723 2
3724 2
3725 1
3726 1
3727 1
3728 2
3729 1
3730 2
3731 1
3732 1
3733 2
3734 1
3735 1
3736 1
3737 2
3738 2
3739 1
3740 2
3741 1
3742 0
3743 1
3744 2
3745 2
3746 2
3747 0
3748 0
3749 1
3750 2
3751 2
3752 0
3753 1
3754 2
3755 2
3756 2
3757 2
3758 1
3759 1
3760 1
3761 1
3762 1
3763 1
3764 2
3765 1
3766 2
3767 1
3768 1
3769 1
3770 0
3771 2
3772 2
3773 0
3774 1
3775 0
3776 1
3777 1
3778 2
3779 1
3780 1
3781 2
3782 1
3783 1
3784 1
3785 0
3786 1
3787 2
3788 1
3789 1
3790 1
3791 1
3792 2
3793 0
3794 1
3795 2
3796 1
3797 2
3798 2
3799 1
3800 0
3801 2
3802 1
3803 1
3804 1
3805 1
3806 0
3807 2
3808 1
3809 2
3810 2
3811 2
3812 0
3813 0
3814 1
3815 1
3816 2
3817 2
3818 2
3819 2
3820 2
3821 2
3822 1
3823 1
3824 1
3825 1
3826 1
3827 1
3828 2
3829 1
3830 1
3831 1
3832 1
3833 1
3834 0
3835 1
3836 2
3837 0
3838 2
3839 0
3840 0
3841 2
3842 2
3843 1
3844 1
3845 1
3846 3
3847 1
3848 1
3849 1
3850 1
3851 2
3852 1
3853 1
3854 1
3855 1
3856 1
3857 0
3858 1
3859 0
3860 2
3861 1
3862 1
3863 1
3864 2
3865 0
3866 1
3867 1
3868 1
3869 1
3870 2
3871 2
3872 1
3873 1
3874 2
3875 3
3876 2
3877 1
3878 1
3879 0
3880 1
3881 1
3882 1
3883 1
3884 1
3885 1
3886 1
3887 2
3888 1
3889 1
3890 1
3891 2
3892 1
3893 0
3894 0
3895 0
3896 1
3897 1
3898 2
3899 1
3900 2
3901 2
3902 1
3903 2
3904 2
3905 1
3906 0
3907 1
3908 0
3909 1
3910 0
3911 0
3912 1
3913 0
3914 1
3915 1
3916 1
3917 0
3918 1
3919 2
3920 1
3921 2
3922 2
3923 1
3924 1
3925 1
3926 2
3927 1
3928 2
3929 2
3930 1
3931 1
3932 0
3933 1
3934 0
3935 0
3936 0
3937 0
3938 0
3939 0
3940 1
3941 1
3942 1
3943 0
3944 0
3945 0
3946 0
3947 1
3948 1
3949 0
3950 0
3951 0
3952 0
3953 0
3954 0
3955 0
3956 0
3957 0
3958 0
3959 0
3960 0
3961 0
3962 0
3963 0
3964 0
3965 0
3966 0
3967 0
3968 1
3969 0
3970 1
3971 0
3972 0
3973 0
3974 1
3975 0
3976 0
3977 0
3978 0
3979 0
3980 1
3981 0
3982 0
3983 0
3984 0
3985 0
3986 0
3987 0
3988 1
3989 0
3990 1
3991 0
3992 0
3993 0
3994 0
3995 1
3996 1
3997 0
3998 1
3999 1
4000 0
4001 0
4002 1
4003 1
4004 1
4005 0
4006 0
4007 0
4008 1
4009 0
4010 1
4011 1
4012 0
4013 1
4014 0
4015 0
4016 1
4017 0
4018 1
4019 1
4020 0
4021 0
4022 0
4023 0
4024 0
4025 0
4026 0
4027 1
4028 0
4029 0
4030 0
4031 1
4032 0
4033 0
4034 0
4035 0
4036 0
4037 0
4038 0
4039 0
4040 0
4041 0
4042 0
4043 0
4044 0
4045 0
4046 0
4047 0
4048 0
4049 0
4050 0
4051 0
4052 0
4053 0
4054 0
4055 1
4056 0
4057 0
4058 1
4059 0
4060 1
4061 0
4062 1
4063 0
4064 0
4065 1
4066 1
4067 0
4068 0
4069 1
4070 0
4071 0
4072 0
4073 0
4074 2
4075 1
4076 1
4077 2
4078 1
4079 0
4080 2
4081 0
4082 2
4083 2
4084 1
4085 2
4086 2
4087 0
4088 0
4089 1
4090 2
4091 1
4092 1
4093 1
4094 0
4095 2
4096 0
4097 2
4098 1
4099 2
4100 1
4101 1
4102 1
4103 1
4104 1
4105 2
4106 0
4107 0
4108 1
4109 1
4110 1
4111 0
4112 1
4113 1
4114 0
4115 1
4116 0
4117 2
4118 0
4119 1
4120 1
4121 1
4122 1
4123 2
4124 1
4125 2
4126 2
4127 1
4128 0
4129 2
4130 0
4131 1
4132 1
4133 1
4134 2
4135 1
4136 2
4137 1
4138 0
4139 1
4140 1
4141 2
4142 2
4143 1
4144 1
4145 0
4146 1
4147 1
4148 2
4149 2
4150 1
4151 2
4152 1
4153 1
4154 1
4155 1
4156 0
4157 2
4158 1
4159 0
4160 2
4161 2
4162 1
4163 0
4164 2
4165 2
4166 1
4167 2
4168 1
4169 2
4170 0
4171 1
4172 3
4173 1
4174 0
4175 1
4176 2
4177 2
4178 1
4179 1
4180 2
4181 1
4182 2
4183 2
4184 1
4185 2
4186 3
4187 1
4188 1
4189 2
4190 2
4191 2
4192 1
4193 2
4194 0
4195 0
4196 2
4197 1
4198 0
4199 1
4200 1
4201 0
4202 2
4203 1
4204 0
4205 0
4206 1
4207 2
4208 1
4209 2
4210 2
4211 1
4212 1
4213 1
4214 1
4215 1
4216 0
4217 1
4218 1
4219 1
4220 1
4221 1
4222 0
4223 2
4224 1
4225 2
4226 1
4227 3
4228 1
4229 2
4230 1
4231 2
4232 1
4233 1
4234 1
4235 1
4236 1
4237 1
4238 2
4239 2
4240 2
4241 1
4242 1
4243 1
4244 2
4245 2
4246 1
4247 2
4248 1
4249 0
4250 2
4251 1
4252 1
4253 1
4254 3
4255 2
4256 1
4257 1
4258 1
4259 0
4260 1
4261 1
4262 2
4263 2
4264 1
4265 1
4266 1
4267 1
4268 2
4269 2
4270 2
4271 0
4272 0
4273 1
4274 1
4275 1
4276 3
4277 1
4278 0
4279 1
4280 2
4281 1
4282 0
4283 1
4284 3
4285 1
4286 0
4287 3
4288 1
4289 2
4290 1
4291 1
4292 1
4293 1
4294 1
4295 0
4296 1
4297 3
4298 1
4299 1
4300 1
4301 0
4302 2
4303 2
4304 2
4305 2
4306 2
4307 1
4308 0
4309 1
4310 1
4311 1
4312 1
4313 2
4314 2
4315 1
4316 1
4317 2
4318 1
4319 0
4320 2
4321 1
4322 1
4323 1
4324 1
4325 2
4326 2
4327 1
4328 1
4329 2
4330 1
4331 2
4332 1
4333 1
4334 1
4335 1
4336 2
4337 1
4338 1
4339 2
4340 1
4341 1
4342 1
4343 2
4344 2
4345 2
4346 1
4347 2
4348 1
4349 1
4350 0
4351 1
4352 1
4353 2
4354 2
4355 2
4356 3
4357 2
4358 2
4359 2
4360 1
4361 2
4362 2
4363 2
4364 0
4365 1
4366 2
4367 1
4368 2
4369 2
4370 1
4371 2
4372 2
4373 3
4374 2
4375 1
4376 2
4377 1
4378 1
4379 1
4380 1
4381 1
4382 1
4383 0
4384 1
4385 1
4386 1
4387 1
4388 1
4389 2
4390 2
4391 0
4392 1
4393 1
4394 2
4395 1
4396 2
4397 1
4398 2
4399 2
4400 0
4401 2
4402 1
4403 1
4404 2
4405 0
4406 0
4407 2
4408 2
4409 1
4410 2
4411 1
4412 1
4413 3
4414 1
4415 3
4416 1
4417 1
4418 0
4419 2
4420 2
4421 2
4422 2
4423 1
4424 1
4425 1
4426 0
4427 1
4428 0
4429 0
4430 0
4431 0
4432 0
4433 0
4434 0
4435 0
4436 0
4437 0
4438 0
4439 0
4440 0
4441 0
4442 0
4443 0
4444 1
4445 1
4446 2
4447 1
4448 2
4449 1
4450 2
4451 2
4452 1
4453 2
4454 2
4455 2
4456 1
4457 1
4458 1
4459 1
4460 2
4461 1
4462 1
4463 1
4464 0
4465 1
4466 1
4467 1
4468 2
4469 1
4470 1
4471 0
4472 0
4473 2
4474 1
4475 1
4476 0
4477 1
4478 1
4479 2
4480 1
4481 1
4482 2
4483 0
4484 1
4485 2
4486 0
4487 0
4488 1
4489 2
4490 1
4491 1
4492 2
4493 1
4494 2
4495 2
4496 1
4497 1
4498 0
4499 1
4500 2
4501 2
4502 1
4503 1
4504 1
4505 2
4506 2
4507 1
4508 1
4509 2
4510 1
4511 1
4512 2
4513 2
4514 1
4515 2
4516 1
4517 2
4518 0
4519 1
4520 0
4521 1
4522 2
4523 1
4524 1
4525 1
4526 2
4527 2
4528 0
4529 2
4530 2
4531 1
4532 1
4533 1
4534 1
4535 1
4536 1
4537 1
4538 1
4539 1
4540 2
4541 1
4542 3
4543 1
4544 1
4545 0
4546 1
4547 1
4548 1
4549 1
4550 1
4551 2
4552 1
4553 0
4554 1
4555 2
4556 0
4557 2
4558 1
4559 2
4560 2
4561 2
4562 1
4563 2
4564 2
4565 2
4566 1
4567 1
4568 1
4569 1
4570 2
4571 1
4572 2
4573 2
4574 1
4575 0
4576 1
4577 2
4578 1
4579 1
4580 2
4581 2
4582 1
4583 1
4584 2
4585 2
4586 2
4587 1
4588 1
4589 0
4590 0
4591 1
4592 1
4593 2
4594 2
4595 1
4596 2
4597 2
4598 1
4599 1
4600 2
4601 2
4602 1
4603 1
4604 1
4605 1
4606 1
4607 1
4608 3
4609 1
4610 1
4611 1
4612 0
4613 1
4614 1
4615 1
4616 0
4617 0
4618 1
4619 2
4620 3
4621 3
4622 2
4623 1
4624 1
4625 2
4626 2
4627 2
4628 2
4629 2
4630 0
4631 2
4632 2
4633 2
4634 2
4635 1
4636 1
4637 2
4638 0
4639 1
4640 1
4641 1
4642 1
4643 2
4644 1
4645 1
4646 1
4647 2
4648 2
4649 0
4650 2
4651 1
4652 1
4653 2
4654 0
4655 1
4656 1
4657 1
4658 1
4659 1
4660 2
4661 2
4662 0
4663 0
4664 2
4665 0
4666 2
4667 1
4668 1
4669 1
4670 1
4671 1
4672 2
4673 1
4674 1
4675 2
4676 0
4677 0
4678 3
4679 1
4680 1
4681 0
4682 2
4683 2
4684 1
4685 1
4686 2
4687 1
4688 1
4689 1
4690 2
4691 2
4692 1
4693 0
4694 1
4695 1
4696 1
4697 1
4698 1
4699 1
4700 1
4701 1
4702 1
4703 1
4704 2
4705 1
4706 1
4707 1
4708 2
4709 2
4710 1
4711 2
4712 1
4713 2
4714 1
4715 1
4716 0
4717 0
4718 1
4719 2
4720 1
4721 2
4722 1
4723 2
4724 1
4725 0
4726 1
4727 2
4728 1
4729 1
4730 1
4731 2
4732 2
4733 1
4734 2
4735 1
4736 2
4737 2
4738 1
4739 2
4740 0
4741 1
4742 1
4743 1
4744 2
4745 2
4746 0
4747 0
4748 1
4749 0
4750 1
4751 1
4752 0
4753 1
4754 0
4755 1
4756 1
4757 1
4758 0
4759 0
4760 0
4761 0
4762 1
4763 1
4764 0
4765 1
4766 1
4767 0
4768 0
4769 0
4770 1
4771 0
4772 1
4773 0
4774 1
4775 1
4776 0
4777 0
4778 1
4779 1
4780 1
4781 0
4782 0
4783 1
4784 2
4785 2
4786 1
4787 1
4788 2
4789 2
4790 2
4791 1
4792 1
4793 2
4794 1
4795 1
4796 1
4797 1
4798 1
4799 1
4800 3
4801 1
4802 2
4803 3
4804 2
4805 2
4806 1
4807 1
4808 2
4809 2
4810 2
4811 1
4812 2
4813 0
4814 1
4815 2
4816 0
4817 0
4818 2
4819 1
4820 0
4821 3
4822 1
4823 0
4824 2
4825 1
4826 0
4827 0
4828 0
4829 1
4830 2
4831 1
4832 2
4833 1
4834 1
4835 2
4836 2
4837 0
4838 1
4839 1
4840 1
4841 2
4842 2
4843 2
4844 2
4845 1
4846 2
4847 1
4848 2
4849 2
4850 1
4851 2
4852 0
4853 1
4854 2
4855 2
4856 1
4857 0
4858 1
4859 1
4860 1
4861 2
4862 1
4863 2
4864 2
4865 2
4866 2
4867 2
4868 1
4869 0
4870 2
4871 0
4872 1
4873 1
4874 0
4875 1
4876 1
4877 0
4878 2
4879 1
4880 2
4881 1
4882 1
4883 1
4884 1
4885 1
4886 2
4887 1
4888 1
4889 1
4890 2
4891 2
4892 2
4893 1
4894 0
4895 1
4896 1
4897 2
4898 2
4899 2
4900 0
4901 1
4902 0
4903 1
4904 1
4905 0
4906 1
4907 1
4908 2
4909 0
4910 2
4911 0
4912 2
4913 1
4914 2
4915 0
4916 2
4917 1
4918 0
4919 2
4920 1
4921 1
4922 1
4923 1
4924 1
4925 0
4926 2
4927 3
4928 1
4929 2
4930 2
4931 2
4932 2
4933 0
4934 1
4935 2
4936 2
4937 1
4938 2
4939 1
4940 3
4941 2
4942 1
4943 1
4944 1
4945 1
4946 1
4947 1
4948 2
4949 0
4950 2
4951 2
4952 0
4953 1
4954 1
4955 1
4956 1
4957 1
4958 2
4959 1
4960 2
4961 2
4962 2
4963 2
4964 1
4965 2
4966 2
4967 2
4968 1
4969 1
4970 2
4971 2
4972 1
4973 1
4974 1
4975 1
4976 0
4977 0
4978 0
4979 0
4980 0
4981 2
4982 1
4983 1
4984 0
4985 1
4986 1
4987 1
4988 1
4989 1
4990 2
4991 2
4992 2
4993 0
4994 0
4995 0
4996 2
4997 1
4998 1
4999 2
5000 1
5001 2
5002 1
5003 2
5004 0
5005 1
5006 1
5007 2
5008 1
5009 2
5010 0
5011 1
5012 0
5013 2
5014 1
5015 2
5016 0
5017 2
5018 0
5019 1
5020 2
5021 1
5022 2
5023 1
5024 3
5025 1
5026 2
5027 0
5028 2
5029 2
5030 2
5031 0
5032 1
5033 0
5034 1
5035 1
5036 1
5037 0
5038 1
5039 0
5040 2
5041 0
5042 1
5043 0
5044 1
5045 1
5046 1
5047 2
5048 2
5049 2
5050 1
5051 0
5052 0
5053 1
5054 1
5055 0
5056 1
5057 1
5058 1
5059 2
5060 2
5061 2
5062 1
5063 1
5064 0
5065 0
5066 0
5067 0
5068 0
5069 1
5070 1
5071 1
5072 0
5073 0
5074 1
5075 1
5076 1
5077 1
5078 1
5079 1
5080 1
5081 2
5082 1
5083 1
5084 2
5085 1
5086 1
5087 1
5088 2
5089 1
5090 2
5091 2
5092 0
5093 1
5094 1
5095 1
5096 1
5097 1
5098 2
5099 2
5100 1
5101 1
5102 1
5103 0
5104 2
5105 1
5106 0
5107 1
5108 1
5109 1
5110 1
5111 2
5112 3
5113 1
5114 1
5115 2
5116 2
5117 2
5118 2
5119 1
5120 0
5121 2
5122 0
5123 1
5124 1
5125 1
5126 1
5127 1
5128 1
5129 1
5130 3
5131 2
5132 1
5133 1
5134 0
5135 1
5136 0
5137 1
5138 0
5139 0
5140 1
5141 2
5142 1
5143 2
5144 1
5145 2
5146 1
5147 1
5148 2
5149 2
5150 0
5151 2
5152 0
5153 2
5154 2
5155 1
5156 1
5157 2
5158 0
5159 1
5160 2
5161 1
5162 2
5163 0
5164 2
5165 0
5166 2
5167 1
5168 1
5169 2
5170 1
5171 2
5172 2
5173 0
5174 1
5175 0
5176 0
5177 1
5178 1
5179 1
5180 1
5181 1
5182 1
5183 1
5184 0
5185 1
5186 1
5187 1
5188 2
5189 1
5190 1
5191 1
5192 0
5193 2
5194 1
5195 1
5196 0
5197 0
5198 0
5199 2
5200 1
5201 1
5202 0
5203 1
5204 1
5205 0
5206 0
5207 2
5208 1
5209 1
5210 1
5211 1
5212 1
5213 1
5214 0
5215 3
5216 1
5217 1
5218 1
5219 2
5220 1
5221 0
5222 1
5223 1
5224 0
5225 1
5226 0
5227 0
5228 1
5229 0
5230 1
5231 1
5232 2
5233 2
5234 1
5235 1
5236 1
5237 2
5238 1
5239 0
5240 0
5241 1
5242 2
5243 2
5244 1
5245 1
5246 2
5247 1
5248 1
5249 3
5250 2
5251 1
5252 1
5253 1
5254 2
5255 1
5256 2
5257 1
5258 1
5259 1
5260 1
5261 1
5262 1
5263 3
5264 1
5265 1
5266 1
5267 0
5268 1
5269 0
5270 1
5271 2
5272 0
5273 2
5274 0
5275 1
5276 1
5277 3
5278 2
5279 1
5280 2
5281 1
5282 0
5283 0
5284 2
5285 1
5286 0
5287 1
5288 1
5289 3
5290 1
5291 1
5292 1
5293 2
5294 2
5295 2
5296 2
5297 1
5298 2
5299 1
5300 2
5301 1
5302 1
5303 2
5304 1
5305 2
5306 1
5307 1
5308 2
5309 0
5310 0
5311 1
5312 1
5313 1
5314 1
5315 1
5316 0
5317 2
5318 2
5319 1
5320 0
5321 2
5322 0
5323 1
5324 2
5325 0
5326 0
5327 0
5328 1
5329 0
5330 0
5331 0
5332 2
5333 1
5334 1
5335 2
5336 1
5337 0
5338 0
5339 1
5340 0
5341 0
5342 0
5343 0
5344 0
5345 0
5346 0
5347 0
5348 0
5349 1
5350 0
5351 0
5352 0
5353 1
5354 0
5355 0
5356 1
5357 0
5358 2
5359 1
5360 1
5361 2
5362 2
5363 2
5364 2
5365 1
5366 1
5367 0
5368 2
5369 1
5370 3
5371 1
5372 2
5373 1
5374 0
5375 1
5376 2
5377 1
5378 1
5379 1
5380 1
5381 1
5382 2
5383 1
5384 1
5385 1
5386 0
5387 1
5388 2
5389 1
5390 2
5391 0
5392 1
5393 2
5394 1
5395 3
5396 1
5397 1
5398 1
5399 2
5400 2
5401 1
5402 1
5403 2
5404 1
5405 1
5406 3
5407 2
5408 1
5409 1
5410 2
5411 1
5412 1
5413 2
5414 2
5415 1
5416 1
5417 1
5418 1
5419 3
5420 2
5421 1
5422 2
5423 1
5424 1
5425 1
5426 1
5427 2
5428 1
5429 2
5430 1
5431 0
5432 1
5433 2
5434 2
5435 2
5436 1
5437 0
5438 2
5439 1
5440 1
5441 1
5442 0
5443 1
5444 1
5445 2
5446 2
5447 1
5448 2
5449 2
5450 1
5451 3
5452 1
5453 1
5454 2
5455 0
5456 1
5457 2
5458 2
5459 1
5460 1
5461 1
5462 0
5463 1
5464 2
5465 0
5466 1
5467 2
5468 1
5469 1
5470 2
5471 2
5472 1
5473 1
5474 0
5475 0
5476 1
5477 1
5478 0
5479 0
5480 0
5481 0
5482 0
5483 1
5484 0
5485 0
5486 1
5487 0
5488 0
5489 0
5490 0
5491 0
5492 0
5493 0
5494 0
5495 1
5496 0
5497 0
5498 0
5499 1
5500 0
5501 1
5502 0
5503 0
5504 0
5505 1
5506 1
5507 1
5508 0
5509 0
5510 0
5511 1
5512 0
5513 0
5514 0
5515 1
5516 1
5517 0
5518 0
5519 0
5520 0
5521 0
5522 0
5523 0
5524 0
5525 0
5526 0
5527 0
5528 0
5529 0
5530 0
5531 0
5532 1
5533 0
5534 0
5535 1
5536 0
5537 1
5538 0
5539 0
5540 0
5541 0
5542 1
5543 0
5544 0
5545 0
5546 0
5547 0
5548 0
5549 0
5550 1
5551 1
5552 0
5553 0
5554 0
5555 0
5556 0
5557 0
5558 1
5559 0
5560 0
5561 0
5562 0
5563 0
5564 0
5565 0
5566 0
5567 0
5568 1
5569 1
5570 1
5571 1
5572 0
5573 0
5574 0
5575 1
5576 0
5577 0
5578 0
5579 0
5580 1
5581 0
5582 1
5583 1
5584 1
5585 1
5586 1
5587 0
5588 1
5589 1
5590 1
5591 1
5592 0
5593 1
5594 1
5595 0
5596 1
5597 0
5598 0
5599 1
5600 2
5601 1
5602 1
5603 2
5604 3
5605 2
5606 2
5607 2
5608 0
5609 2
5610 1
5611 3
5612 2
5613 1
5614 1
5615 1
5616 1
5617 2
5618 1
5619 1
5620 2
5621 2
5622 2
5623 1
5624 2
5625 2
5626 1
5627 2
5628 1
5629 2
5630 1
5631 3
5632 2
5633 1
5634 1
5635 0
5636 0
5637 1
5638 2
5639 3
5640 2
5641 1
5642 2
5643 2
5644 2
5645 0
5646 0
5647 2
5648 2
5649 1
5650 1
5651 1
5652 0
5653 1
5654 2
5655 0
5656 1
5657 1
5658 1
5659 1
5660 2
5661 1
5662 0
5663 2
5664 1
5665 0
5666 2
5667 2
5668 1
5669 1
5670 2
5671 1
5672 2
5673 2
5674 1
5675 1
5676 1
5677 2
5678 1
5679 2
5680 1
5681 2
5682 2
5683 1
5684 1
5685 2
5686 2
5687 0
5688 0
5689 2
5690 1
5691 0
5692 1
5693 1
5694 0
5695 2
5696 0
5697 3
5698 2
5699 2
5700 1
5701 2
5702 1
5703 1
5704 1
5705 2
5706 2
5707 2
5708 2
5709 1
5710 2
5711 0
5712 2
5713 2
5714 2
5715 2
5716 2
5717 2
5718 2
5719 1
5720 1
5721 1
5722 2
5723 1
5724 1
5725 1
5726 1
5727 2
5728 1
5729 2
5730 0
5731 0
5732 0
5733 1
5734 0
5735 0
5736 0
5737 0
5738 1
5739 1
5740 1
5741 2
5742 1
5743 2
5744 1
5745 1
5746 1
5747 1
5748 1
5749 2
5750 1
5751 1
5752 2
5753 0
5754 1
5755 0
5756 0
5757 2
5758 2
5759 1
5760 1
5761 0
5762 1
5763 2
5764 2
5765 2
5766 2
5767 0
5768 2
5769 1
5770 2
5771 2
5772 2
5773 1
5774 1
5775 2
5776 1
5777 3
5778 1
5779 1
5780 2
5781 2
5782 2
5783 2
5784 1
5785 2
5786 1
5787 0
5788 1
5789 1
5790 2
5791 3
5792 1
5793 1
5794 2
5795 1
5796 1
5797 2
5798 3
5799 0
5800 0
5801 1
5802 2
5803 1
5804 0
5805 1
5806 2
5807 2
5808 1
5809 2
5810 1
5811 1
5812 0
5813 2
5814 1
5815 3
5816 1
5817 2
5818 1
5819 1
5820 1
5821 2
5822 1
5823 1
5824 0
5825 2
5826 2
5827 0
5828 3
5829 1
5830 2
5831 1
5832 1
5833 0
5834 0
5835 1
5836 0
5837 0
5838 1
5839 1
5840 0
5841 1
5842 1
5843 1
5844 1
5845 0
5846 2
5847 1
5848 2
5849 2
5850 3
5851 1
5852 2
5853 1
5854 2
5855 2
5856 1
5857 1
5858 1
5859 1
5860 1
5861 2
5862 1
5863 1
5864 1
5865 1
5866 2
5867 1
5868 1
5869 2
5870 0
5871 0
5872 2
5873 2
5874 1
5875 0
5876 0
5877 1
5878 2
5879 1
5880 3
5881 0
5882 1
5883 1
5884 1
5885 1
5886 0
5887 0
5888 2
5889 1
5890 2
5891 2
5892 1
5893 2
5894 2
5895 2
5896 2
5897 3
5898 2
5899 2
5900 2
5901 1
5902 1
5903 1
5904 1
5905 2
5906 2
5907 0
5908 0
5909 1
5910 1
5911 0
5912 2
5913 2
5914 1
5915 1
5916 2
5917 1
5918 2
5919 3
5920 1
5921 2
5922 0
5923 0
5924 1
5925 2
5926 2
5927 2
5928 1
5929 1
5930 2
5931 2
5932 1
5933 1
5934 1
5935 1
5936 2
5937 0
5938 2
5939 2
5940 0
5941 1
5942 0
5943 0
5944 1
5945 1
5946 0
5947 1
5948 2
5949 1
5950 2
5951 2
5952 1
5953 1
5954 2
5955 1
5956 2
5957 0
5958 2
5959 2
5960 2
5961 2
5962 2
5963 1
5964 1
5965 1
5966 0
5967 2
5968 1
5969 1
5970 2
5971 0
5972 0
5973 2
5974 1
5975 1
5976 1
5977 1
5978 2
5979 1
5980 1
5981 3
5982 2
5983 1
5984 1
5985 0
5986 1
5987 1
5988 1
5989 0
5990 1
5991 1
5992 1
5993 1
5994 1
5995 3
5996 2
5997 1
5998 0
5999 1
6000 1
6001 1
6002 2
6003 1
6004 2
6005 1
6006 2
6007 1
6008 1
6009 2
6010 2
6011 2
6012 1
6013 1
6014 1
6015 0
6016 2
6017 2
6018 1
6019 2
6020 2
6021 1
6022 2
6023 1
6024 1
6025 1
6026 1
6027 2
6028 1
6029 0
6030 1
6031 3
6032 3
6033 2
6034 2
6035 2
6036 0
6037 1
6038 2
6039 1
6040 0
6041 2
6042 1
6043 1
6044 2
6045 1
6046 1
6047 1
6048 0
6049 0
6050 1
6051 2
6052 1
6053 1
6054 1
6055 0
6056 2
6057 2
6058 0
6059 1
6060 1
6061 1
6062 1
6063 1
6064 1
6065 1
6066 2
6067 1
6068 1
6069 0
6070 2
6071 2
6072 2
6073 1
6074 2
6075 1
6076 1
6077 2
6078 1
6079 2
6080 1
6081 1
6082 1
6083 1
6084 1
6085 1
6086 2
6087 1
6088 2
6089 2
6090 1
6091 1
6092 2
6093 0
6094 1
6095 1
6096 2
6097 1
6098 2
6099 3
6100 2
6101 2
6102 2
6103 2
6104 1
6105 2
6106 0
6107 3
6108 1
6109 1
6110 2
6111 1
6112 2
6113 2
6114 1
6115 1
6116 0
6117 2
6118 1
6119 1
6120 1
6121 2
6122 1
6123 1
6124 2
6125 0
6126 1
6127 1
6128 1
6129 2
6130 2
6131 1
6132 1
6133 2
6134 0
6135 1
6136 1
6137 2
6138 2
6139 2
6140 2
6141 3
6142 2
6143 1
6144 1
6145 1
6146 2
6147 1
6148 2
6149 2
6150 0
6151 1
6152 2
6153 0
6154 2
6155 1
6156 1
6157 2
6158 1
6159 1
6160 1
6161 1
6162 2
6163 1
6164 2
6165 2
6166 0
6167 1
6168 1
6169 1
6170 2
6171 1
6172 1
6173 0
6174 0
6175 1
6176 2
6177 1
6178 1
6179 0
6180 1
6181 1
6182 2
6183 1
6184 0
6185 3
6186 1
6187 0
6188 1
6189 2
6190 1
6191 1
6192 0
6193 0
6194 2
6195 1
6196 2
6197 2
6198 2
6199 1
6200 0
6201 1
6202 0
6203 2
6204 1
6205 2
6206 2
6207 1
6208 2
6209 2
6210 1
6211 1
6212 1
6213 2
6214 0
6215 1
6216 1
6217 0
6218 2
6219 2
6220 1
6221 0
6222 0
6223 2
6224 2
6225 1
6226 2
6227 2
6228 2
6229 2
6230 0
6231 0
6232 2
6233 1
6234 2
6235 1
6236 1
6237 2
6238 2
6239 1
6240 1
6241 1
6242 1
6243 1
6244 1
6245 2
6246 1
6247 0
6248 0
6249 2
6250 0
6251 2
6252 1
6253 1
6254 1
6255 1
6256 2
6257 2
6258 0
6259 2
6260 2
6261 2
6262 2
6263 1
6264 1
6265 1
6266 3
6267 2
6268 2
6269 1
6270 1
6271 0
6272 2
6273 2
6274 2
6275 2
6276 0
6277 0
6278 2
6279 2
6280 1
6281 1
6282 0
6283 1
6284 1
6285 0
6286 2
6287 0
6288 1
6289 2
6290 2
6291 2
6292 1
6293 2
6294 1
6295 2
6296 0
6297 2
6298 1
6299 0
6300 1
6301 1
6302 1
6303 2
6304 2
6305 2
6306 1
6307 1
6308 1
6309 0
6310 0
6311 2
6312 2
6313 2
6314 1
6315 1
6316 2
6317 1
6318 1
6319 0
6320 1
6321 1
6322 1
6323 1
6324 1
6325 1
6326 1
6327 1
6328 0
6329 0
6330 1
6331 0
6332 0
6333 1
6334 1
6335 1
6336 0
6337 0
6338 0
6339 1
6340 0
6341 0
6342 1
6343 1
6344 1
6345 0
6346 0
6347 1
6348 0
6349 1
6350 0
6351 0
6352 0
6353 0
6354 0
6355 0
6356 0
6357 0
6358 1
6359 0
6360 0
6361 0
6362 0
6363 0
6364 0
6365 0
6366 0
6367 0
6368 0
6369 0
6370 1
6371 2
6372 1
6373 2
6374 1
6375 2
6376 1
6377 1
6378 2
6379 1
6380 2
6381 1
6382 0
6383 3
6384 1
6385 1
6386 0
6387 1
6388 1
6389 1
6390 1
6391 0
6392 0
6393 0
6394 1
6395 0
6396 2
6397 1
6398 1
6399 2
6400 0
6401 1
6402 2
6403 1
6404 1
6405 2
6406 1
6407 1
6408 2
6409 2
6410 3
6411 1
6412 0
6413 1
6414 2
6415 2
6416 1
6417 1
6418 0
6419 1
6420 2
6421 2
6422 1
6423 2
6424 1
6425 3
6426 1
6427 3
6428 1
6429 2
6430 1
6431 3
6432 1
6433 2
6434 1
6435 2
6436 1
6437 1
6438 2
6439 1
6440 1
6441 0
6442 1
6443 2
6444 1
6445 2
6446 1
6447 1
6448 0
6449 1
6450 0
6451 0
6452 1
6453 0
6454 1
6455 1
6456 1
6457 1
6458 0
6459 2
6460 1
6461 1
6462 1
6463 0
6464 1
6465 2
6466 1
6467 1
6468 1
6469 0
6470 1
6471 1
6472 1
6473 2
6474 1
6475 0
6476 0
6477 1
6478 1
6479 2
6480 1
6481 1
6482 1
6483 1
6484 1
6485 0
6486 0
6487 0
6488 2
6489 2
6490 0
6491 2
6492 2
6493 2
6494 2
6495 2
6496 1
6497 1
6498 2
6499 1
6500 1
6501 2
6502 1
6503 1
6504 0
6505 1
6506 1
6507 0
6508 1
6509 0
6510 0
6511 0
6512 0
6513 0
6514 0
6515 0
6516 0
6517 1
6518 1
6519 0
6520 1
6521 0
6522 1
6523 0
6524 0
6525 0
6526 1
6527 0
6528 1
6529 1
6530 0
6531 2
6532 0
6533 1
6534 1
6535 1
6536 1
6537 0
6538 1
6539 1
6540 2
6541 2
6542 0
6543 1
6544 0
6545 1
6546 1
6547 1
6548 1
6549 0
6550 1
6551 2
6552 0
6553 0
6554 1
6555 1
6556 0
6557 1
6558 0
6559 1
6560 2
6561 0
6562 1
6563 2
6564 2
6565 2
6566 1
6567 0
6568 0
6569 1
6570 0
6571 1
6572 0
6573 0
6574 1
6575 1
6576 1
6577 0
6578 2
6579 2
6580 0
6581 1
6582 0
6583 0
6584 0
6585 1
6586 0
6587 1
6588 1
6589 1
6590 0
6591 1
6592 0
6593 1
6594 0
6595 0
6596 1
6597 1
6598 0
6599 1
6600 2
6601 0
6602 2
6603 1
6604 1
6605 1
6606 1
6607 0
6608 2
6609 1
6610 2
6611 1
6612 1
6613 0
6614 0
6615 0
6616 0
6617 0
6618 0
6619 0
6620 0
6621 0
6622 0
6623 0
6624 0
6625 0
6626 0
6627 0
6628 1
6629 2
6630 2
6631 0
6632 1
6633 0
6634 0
6635 0
6636 0
6637 0
6638 1
6639 2
6640 1
6641 2
6642 1
6643 1
6644 0
6645 1
6646 1
6647 2
6648 0
6649 0
6650 1
6651 2
6652 1
6653 2
6654 2
6655 0
6656 2
6657 1
6658 2
6659 2
6660 0
6661 0
6662 0
6663 1
6664 2
6665 0
6666 3
6667 2
6668 2
6669 1
6670 2
6671 2
6672 1
6673 2
6674 1
6675 1
6676 2
6677 0
6678 1
6679 1
6680 0
6681 1
6682 1
6683 0
6684 0
6685 2
6686 1
6687 2
6688 1
6689 2
6690 2
6691 2
6692 3
6693 1
6694 2
6695 2
6696 2
6697 0
6698 1
6699 1
6700 1
6701 2
6702 2
6703 2
6704 0
6705 0
6706 0
6707 0
6708 2
6709 1
6710 1
6711 1
6712 0
6713 1
6714 0
6715 2
6716 1
6717 2
6718 1
6719 1
6720 0
6721 2
6722 2
6723 1
6724 0
6725 0
6726 0
6727 2
6728 1
6729 2
6730 1
6731 1
6732 1
6733 1
6734 0
6735 1
6736 1
6737 0
6738 1
6739 1
6740 1
6741 1
6742 1
6743 1
6744 2
6745 1
6746 1
6747 1
6748 2
6749 1
6750 0
6751 1
6752 1
6753 1
6754 1
6755 2
6756 0
6757 0
6758 0
6759 2
6760 2
6761 3
6762 3
6763 2
6764 2
6765 1
6766 3
6767 0
6768 2
6769 1
6770 2
6771 1
6772 1
6773 1
6774 2
6775 1
6776 1
6777 0
6778 2
6779 1
6780 2
6781 1
6782 1
6783 1
6784 1
6785 0
6786 0
6787 1
6788 2
6789 2
6790 2
6791 1
6792 0
6793 1
6794 3
6795 3
6796 2
6797 1
6798 1
6799 1
6800 2
6801 2
6802 1
6803 1
6804 2
6805 1
6806 0
6807 1
6808 0
6809 0
6810 1
6811 1
6812 1
6813 2
6814 1
6815 2
6816 1
6817 1
6818 1
6819 0
6820 1
6821 1
6822 1
6823 2
6824 2
6825 2
6826 2
6827 2
6828 0
6829 2
6830 2
6831 1
6832 1
6833 1
6834 2
6835 1
6836 1
6837 2
6838 1
6839 2
6840 2
6841 2
6842 2
6843 1
6844 1
6845 1
6846 1
6847 1
6848 2
6849 1
6850 0
6851 2
6852 1
6853 0
6854 0
6855 1
6856 1
6857 0
6858 0
6859 1
6860 1
6861 1
6862 1
6863 0
6864 0
6865 0
6866 0
6867 0
6868 1
6869 0
6870 0
6871 0
6872 1
6873 2
6874 0
6875 0
6876 0
6877 0
6878 0
6879 1
6880 1
6881 1
6882 0
6883 0
6884 1
6885 0
6886 1
6887 0
6888 0
6889 1
6890 2
6891 1
6892 2
6893 2
6894 2
6895 0
6896 2
6897 1
6898 0
6899 0
6900 0
6901 0
6902 1
6903 0
6904 0
6905 0
6906 2
6907 0
6908 0
6909 0
6910 0
6911 0
6912 0
6913 1
6914 1
6915 0
6916 0
6917 0
6918 1
6919 2
6920 2
6921 0
6922 2
6923 2
6924 2
6925 2
6926 2
6927 2
6928 0
6929 0
6930 0
6931 0
6932 1
6933 0
6934 1
6935 1
6936 1
6937 0
6938 0
6939 0
6940 0
6941 0
6942 0
6943 0
6944 0
6945 0
6946 0
6947 1
6948 1
6949 1
6950 0
6951 0
6952 1
6953 1
6954 0
6955 0
6956 1
6957 0
6958 0
6959 0
6960 1
6961 1
6962 0
6963 2
6964 1
6965 1
6966 1
6967 2
6968 1
6969 1
6970 2
6971 1
6972 2
6973 1
6974 1
6975 1
6976 1
6977 2
6978 2
6979 2
6980 2
6981 1
6982 1
6983 1
6984 2
6985 1
6986 1
6987 1
6988 3
6989 1
6990 2
6991 1
6992 2
6993 2
6994 0
6995 2
6996 2
6997 1
6998 0
6999 1
7000 2
7001 0
7002 2
7003 1
7004 1
7005 1
7006 2
7007 1
7008 2
7009 1
7010 0
7011 1
7012 2
7013 0
7014 2
7015 2
7016 2
7017 1
7018 0
7019 2
7020 1
7021 1
7022 1
7023 2
7024 2
7025 2
7026 2
7027 2
7028 1
7029 1
7030 1
7031 2
7032 2
7033 2
7034 1
7035 2
7036 1
7037 1
7038 1
7039 2
7040 2
7041 1
7042 1
7043 2
7044 1
7045 2
7046 2
7047 0
7048 3
7049 1
7050 1
7051 2
7052 1
7053 0
7054 1
7055 1
7056 1
7057 1
7058 1
7059 1
7060 1
7061 0
7062 0
7063 1
7064 2
7065 1
7066 0
7067 1
7068 1
7069 1
7070 3
7071 1
7072 2
7073 2
7074 2
7075 2
7076 2
7077 0
7078 2
7079 0
7080 1
7081 2
7082 0
7083 2
7084 2
7085 2
7086 1
7087 0
7088 1
7089 1
7090 2
7091 1
7092 1
7093 0
7094 1
7095 1
7096 2
7097 1
7098 2
7099 0
7100 1
7101 1
7102 2
7103 1
7104 1
7105 2
7106 1
7107 2
7108 1
7109 1
7110 1
7111 1
7112 2
7113 1
7114 2
7115 2
7116 2
7117 1
7118 1
7119 1
7120 2
7121 0
7122 2
7123 0
7124 1
7125 1
7126 1
7127 1
7128 1
7129 1
7130 1
7131 1
7132 1
7133 1
7134 1
7135 1
7136 1
7137 2
7138 2
7139 1
7140 1
7141 1
7142 0
7143 2
7144 0
7145 1
7146 2
7147 2
7148 2
7149 2
7150 2
7151 1
7152 0
7153 1
7154 1
7155 1
7156 2
7157 1
7158 2
7159 0
7160 1
7161 1
7162 1
7163 1
7164 2
7165 2
7166 1
7167 1
7168 2
7169 2
7170 2
7171 1
7172 0
7173 2
7174 2
7175 2
7176 1
7177 3
7178 1
7179 1
7180 1
7181 1
7182 2
7183 1
7184 1
7185 3
7186 1
7187 1
7188 2
7189 1
7190 1
7191 1
7192 1
7193 2
7194 1
7195 1
7196 1
7197 2
7198 1
7199 0
7200 2
7201 2
7202 1
7203 1
7204 2
7205 1
7206 2
7207 2
7208 2
7209 2
7210 1
7211 1
7212 2
7213 1
7214 3
7215 0
7216 1
7217 2
7218 1
7219 1
7220 2
7221 2
7222 0
7223 2
7224 2
7225 1
7226 1
7227 0
7228 2
7229 1
7230 1
7231 0
7232 1
7233 1
7234 1
7235 1
7236 2
7237 3
7238 1
7239 1
7240 1
7241 1
7242 2
7243 1
7244 0
7245 0
7246 2
7247 2
7248 0
7249 2
7250 2
7251 3
7252 1
7253 1
7254 2
7255 1
7256 1
7257 2
7258 0
7259 2
7260 2
7261 2
7262 1
7263 1
7264 1
7265 2
7266 2
7267 1
7268 1
7269 1
7270 1
7271 1
7272 2
7273 1
7274 1
7275 0
7276 2
7277 0
7278 2
7279 0
7280 0
7281 1
7282 2
7283 2
7284 1
7285 2
7286 2
7287 3
7288 2
7289 2
7290 2
7291 0
7292 1
7293 1
7294 2
7295 1
7296 1
7297 1
7298 2
7299 1
7300 1
7301 2
7302 2
7303 1
7304 0
7305 2
7306 2
7307 0
7308 2
7309 2
7310 2
7311 2
7312 1
7313 1
7314 1
7315 2
7316 2
7317 1
7318 2
7319 1
7320 2
7321 2
7322 1
7323 1
7324 2
7325 1
7326 0
7327 1
7328 2
7329 0
7330 2
7331 0
7332 2
7333 1
7334 1
7335 1
7336 2
7337 2
7338 1
7339 1
7340 1
7341 1
7342 2
7343 1
7344 1
7345 1
7346 2
7347 0
7348 1
7349 1
7350 1
7351 2
7352 2
7353 1
7354 1
7355 1
7356 1
7357 3
7358 2
7359 2
7360 2
7361 2
7362 1
7363 2
7364 2
7365 1
7366 0
7367 2
7368 0
7369 0
7370 1
7371 0
7372 2
7373 1
7374 2
7375 0
7376 1
7377 1
7378 2
7379 2
7380 1
7381 2
7382 1
7383 1
7384 3
7385 0
7386 2
7387 1
7388 2
7389 3
7390 2
7391 1
7392 1
7393 0
7394 1
7395 2
7396 1
7397 1
7398 1
7399 3
7400 3
7401 1
7402 2
7403 2
7404 0
7405 1
7406 2
7407 1
7408 2
7409 1
7410 2
7411 2
7412 2
7413 0
7414 1
7415 2
7416 2
7417 1
7418 2
7419 0
7420 1
7421 1
7422 0
7423 0
7424 0
7425 0
7426 0
7427 0
7428 1
7429 0
7430 0
7431 1
7432 0
7433 0
7434 0
7435 0
7436 2
7437 1
7438 2
7439 2
7440 2
7441 0
7442 2
7443 2
7444 0
7445 1
7446 2
7447 0
7448 1
7449 2
7450 2
7451 1
7452 1
7453 1
7454 1
7455 3
7456 1
7457 2
7458 3
7459 1
7460 2
7461 3
7462 1
7463 1
7464 2
7465 0
7466 1
7467 2
7468 2
7469 1
7470 2
7471 1
7472 1
7473 2
7474 1
7475 1
7476 0
7477 0
7478 1
7479 2
7480 0
7481 0
7482 2
7483 2
7484 1
7485 2
7486 2
7487 1
7488 2
7489 1
7490 2
7491 1
7492 1
7493 1
7494 0
7495 1
7496 1
7497 1
7498 0
7499 0
7500 0
7501 0
7502 0
7503 0
7504 0
7505 0
7506 0
7507 0
7508 0
7509 1
7510 1
7511 1
7512 0
7513 1
7514 0
7515 0
7516 0
7517 0
7518 0
7519 0
7520 0
7521 0
7522 1
7523 1
7524 1
7525 0
7526 1
7527 0
7528 0
7529 0
7530 0
7531 0
7532 0
7533 0
7534 1
7535 0
7536 0
7537 0
7538 0
7539 1
7540 0
7541 0
7542 0
7543 0
7544 0
7545 0
7546 0
7547 0
7548 0
7549 0
7550 1
7551 0
7552 1
7553 0
7554 0
7555 0
7556 0
7557 1
7558 1
7559 1
7560 0
7561 1
7562 1
7563 0
7564 0
7565 1
7566 0
7567 1
7568 2
7569 1
7570 2
7571 1
7572 2
7573 1
7574 1
7575 1
7576 1
7577 1
7578 2
7579 1
7580 2
7581 1
7582 1
7583 2
7584 1
7585 2
7586 1
7587 2
7588 0
7589 0
7590 1
7591 2
7592 2
7593 2
7594 3
7595 1
7596 2
7597 1
7598 1
7599 2
7600 1
7601 2
7602 1
7603 1
7604 1
7605 1
7606 2
7607 1
7608 0
7609 0
7610 0
7611 0
7612 0
7613 0
7614 0
7615 1
7616 0
7617 2
7618 2
7619 1
7620 1
7621 1
7622 2
7623 1
7624 0
7625 1
7626 2
7627 0
7628 3
7629 1
7630 1
7631 1
7632 2
7633 3
7634 1
7635 1
7636 1
7637 1
7638 0
7639 1
7640 2
7641 1
7642 1
7643 0
7644 0
7645 2
7646 1
7647 1
7648 2
7649 1
7650 1
7651 2
7652 2
7653 1
7654 2
7655 1
7656 1
7657 1
7658 1
7659 2
7660 3
7661 1
7662 2
7663 2
7664 2
7665 1
7666 1
7667 1
7668 0
7669 2
7670 0
7671 1
7672 2
7673 0
7674 1
7675 1
7676 1
7677 2
7678 2
7679 0
7680 2
7681 1
7682 0
7683 2
7684 1
7685 2
7686 2
7687 2
7688 2
7689 0
7690 1
7691 0
7692 1
7693 1
7694 1
7695 2
7696 1
7697 1
7698 2
7699 1
7700 1
7701 1
7702 1
7703 1
7704 1
7705 0
7706 3
7707 2
7708 2
7709 1
7710 2
7711 2
7712 0
7713 1
7714 1
7715 1
7716 2
7717 2
7718 3
7719 2
7720 1
7721 2
7722 1
7723 1
7724 1
7725 1
7726 1
7727 2
7728 2
7729 1
7730 2
7731 2
7732 2
7733 2
7734 1
7735 1
7736 2
7737 2
7738 2
7739 1
7740 1
7741 2
7742 2
7743 2
7744 1
7745 2
7746 1
7747 1
7748 1
7749 1
7750 1
7751 2
7752 2
7753 1
7754 2
7755 0
7756 2
7757 1
7758 2
7759 0
7760 2
7761 1
7762 2
7763 2
7764 1
7765 2
7766 1
7767 1
7768 1
7769 1
7770 1
7771 0
7772 1
7773 1
7774 2
7775 2
7776 2
7777 2
7778 1
7779 1
7780 2
7781 2
7782 2
7783 1
7784 2
7785 1
7786 1
7787 2
7788 2
7789 2
7790 2
7791 1
7792 1
7793 1
7794 1
7795 1
7796 0
7797 1
7798 1
7799 2
7800 2
7801 1
7802 1
7803 1
7804 1
7805 2
7806 1
7807 2
7808 1
7809 2
7810 0
7811 1
7812 2
7813 2
7814 1
7815 1
7816 2
7817 2
7818 2
7819 1
7820 1
7821 1
7822 0
7823 1
7824 0
7825 0
7826 1
7827 0
7828 0
7829 0
7830 0
7831 1
7832 1
7833 0
7834 0
7835 0
7836 0
7837 0
7838 0
7839 1
7840 0
7841 1
7842 1
7843 0
7844 0
7845 0
7846 0
7847 2
7848 2
7849 1
7850 1
7851 3
7852 2
7853 1
7854 1
7855 1
7856 0
7857 1
7858 1
7859 0
7860 1
7861 2
7862 2
7863 1
7864 3
7865 1
7866 1
7867 2
7868 1
7869 0
7870 0
7871 0
7872 0
7873 0
7874 1
7875 1
7876 0
7877 0
7878 0
7879 0
7880 1
7881 0
7882 1
7883 0
7884 0
7885 0
7886 1
7887 1
7888 0
7889 0
7890 0
7891 0
7892 1
7893 0
7894 0
7895 0
7896 0
7897 0
7898 0
7899 1
7900 0
7901 1
7902 1
7903 0
7904 0
7905 0
7906 0
7907 0
7908 1
7909 0
7910 0
7911 0
7912 0
7913 0
7914 0
7915 1
7916 0
7917 0
7918 0
7919 0
7920 0
7921 0
7922 0
7923 1
7924 1
7925 1
7926 0
7927 0
7928 1
7929 1
7930 0
7931 2
7932 0
7933 1
7934 0
7935 0
7936 0
7937 0
7938 0
7939 0
7940 1
7941 1
7942 0
7943 0
7944 1
7945 0
7946 1
7947 1
7948 1
7949 0
7950 1
7951 0
7952 0
7953 0
7954 1
7955 2
7956 1
7957 0
7958 1
7959 2
7960 1
7961 2
7962 2
7963 1
7964 1
7965 1
7966 1
7967 1
7968 1
7969 1
7970 1
7971 0
7972 1
7973 0
7974 0
7975 0
7976 1
7977 0
7978 1
7979 0
7980 0
7981 0
7982 1
7983 1
7984 1
7985 2
7986 2
7987 0
7988 0
7989 1
7990 0
7991 2
7992 2
7993 1
7994 1
7995 1
7996 1
7997 1
7998 1
7999 2
8000 1
8001 1
8002 2
8003 2
8004 0
8005 1
8006 1
8007 2
8008 2
8009 1
8010 1
8011 1
8012 2
8013 1
8014 2
8015 1
8016 1
8017 0
8018 2
8019 2
8020 2
8021 1
8022 0
8023 2
8024 2
8025 1
8026 1
8027 1
8028 2
8029 1
8030 0
8031 2
8032 1
8033 1
8034 0
8035 1
8036 1
8037 1
8038 0
8039 0
8040 0
8041 0
8042 1
8043 0
8044 0
8045 0
8046 0
8047 0
8048 0
8049 0
8050 1
8051 1
8052 0
8053 0
8054 0
8055 1
8056 2
8057 1
8058 1
8059 2
8060 0
8061 1
8062 1
8063 1
8064 1
8065 1
8066 1
8067 1
8068 1
8069 2
8070 1
8071 0
8072 2
8073 2
8074 0
8075 2
8076 2
8077 1
8078 1
8079 3
8080 0
8081 1
8082 2
8083 1
8084 1
8085 2
8086 3
8087 2
8088 1
8089 1
8090 1
8091 1
8092 2
8093 2
8094 1
8095 3
8096 1
8097 1
8098 1
8099 2
8100 1
8101 0
8102 1
8103 0
8104 1
8105 1
8106 2
8107 1
8108 0
8109 1
8110 0
8111 2
8112 1
8113 1
8114 1
8115 1
8116 1
8117 2
8118 2
8119 2
8120 0
8121 1
8122 0
8123 1
8124 2
8125 2
8126 2
8127 2
8128 2
8129 1
8130 2
8131 1
8132 2
8133 0
8134 1
8135 1
8136 2
8137 1
8138 1
8139 1
8140 1
8141 2
8142 0
8143 2
8144 1
8145 2
8146 2
8147 1
8148 1
8149 1
8150 1
8151 0
8152 1
8153 1
8154 1
8155 2
8156 2
8157 1
8158 0
8159 2
8160 1
8161 0
8162 0
8163 0
8164 0
8165 1
8166 0
8167 2
8168 1
8169 2
8170 1
8171 2
8172 1
8173 3
8174 1
8175 2
8176 2
8177 1
8178 1
8179 2
8180 1
8181 1
8182 3
8183 0
8184 0
8185 2
8186 1
8187 2
8188 2
8189 1
8190 1
8191 0
8192 1
8193 1
8194 2
8195 1
8196 1
8197 1
8198 1
8199 1
8200 1
8201 0
8202 1
8203 2
8204 0
8205 1
8206 1
8207 1
8208 2
8209 1
8210 2
8211 2
8212 1
8213 2
8214 1
8215 1
8216 0
8217 0
8218 0
8219 0
8220 0
8221 0
8222 0
8223 0
8224 0
8225 0
8226 0
8227 0
8228 0
8229 0
8230 0
8231 0
8232 0
8233 0
8234 0
8235 0
8236 0
8237 0
8238 0
8239 0
8240 0
8241 0
8242 0
8243 0
8244 1
8245 1
8246 1
8247 2
8248 0
8249 1
8250 2
8251 1
8252 1
8253 2
8254 1
8255 1
8256 1
8257 0
8258 2
8259 1
8260 0
8261 2
8262 1
8263 1
8264 0
8265 1
8266 0
8267 1
8268 2
8269 1
8270 1
8271 2
8272 2
8273 1
8274 1
8275 1
8276 1
8277 1
8278 1
8279 1
8280 1
8281 0
8282 2
8283 1
8284 1
8285 2
8286 1
8287 1
8288 1
8289 1
8290 2
8291 0
8292 1
8293 1
8294 2
8295 1
8296 1
8297 1
8298 1
8299 2
8300 1
8301 1
8302 2
8303 2
8304 1
8305 2
8306 1
8307 1
8308 2
8309 1
8310 2
8311 0
8312 1
8313 1
8314 1
8315 1
8316 2
8317 1
8318 2
8319 1
8320 2
8321 0
8322 1
8323 2
8324 2
8325 3
8326 1
8327 1
8328 2
8329 0
8330 1
8331 1
8332 1
8333 1
8334 1
8335 1
8336 2
8337 1
8338 0
8339 0
8340 2
8341 2
8342 1
8343 2
8344 1
8345 1
8346 0
8347 2
8348 0
8349 2
8350 2
8351 1
8352 2
8353 2
8354 2
8355 0
8356 0
8357 1
8358 2
8359 2
8360 1
8361 1
8362 2
8363 1
8364 1
8365 1
8366 1
8367 0
8368 1
8369 1
8370 1
8371 1
8372 1
8373 0
8374 2
8375 1
8376 2
8377 1
8378 0
8379 0
8380 2
8381 1
8382 2
8383 3
8384 1
8385 1
8386 0
8387 0
8388 2
8389 1
8390 1
8391 2
8392 2
8393 0
8394 1
8395 1
8396 1
8397 1
8398 1
8399 1
8400 1
8401 2
8402 1
8403 1
8404 2
8405 1
8406 1
8407 1
8408 1
8409 1
8410 1
8411 1
8412 0
8413 0
8414 0
8415 0
8416 1
8417 1
8418 0
8419 1
8420 1
8421 2
8422 0
8423 0
8424 0
8425 1
8426 0
8427 0
8428 0
8429 1
8430 0
8431 1
8432 1
8433 0
8434 0
8435 0
8436 0
8437 0
8438 1
8439 1
8440 0
8441 0
8442 0
8443 0
8444 1
8445 1
8446 0
8447 0
8448 0
8449 0
8450 1
8451 1
8452 1
8453 0
8454 0
8455 0
8456 0
8457 0
8458 0
8459 0
8460 1
8461 0
8462 0
8463 1
8464 0
8465 0
8466 0
8467 0
8468 0
8469 0
8470 0
8471 0
8472 0
8473 0
8474 0
8475 0
8476 0
8477 1
8478 0
8479 0
8480 0
8481 0
8482 1
8483 0
8484 0
8485 0
8486 0
8487 0
8488 0
8489 1
8490 0
8491 1
8492 2
8493 0
8494 1
8495 0
8496 1
8497 2
8498 1
8499 1
8500 2
8501 1
8502 0
8503 2
8504 0
8505 0
8506 0
8507 1
8508 2
8509 2
8510 2
8511 2
8512 1
8513 2
8514 1
8515 3
8516 2
8517 1
8518 1
8519 1
8520 0
8521 0
8522 0
8523 1
8524 1
8525 1
8526 2
8527 0
8528 1
8529 1
8530 2
8531 0
8532 2
8533 0
8534 2
8535 1
8536 1
8537 2
8538 1
8539 2
8540 2
8541 1
8542 0
8543 1
8544 2
8545 1
8546 0
8547 1
8548 1
8549 0
8550 2
8551 2
8552 1
8553 1
8554 1
8555 1
8556 0
8557 2
8558 0
8559 0
8560 1
8561 1
8562 1
8563 1
8564 2
8565 2
8566 1
8567 1
8568 1
8569 1
8570 1
8571 2
8572 1
8573 1
8574 2
8575 1
8576 2
8577 2
8578 1
8579 1
8580 0
8581 2
8582 3
8583 1
8584 2
8585 1
8586 1
8587 1
8588 2
8589 2
8590 1
8591 0
8592 0
8593 1
8594 1
8595 1
8596 1
8597 1
8598 2
8599 0
8600 1
8601 1
8602 1
8603 1
8604 1
8605 1
8606 1
8607 0
8608 0
8609 2
8610 1
8611 2
8612 2
8613 1
8614 2
8615 2
8616 0
8617 1
8618 1
8619 1
8620 2
8621 1
8622 0
8623 2
8624 0
8625 1
8626 1
8627 1
8628 1
8629 0
8630 2
8631 2
8632 1
8633 1
8634 1
8635 2
8636 2
8637 1
8638 1
8639 1
8640 1
8641 2
8642 1
8643 1
8644 1
8645 1
8646 1
8647 1
8648 2
8649 2
8650 1
8651 2
8652 1
8653 1
8654 1
8655 2
8656 0
8657 1
8658 3
8659 1
8660 1
8661 0
8662 1
8663 2
8664 0
8665 1
8666 1
8667 2
8668 0
8669 2
8670 1
8671 1
8672 3
8673 2
8674 2
8675 0
8676 0
8677 1
8678 1
8679 0
8680 1
8681 1
8682 1
8683 0
8684 1
8685 2
8686 2
8687 0
8688 2
8689 1
8690 1
8691 2
8692 3
8693 1
8694 2
8695 1
8696 1
8697 0
8698 2
8699 1
8700 1
8701 2
8702 2
8703 2
8704 0
8705 1
8706 3
8707 1
8708 2
8709 2
8710 0
8711 1
8712 0
8713 1
8714 2
8715 1
8716 1
8717 1
8718 2
8719 2
8720 2
8721 1
8722 1
8723 0
8724 2
8725 2
8726 1
8727 2
8728 1
8729 1
8730 2
8731 2
8732 2
8733 2
8734 1
8735 2
8736 1
8737 2
8738 2
8739 2
8740 2
8741 1
8742 2
8743 1
8744 2
8745 1
8746 2
8747 3
8748 2
8749 1
8750 2
8751 2
8752 1
8753 1
8754 2
8755 2
8756 2
8757 2
8758 1
8759 2
8760 2
8761 1
8762 1
8763 1
8764 1
8765 0
8766 2
8767 2
8768 1
8769 1
8770 2
8771 2
8772 1
8773 2
8774 1
8775 2
8776 1
8777 1
8778 1
8779 2
8780 1
8781 0
8782 0
8783 2
8784 0
8785 1
8786 2
8787 2
8788 1
8789 1
8790 1
8791 1
8792 1
8793 1
8794 1
8795 1
8796 1
8797 0
8798 2
8799 0
8800 0
8801 1
8802 1
8803 1
8804 2
8805 1
8806 0
8807 2
8808 2
8809 2
8810 0
8811 1
8812 0
8813 2
8814 1
8815 2
8816 1
8817 2
8818 1
8819 1
8820 1
8821 0
8822 1
8823 1
8824 1
8825 1
8826 1
8827 2
8828 1
8829 2
8830 1
8831 0
8832 2
8833 0
8834 2
8835 1
8836 1
8837 2
8838 1
8839 0
8840 3
8841 2
8842 2
8843 2
8844 1
8845 1
8846 1
8847 1
8848 2
8849 2
8850 0
8851 1
8852 1
8853 2
8854 2
8855 1
8856 1
8857 2
8858 2
8859 2
8860 0
8861 1
8862 1
8863 1
8864 2
8865 1
8866 1
8867 0
8868 0
8869 1
8870 0
8871 1
8872 0
8873 0
8874 1
8875 1
8876 0
8877 0
8878 1
8879 2
8880 1
8881 1
8882 1
8883 1
8884 1
8885 1
8886 1
8887 1
8888 1
8889 2
8890 1
8891 2
8892 1
8893 0
8894 1
8895 1
8896 2
8897 2
8898 2
8899 1
8900 1
8901 1
8902 0
8903 2
8904 1
8905 2
8906 0
8907 0
8908 1
8909 0
8910 1
8911 0
8912 1
8913 1
8914 1
8915 2
8916 1
8917 2
8918 2
8919 2
8920 2
8921 1
8922 3
8923 2
8924 2
8925 1
8926 1
8927 1
8928 2
8929 0
8930 0
8931 1
8932 2
8933 2
8934 1
8935 2
8936 2
8937 2
8938 1
8939 1
8940 2
8941 1
8942 1
8943 2
8944 1
8945 1
8946 1
8947 1
8948 2
8949 2
8950 1
8951 1
8952 1
8953 3
8954 1
8955 2
8956 2
8957 2
8958 1
8959 1
8960 0
8961 0
8962 1
8963 2
8964 2
8965 1
8966 1
8967 1
8968 1
8969 0
8970 1
8971 0
8972 1
8973 2
8974 2
8975 2
8976 0
8977 1
8978 2
8979 2
8980 1
8981 2
8982 1
8983 2
8984 1
8985 1
8986 1
8987 2
8988 2
8989 1
8990 2
8991 3
8992 2
8993 2
8994 3
8995 2
8996 1
8997 1
8998 1
8999 1
9000 0
9001 0
9002 1
9003 2
9004 1
9005 1
9006 2
9007 0
9008 2
9009 1
9010 2
9011 1
9012 2
9013 1
9014 2
9015 1
9016 0
9017 1
9018 2
9019 1
9020 1
9021 0
9022 1
9023 1
9024 2
9025 0
9026 2
9027 1
9028 1
9029 1
9030 2
9031 1
9032 0
9033 0
9034 1
9035 1
9036 1
9037 0
9038 1
9039 1
9040 1
9041 1
9042 0
9043 1
9044 0
9045 1
9046 1
9047 1
9048 1
9049 1
9050 1
9051 0
9052 1
9053 1
9054 2
9055 2
9056 1
9057 1
9058 1
9059 2
9060 1
9061 0
9062 1
9063 0
9064 0
9065 0
9066 1
9067 0
9068 1
9069 1
9070 1
9071 2
9072 1
9073 1
9074 0
9075 1
9076 1
9077 0
9078 1
9079 1
9080 0
9081 1
9082 0
9083 1
9084 0
9085 1
9086 0
9087 0
9088 0
9089 1
9090 0
9091 0
9092 0
9093 1
9094 2
9095 1
9096 2
9097 2
9098 1
9099 0
9100 0
9101 1
9102 1
9103 1
9104 2
9105 2
9106 0
9107 0
9108 0
9109 1
9110 0
9111 0
9112 0
9113 0
9114 1
9115 0
9116 0
9117 0
9118 0
9119 0
9120 0
9121 0
9122 0
9123 0
9124 0
9125 0
9126 1
9127 0
9128 0
9129 0
9130 0
9131 0
9132 1
9133 1
9134 0
9135 1
9136 0
9137 0
9138 0
9139 0
9140 0
9141 0
9142 1
9143 1
9144 0
9145 1
9146 0
9147 1
9148 1
9149 1
9150 0
9151 0
9152 0
9153 0
9154 0
9155 0
9156 1
9157 0
9158 0
9159 0
9160 1
9161 0
9162 0
9163 0
9164 1
9165 0
9166 0
9167 0
9168 0
9169 0
9170 0
9171 1
9172 1
9173 0
9174 0
9175 0
9176 1
9177 0
9178 0
9179 0
9180 0
9181 0
9182 0
9183 1
9184 1
9185 2
9186 0
9187 0
9188 0
9189 0
9190 0
9191 1
9192 0
9193 0
9194 1
9195 0
9196 0
9197 1
9198 1
9199 1
9200 0
9201 0
9202 0
9203 0
9204 0
9205 1
9206 0
9207 0
9208 0
9209 0
9210 0
9211 0
9212 0
9213 0
9214 0
9215 0
9216 1
9217 0
9218 1
9219 0
9220 0
9221 0
9222 0
9223 0
9224 0
9225 0
9226 0
9227 1
9228 0
9229 1
9230 0
9231 0
9232 0
9233 0
9234 0
9235 0
9236 0
9237 0
9238 1
9239 0
9240 1
9241 1
9242 1
9243 0
9244 0
9245 0
9246 0
9247 1
9248 1
9249 1
9250 1
9251 0
9252 1
9253 1
9254 1
9255 1
9256 1
9257 0
9258 1
9259 1
9260 0
9261 0
9262 1
9263 0
9264 0
9265 0
9266 1
9267 0
9268 0
9269 1
9270 0
9271 0
9272 0
9273 0
9274 0
9275 0
9276 1
9277 0
9278 0
9279 0
9280 0
9281 1
9282 0
9283 1
9284 0
9285 1
9286 0
9287 0
9288 0
9289 0
9290 0
9291 0
9292 0
9293 0
9294 1
9295 0
9296 0
9297 0
9298 0
9299 1
9300 1
9301 0
9302 0
9303 0
9304 0
9305 0
9306 0
9307 0
9308 1
9309 0
9310 0
9311 0
9312 0
9313 0
9314 0
9315 0
9316 0
9317 0
9318 0
9319 0
9320 0
9321 1
9322 1
9323 0
9324 1
9325 1
9326 0
9327 0
9328 0
9329 0
9330 0
9331 0
9332 0
9333 0
9334 0
9335 0
9336 0
9337 0
9338 0
9339 0
9340 0
9341 0
9342 0
9343 0
9344 0
9345 0
9346 0
9347 0
9348 0
9349 0
9350 0
9351 0
9352 0
9353 0
9354 0
9355 0
9356 0
9357 0
9358 0
9359 0
9360 0
9361 0
9362 0
9363 0
9364 0
9365 0
9366 0
9367 0
9368 0
9369 0
9370 0
9371 0
9372 0
9373 0
9374 0
9375 0
9376 0
9377 0
9378 0
9379 0
9380 0
9381 0
9382 0
9383 0
9384 0
9385 0
9386 0
9387 0
9388 0
9389 1
9390 0
9391 1
9392 1
9393 2
9394 2
9395 1
9396 2
9397 0
9398 2
9399 1
9400 1
9401 1
9402 0
9403 2
9404 1
9405 1
9406 1
9407 1
9408 1
9409 1
9410 2
9411 0
9412 0
9413 1
9414 0
9415 0
9416 1
9417 2
9418 0
9419 0
9420 2
9421 1
9422 2
9423 0
9424 1
9425 1
9426 1
9427 3
9428 1
9429 2
9430 2
9431 1
9432 1
9433 0
9434 2
9435 1
9436 0
9437 1
9438 1
9439 2
9440 2
9441 0
9442 2
9443 2
9444 2
9445 1
9446 1
9447 2
9448 1
9449 1
9450 2
9451 1
9452 2
9453 2
9454 1
9455 2
9456 2
9457 0
9458 1
9459 2
9460 1
9461 1
9462 2
9463 2
9464 1
9465 1
9466 2
9467 2
9468 1
9469 2
9470 2
9471 0
9472 2
9473 0
9474 2
9475 2
9476 2
9477 2
9478 1
9479 1
9480 1
9481 1
9482 1
9483 1
9484 1
9485 0
9486 1
9487 1
9488 1
9489 1
9490 2
9491 0
9492 2
9493 1
9494 1
9495 2
9496 1
9497 2
9498 0
9499 2
9500 2
9501 2
9502 2
9503 1
9504 1
9505 1
9506 3
9507 1
9508 1
9509 1
9510 0
9511 0
9512 2
9513 1
9514 2
9515 1
9516 2
9517 3
9518 0
9519 2
9520 0
9521 1
9522 2
9523 1
9524 1
9525 1
9526 1
9527 0
9528 1
9529 1
9530 1
9531 1
9532 2
9533 0
9534 2
9535 2
9536 2
9537 2
9538 2
9539 2
9540 1
9541 2
9542 1
9543 1
9544 3
9545 0
9546 1
9547 1
9548 2
9549 1
9550 1
9551 0
9552 1
9553 2
9554 3
9555 2
9556 1
9557 1
9558 0
9559 2
9560 2
9561 1
9562 0
9563 1
9564 2
9565 1
9566 1
9567 2
9568 0
9569 2
9570 1
9571 2
9572 1
9573 1
9574 2
9575 0
9576 1
9577 0
9578 1
9579 2
9580 1
9581 2
9582 2
9583 2
9584 1
9585 2
9586 2
9587 1
9588 1
9589 1
9590 1
9591 0
9592 1
9593 1
9594 1
9595 1
9596 1
9597 0
9598 1
9599 1
9600 0
9601 1
9602 0
9603 1
9604 1
9605 1
9606 0
9607 1
9608 0
9609 0
9610 0
9611 1
9612 0
9613 0
9614 0
9615 1
9616 1
9617 0
9618 1
9619 0
9620 0
9621 0
9622 0
9623 0
9624 1
9625 1
9626 1
9627 1
9628 0
9629 0
9630 1
9631 1
9632 0
9633 0
9634 0
9635 0
9636 0
9637 0
9638 0
9639 1
9640 1
9641 0
9642 1
9643 0
9644 0
9645 1
9646 1
9647 0
9648 0
9649 0
9650 0
9651 0
9652 1
9653 0
9654 1
9655 0
9656 1
9657 0
9658 1
9659 0
9660 0
9661 0
9662 0
9663 1
9664 1
9665 0
9666 0
9667 1
9668 0
9669 0
9670 0
9671 0
9672 0
9673 0
9674 0
9675 0
9676 0
9677 0
9678 1
9679 1
9680 0
9681 0
9682 1
9683 0
9684 0
9685 0
9686 0
9687 1
9688 0
9689 1
9690 0
9691 1
9692 0
9693 1
9694 0
9695 0
9696 0
9697 0
9698 0
9699 0
9700 0
9701 0
9702 0
9703 0
9704 1
9705 1
9706 0
9707 0
9708 0
9709 0
9710 1
9711 0
9712 1
9713 0
9714 1
9715 1
9716 0
9717 0
9718 0
9719 0
9720 1
9721 1
9722 0
9723 1
9724 0
9725 0
9726 1
9727 1
9728 0
9729 0
9730 0
9731 1
9732 0
9733 0
9734 0
9735 1
9736 0
9737 1
9738 1
9739 0
9740 0
9741 1
9742 0
9743 0
9744 1
9745 1
9746 1
9747 0
9748 0
9749 0
9750 0
9751 0
9752 0
9753 0
9754 1
9755 1
9756 0
9757 0
9758 1
9759 0
9760 0
9761 1
9762 0
9763 1
9764 0
9765 0
9766 0
9767 0
9768 1
9769 0
9770 0
9771 0
9772 1
9773 0
9774 0
9775 0
9776 0
9777 0
9778 0
9779 1
9780 0
9781 0
9782 1
9783 1
9784 1
9785 1
9786 0
9787 0
9788 0
9789 1
9790 0
9791 0
9792 0
9793 0
9794 0
9795 1
9796 0
9797 1
9798 0
9799 0
9800 1
9801 0
9802 1
9803 1
9804 1
9805 0
9806 1
9807 0
9808 0
9809 0
9810 0
9811 0
9812 1
9813 0
9814 1
9815 0
9816 1
9817 0
9818 0
9819 0
9820 0
9821 0
9822 0
9823 0
9824 0
9825 0
9826 0
9827 0
9828 0
9829 0
9830 1
9831 0
9832 1
9833 0
9834 0
9835 0
9836 1
9837 1
9838 0
9839 0
9840 0
9841 0
9842 0
9843 0
9844 1
9845 0
9846 0
9847 1
9848 0
9849 0
9850 0
9851 1
9852 0
9853 1
9854 0
9855 0
9856 1
9857 0
9858 0
9859 0
9860 0
9861 1
9862 0
9863 0
9864 0
9865 0
9866 0
9867 0
9868 1
9869 1
9870 1
9871 1
9872 0
9873 0
9874 0
9875 0
9876 0
9877 0
9878 0
9879 1
9880 1
9881 1
9882 0
9883 0
9884 0
9885 0
9886 0
9887 1
9888 0
9889 0
9890 0
9891 0
9892 0
9893 0
9894 0
9895 0
9896 0
9897 0
9898 1
9899 0
9900 0
9901 0
9902 0
9903 1
9904 0
9905 0
9906 0
9907 0
9908 0
9909 0
9910 0
9911 0
9912 0
9913 0
9914 0
9915 0
9916 0
9917 0
9918 0
9919 0
9920 0
9921 0
9922 0
9923 0
9924 0
9925 0
9926 0
9927 0
9928 0
9929 0
9930 0
9931 0
9932 0
9933 1
9934 0
9935 1
9936 1
9937 0
9938 1
9939 0
9940 0
9941 0
9942 0
9943 0
9944 0
9945 0
9946 0
9947 0
9948 1
9949 1
9950 1
9951 0
9952 0
9953 0
9954 0
9955 0
9956 0
9957 0
9958 0
9959 1
9960 0
9961 1
9962 1
9963 0
9964 0
9965 1
9966 0
9967 1
9968 0
9969 0
9970 0
9971 0
9972 0
9973 0
9974 1
9975 0
9976 1
9977 1
9978 0
9979 0
9980 0
9981 0
9982 0
9983 0
9984 0
9985 0
9986 0
9987 0
9988 0
9989 0
9990 0
9991 0
9992 0
9993 0
9994 0
9995 0
9996 0
9997 0
9998 0
9999 1
10000 1
10001 0
