1 0
2 0
3 0
4 0
5 0
6 0
7 0
8 0
9 0
10 0
11 0
12 0
13 0
14 0
15 0
16 0
17 0
18 1
19 0
20 0
21 0
22 0
23 0
24 0
25 0
26 0
27 0
28 0
29 0
30 0
31 0
32 0
33 0
34 0
35 0
36 0
37 0
38 1
39 0
40 1
41 0
42 0
43 0
44 1
45 1
46 0
47 0
48 1
49 0
50 1
51 1
52 1
53 1
54 0
55 2
56 1
57 1
58 1
59 1
60 2
61 1
62 1
63 0
64 1
65 0
66 1
67 1
68 2
69 1
70 2
71 1
72 1
73 1
74 2
75 2
76 2
77 1
78 1
79 2
80 0
81 2
82 0
83 2
84 2
85 2
86 1
87 1
88 1
89 1
90 1
91 2
92 1
93 2
94 2
95 0
96 2
97 1
98 1
99 2
100 1
101 2
102 1
103 2
104 0
105 4
106 2
107 2
108 1
109 0
110 1
111 2
112 2
113 2
114 1
115 1
116 2
117 0
118 2
119 0
120 1
121 1
122 1
123 2
124 1
125 1
126 0
127 2
128 0
129 0
130 1
131 0
132 1
133 0
134 1
135 1
136 1
137 1
138 0
139 3
140 1
141 2
142 2
143 0
144 1
145 2
146 1
147 0
148 1
149 0
150 2
151 1
152 0
153 1
154 1
155 1
156 2
157 2
158 1
159 1
160 2
161 2
162 1
163 3
164 2
165 2
166 1
167 2
168 1
169 2
170 2
171 2
172 2
173 1
174 1
175 1
176 1
177 1
178 2
179 1
180 1
181 0
182 2
183 1
184 1
185 1
186 2
187 1
188 1
189 2
190 0
191 0
192 1
193 2
194 1
195 1
196 1
197 1
198 0
199 1
200 1
201 1
202 1
203 2
204 0
205 2
206 1
207 2
208 0
209 2
210 0
211 2
212 1
213 1
214 1
215 0
216 0
217 0
218 0
219 0
220 1
221 0
222 1
223 0
224 2
225 1
226 1
227 1
228 0
229 2
230 2
231 1
232 2
233 2
234 1
235 2
236 1
237 1
238 0
239 2
240 1
241 0
242 0
243 1
244 1
245 2
246 1
247 1
248 1
249 1
250 1
251 1
252 1
253 2
254 2
255 2
256 2
257 1
258 2
259 0
260 1
261 2
262 1
263 1
264 2
265 1
266 1
267 0
268 1
269 0
270 1
271 1
272 1
273 1
274 1
275 3
276 1
277 2
278 0
279 0
280 0
281 2
282 1
283 1
284 1
285 0
286 2
287 2
288 2
289 0
290 1
291 2
292 1
293 1
294 1
295 2
296 1
297 1
298 1
299 0
300 1
301 1
302 1
303 2
304 1
305 1
306 0
307 0
308 1
309 1
310 1
311 2
312 1
313 1
314 2
315 0
316 1
317 2
318 1
319 2
320 2
321 2
322 2
323 1
324 2
325 1
326 1
327 0
328 1
329 3
330 2
331 1
332 1
333 1
334 1
335 0
336 1
337 1
338 1
339 2
340 2
341 1
342 1
343 2
344 2
345 2
346 2
347 1
348 0
349 1
350 3
351 2
352 2
353 2
354 2
355 0
356 3
357 1
358 2
359 2
360 2
361 1
362 2
363 1
364 2
365 2
366 2
367 1
368 1
369 2
370 1
371 1
372 2
373 1
374 2
375 1
376 1
377 2
378 1
379 2
380 1
381 2
382 1
383 0
384 1
385 2
386 2
387 1
388 0
389 1
390 1
391 2
392 2
393 2
394 2
395 1
396 2
397 0
398 1
399 2
400 0
401 2
402 1
403 2
404 1
405 2
406 2
407 2
408 1
409 2
410 1
411 1
412 2
413 1
414 2
415 1
416 1
417 1
418 1
419 2
420 1
421 3
422 1
423 1
424 1
425 2
426 1
427 1
428 1
429 2
430 1
431 1
432 1
433 1
434 2
435 0
436 2
437 2
438 2
439 1
440 0
441 2
442 1
443 2
444 1
445 2
446 2
447 2
448 1
449 2
450 1
451 2
452 2
453 2
454 2
455 2
456 2
457 1
458 2
459 1
460 2
461 2
462 2
463 1
464 2
465 3
466 1
467 2
468 2
469 2
470 2
471 1
472 2
473 1
474 1
475 2
476 2
477 2
478 2
479 1
480 1
481 0
482 0
483 1
484 1
485 0
486 2
487 2
488 1
489 0
490 2
491 1
492 1
493 1
494 1
495 2
496 2
497 2
498 2
499 1
500 1
501 0
502 0
503 1
504 1
505 1
506 0
507 1
508 1
509 1
510 0
511 1
512 0
513 1
514 1
515 1
516 0
517 1
518 1
519 1
520 1
521 0
522 0
523 1
524 0
525 1
526 1
527 0
528 1
529 1
530 1
531 0
532 1
533 0
534 1
535 1
536 0
537 0
538 1
539 1
540 1
541 1
542 1
543 1
544 0
545 0
546 1
547 1
548 1
549 0
550 0
551 1
552 1
553 2
554 1
555 1
556 1
557 2
558 2
559 1
560 1
561 1
562 3
563 1
564 2
565 1
566 2
567 1
568 1
569 2
570 2
571 0
572 1
573 2
574 1
575 1
576 2
577 0
578 2
579 2
580 1
581 1
582 2
583 2
584 2
585 2
586 1
587 1
588 1
589 1
590 2
591 1
592 1
593 2
594 2
595 1
596 1
597 3
598 1
599 0
600 2
601 1
602 1
603 1
604 2
605 2
606 2
607 1
608 1
609 0
610 1
611 0
612 1
613 1
614 0
615 2
616 1
617 1
618 2
619 1
620 1
621 2
622 1
623 1
624 0
625 1
626 1
627 1
628 2
629 2
630 2
631 1
632 1
633 1
634 2
635 2
636 2
637 1
638 1
639 2
640 0
641 1
642 1
643 2
644 3
645 2
646 1
647 0
648 2
649 1
650 1
651 0
652 2
653 0
654 2
655 1
656 1
657 2
658 1
659 1
660 1
661 1
662 1
663 2
664 1
665 1
666 2
667 2
668 2
669 2
670 1
671 3
672 2
673 2
674 1
675 2
676 1
677 0
678 0
679 2
680 2
681 1
682 0
683 1
684 2
685 1
686 0
687 2
688 0
689 1
690 1
691 2
692 2
693 2
694 1
695 1
696 1
697 2
698 1
699 2
700 1
701 1
702 1
703 2
704 1
705 1
706 1
707 1
708 0
709 2
710 2
711 2
712 1
713 2
714 1
715 0
716 2
717 0
718 2
719 1
720 1
721 2
722 1
723 2
724 2
725 1
726 1
727 3
728 0
729 1
730 1
731 2
732 2
733 2
734 2
735 3
736 1
737 1
738 2
739 2
740 2
741 1
742 0
743 1
744 0
745 1
746 3
747 1
748 1
749 1
750 1
751 1
752 1
753 0
754 2
755 1
756 0
757 1
758 0
759 3
760 2
761 0
762 0
763 1
764 1
765 0
766 0
767 0
768 1
769 1
770 0
771 1
772 0
773 1
774 0
775 0
776 0
777 0
778 1
779 0
780 0
781 0
782 1
783 2
784 0
785 1
786 0
787 0
788 1
789 0
790 0
791 0
792 0
793 0
794 1
795 1
796 1
797 1
798 0
799 0
800 1
801 2
802 0
803 1
804 1
805 2
806 1
807 2
808 3
809 2
810 1
811 2
812 1
813 3
814 1
815 2
816 2
817 2
818 2
819 1
820 0
821 2
822 1
823 0
824 3
825 0
826 2
827 1
828 0
829 2
830 2
831 2
832 1
833 2
834 1
835 2
836 2
837 2
838 1
839 2
840 0
841 1
842 1
843 1
844 1
845 2
846 1
847 1
848 2
849 1
850 1
851 1
852 2
853 0
854 2
855 1
856 3
857 2
858 2
859 1
860 1
861 1
862 0
863 1
864 1
865 1
866 0
867 0
868 0
869 0
870 1
871 2
872 1
873 1
874 1
875 2
876 2
877 2
878 1
879 2
880 1
881 2
882 1
883 1
884 2
885 0
886 1
887 1
888 1
889 1
890 2
891 2
892 2
893 2
894 2
895 1
896 1
897 1
898 1
899 1
900 2
901 1
902 1
903 2
904 1
905 1
906 0
907 0
908 1
909 1
910 2
911 2
912 1
913 1
914 1
915 2
916 1
917 0
918 2
919 1
920 2
921 2
922 2
923 2
924 1
925 1
926 0
927 0
928 1
929 1
930 2
931 0
932 1
933 2
934 0
935 1
936 1
937 0
938 1
939 2
940 1
941 2
942 0
943 2
944 1
945 1
946 2
947 1
948 1
949 1
950 1
951 2
952 1
953 1
954 2
955 0
956 2
957 2
958 1
959 1
960 2
961 2
962 2
963 2
964 1
965 1
966 2
967 1
968 1
969 1
970 1
971 1
972 1
973 1
974 1
975 1
976 2
977 2
978 1
979 1
980 2
981 1
982 0
983 0
984 1
985 1
986 2
987 1
988 0
989 2
990 2
991 2
992 1
993 1
994 0
995 0
996 2
997 1
998 0
999 1
1000 2
1001 2
1002 0
1003 0
1004 0
1005 1
1006 2
1007 1
1008 2
1009 1
1010 0
1011 2
1012 1
1013 0
1014 1
1015 1
1016 1
1017 2
1018 0
1019 2
1020 2
1021 1
1022 1
1023 2
1024 1
1025 2
1026 1
1027 1
1028 1
1029 1
1030 2
1031 2
1032 2
1033 0
1034 1
1035 2
1036 1
1037 0
1038 2
1039 1
1040 1
1041 2
1042 2
1043 0
1044 1
1045 1
1046 2
1047 2
1048 2
1049 2
1050 2
1051 2
1052 1
1053 2
1054 2
1055 2
1056 1
1057 2
1058 1
1059 1
1060 2
1061 1
1062 1
1063 0
1064 0
1065 1
1066 2
1067 1
1068 0
1069 0
1070 0
1071 2
1072 1
1073 1
1074 2
1075 0
1076 1
1077 1
1078 2
1079 1
1080 1
1081 1
1082 1
1083 1
1084 1
1085 0
1086 2
1087 1
1088 1
1089 2
1090 1
1091 1
1092 1
1093 1
1094 2
1095 1
1096 1
1097 1
1098 1
1099 1
1100 0
1101 1
1102 0
1103 1
1104 1
1105 0
1106 1
1107 2
1108 1
1109 1
1110 1
1111 0
1112 1
1113 1
1114 1
1115 0
1116 1
1117 2
1118 1
1119 2
1120 1
1121 2
1122 1
1123 1
1124 1
1125 0
1126 0
1127 1
1128 2
1129 1
1130 1
1131 1
1132 2
1133 2
1134 1
1135 1
1136 1
1137 0
1138 2
1139 1
1140 2
1141 1
1142 0
1143 1
1144 0
1145 0
1146 1
1147 2
1148 1
1149 1
1150 2
1151 2
1152 0
1153 1
1154 1
1155 2
1156 2
1157 1
1158 0
1159 1
1160 1
1161 1
1162 2
1163 3
1164 1
1165 1
1166 1
1167 2
1168 2
1169 2
1170 1
1171 0
1172 1
1173 1
1174 1
1175 2
1176 1
1177 1
1178 0
1179 1
1180 2
1181 0
1182 2
1183 1
1184 0
1185 2
1186 1
1187 2
1188 1
1189 1
1190 0
1191 1
1192 2
1193 2
1194 0
1195 1
1196 2
1197 1
1198 1
1199 1
1200 2
1201 1
1202 2
1203 1
1204 2
1205 1
1206 3
1207 2
1208 1
1209 1
1210 1
1211 2
1212 1
1213 1
1214 2
1215 1
1216 0
1217 0
1218 0
1219 2
1220 0
1221 1
1222 3
1223 2
1224 0
1225 0
1226 0
1227 0
1228 2
1229 1
1230 0
1231 1
1232 1
1233 1
1234 1
1235 1
1236 3
1237 1
1238 2
1239 0
1240 2
1241 2
1242 0
1243 1
1244 1
1245 0
1246 1
1247 1
1248 0
1249 1
1250 0
1251 1
1252 1
1253 2
1254 1
1255 2
1256 1
1257 0
1258 1
1259 1
1260 1
1261 1
1262 1
1263 1
1264 1
1265 1
1266 1
1267 0
1268 1
1269 2
1270 2
1271 2
1272 2
1273 1
1274 1
1275 0
1276 0
1277 1
1278 1
1279 2
1280 2
1281 1
1282 0
1283 0
1284 1
1285 1
1286 1
1287 0
1288 2
1289 2
1290 2
1291 2
1292 1
1293 1
1294 2
1295 1
1296 2
1297 1
1298 1
1299 1
1300 3
1301 2
1302 1
1303 0
1304 2
1305 0
1306 1
1307 0
1308 2
1309 2
1310 2
1311 1
1312 0
1313 0
1314 2
1315 0
1316 2
1317 2
1318 1
1319 2
1320 1
1321 2
1322 0
1323 1
1324 2
1325 1
1326 2
1327 1
1328 2
1329 2
1330 1
1331 1
1332 0
1333 1
1334 2
1335 1
1336 2
1337 3
1338 1
1339 2
1340 0
1341 3
1342 0
1343 2
1344 0
1345 1
1346 1
1347 1
1348 1
1349 2
1350 1
1351 1
1352 0
1353 2
1354 1
1355 2
1356 2
1357 2
1358 0
1359 2
1360 1
1361 1
1362 2
1363 1
1364 2
1365 1
1366 1
1367 1
1368 1
1369 2
1370 1
1371 2
1372 1
1373 1
1374 1
1375 0
1376 2
1377 1
1378 0
1379 0
1380 0
1381 0
1382 2
1383 2
1384 1
1385 1
1386 0
1387 1
1388 2
1389 1
1390 2
1391 2
1392 1
1393 1
1394 2
1395 1
1396 2
1397 0
1398 0
1399 2
1400 2
1401 2
1402 2
1403 1
1404 2
1405 1
1406 1
1407 3
1408 2
1409 2
1410 2
1411 1
1412 2
1413 1
1414 1
1415 0
1416 2
1417 2
1418 2
1419 2
1420 2
1421 1
1422 2
1423 0
1424 1
1425 2
1426 1
1427 2
1428 2
1429 2
1430 1
1431 2
1432 1
1433 2
1434 1
1435 0
1436 1
1437 1
1438 1
1439 0
1440 2
1441 2
1442 1
1443 2
1444 1
1445 0
1446 2
1447 2
1448 1
1449 2
1450 1
1451 1
1452 1
1453 1
1454 1
1455 2
1456 2
1457 2
1458 0
1459 2
1460 1
1461 2
1462 2
1463 1
1464 2
1465 2
1466 1
1467 3
1468 2
1469 1
1470 1
1471 1
1472 2
1473 1
1474 2
1475 0
1476 1
1477 1
1478 0
1479 0
1480 0
1481 0
1482 0
1483 0
1484 0
1485 0
1486 0
1487 0
1488 0
1489 0
1490 0
1491 0
1492 0
1493 0
1494 0
1495 1
1496 1
1497 0
1498 0
1499 0
1500 0
1501 1
1502 0
1503 0
1504 0
1505 0
1506 0
1507 1
1508 0
1509 0
1510 0
1511 1
1512 1
1513 1
1514 0
1515 1
1516 1
1517 1
1518 1
1519 0
1520 0
1521 1
1522 1
1523 1
1524 1
1525 1
1526 0
1527 0
1528 0
1529 0
1530 1
1531 0
1532 0
1533 1
1534 0
1535 0
1536 0
1537 0
1538 0
1539 0
1540 0
1541 0
1542 0
1543 0
1544 1
1545 1
1546 0
1547 0
1548 0
1549 0
1550 0
1551 0
1552 0
1553 0
1554 0
1555 0
1556 0
1557 0
1558 0
1559 0
1560 0
1561 0
1562 1
1563 0
1564 0
1565 0
1566 0
1567 1
1568 0
1569 0
1570 0
1571 0
1572 0
1573 1
1574 0
1575 1
1576 1
1577 1
1578 0
1579 1
1580 1
1581 0
1582 0
1583 0
1584 1
1585 1
1586 0
1587 0
1588 0
1589 0
1590 0
1591 0
1592 1
1593 0
1594 0
1595 1
1596 1
1597 1
1598 0
1599 0
1600 0
1601 0
1602 0
1603 1
1604 0
1605 1
1606 1
1607 0
1608 0
1609 1
1610 1
1611 1
1612 0
1613 1
1614 0
1615 1
1616 0
1617 1
1618 1
1619 0
1620 0
1621 1
1622 1
1623 1
1624 1
1625 0
1626 1
1627 0
1628 1
1629 0
1630 0
1631 0
1632 0
1633 1
1634 0
1635 0
1636 0
1637 1
1638 0
1639 0
1640 0
1641 0
1642 0
1643 0
1644 0
1645 1
1646 0
1647 0
1648 0
1649 0
1650 0
1651 0
1652 0
1653 0
1654 0
1655 0
1656 0
1657 0
1658 0
1659 0
1660 0
1661 0
1662 0
1663 0
1664 0
1665 0
1666 0
1667 0
1668 0
1669 0
1670 0
1671 0
1672 0
1673 0
1674 0
1675 0
1676 0
1677 0
1678 0
1679 0
1680 0
1681 0
1682 0
1683 0
1684 0
1685 0
1686 0
1687 0
1688 0
1689 0
1690 0
1691 0
1692 0
1693 0
1694 0
1695 0
1696 0
1697 0
1698 0
1699 0
1700 0
1701 0
1702 0
1703 0
1704 0
1705 0
1706 0
1707 0
1708 0
1709 0
1710 0
1711 0
1712 0
1713 0
1714 0
1715 0
1716 0
1717 0
1718 0
1719 0
1720 0
1721 0
1722 0
1723 0
1724 0
1725 0
1726 0
1727 0
1728 0
1729 0
1730 0
1731 0
1732 0
1733 0
1734 0
1735 0
1736 0
1737 0
1738 0
1739 0
1740 0
1741 0
1742 0
1743 0
1744 0
1745 0
1746 0
1747 0
1748 0
1749 0
1750 0
1751 0
1752 0
1753 0
1754 0
1755 0
1756 0
1757 0
1758 0
1759 0
1760 0
1761 0
1762 0
1763 0
1764 0
1765 0
1766 0
1767 0
1768 0
1769 0
1770 0
1771 0
1772 0
1773 1
1774 0
1775 0
1776 0
1777 0
1778 0
1779 0
1780 0
1781 0
1782 0
1783 0
1784 0
1785 0
1786 0
1787 0
1788 0
1789 0
1790 0
1791 0
1792 0
1793 0
1794 0
1795 0
1796 0
1797 0
1798 0
1799 0
1800 0
1801 0
1802 0
1803 0
1804 0
1805 0
1806 0
1807 2
1808 0
1809 0
1810 0
1811 0
1812 0
1813 0
1814 0
1815 0
1816 0
1817 0
1818 1
1819 0
1820 0
1821 0
1822 0
1823 0
1824 1
1825 0
1826 0
1827 0
1828 0
1829 0
1830 0
1831 0
1832 0
1833 0
1834 1
1835 1
1836 0
1837 0
1838 0
1839 0
1840 0
1841 0
1842 0
1843 0
1844 0
1845 0
1846 0
1847 0
1848 0
1849 0
1850 0
1851 0
1852 0
1853 1
1854 0
1855 0
1856 0
1857 0
1858 1
1859 2
1860 0
1861 1
1862 1
1863 2
1864 1
1865 1
1866 1
1867 1
1868 1
1869 3
1870 2
1871 2
1872 1
1873 1
1874 1
1875 1
1876 1
1877 1
1878 1
1879 1
1880 1
1881 0
1882 2
1883 1
1884 1
1885 0
1886 0
1887 0
1888 0
1889 0
1890 1
1891 1
1892 2
1893 0
1894 1
1895 2
1896 2
1897 2
1898 2
1899 1
1900 1
1901 1
1902 0
1903 0
1904 2
1905 1
1906 1
1907 1
1908 2
1909 1
1910 1
1911 1
1912 1
1913 0
1914 1
1915 2
1916 2
1917 1
1918 0
1919 2
1920 0
1921 1
1922 1
1923 1
1924 1
1925 2
1926 1
1927 2
1928 2
1929 2
1930 0
1931 1
1932 2
1933 1
1934 2
1935 0
1936 2
1937 2
1938 2
1939 1
1940 1
1941 1
1942 1
1943 1
1944 1
1945 1
1946 2
1947 2
1948 1
1949 2
1950 1
1951 1
1952 1
1953 0
1954 1
1955 0
1956 0
1957 0
1958 0
1959 0
1960 0
1961 0
1962 0
1963 0
1964 0
1965 0
1966 0
1967 0
1968 0
1969 0
1970 0
1971 0
1972 0
1973 0
1974 0
1975 0
1976 0
1977 1
1978 0
1979 0
1980 0
1981 0
1982 0
1983 0
1984 0
1985 0
1986 0
1987 0
1988 0
1989 0
1990 0
1991 0
1992 0
1993 0
1994 0
1995 0
1996 0
1997 0
1998 0
1999 1
2000 0
2001 0
2002 0
2003 0
2004 1
2005 0
2006 0
2007 0
2008 0
2009 1
2010 0
2011 0
2012 1
2013 0
2014 0
2015 0
2016 0
2017 1
2018 0
2019 0
2020 0
2021 0
2022 0
2023 0
2024 0
2025 0
2026 0
2027 0
2028 1
2029 2
2030 1
2031 2
2032 1
2033 1
2034 1
2035 1
2036 2
2037 1
2038 2
2039 1
2040 0
2041 1
2042 2
2043 1
2044 2
2045 1
2046 1
2047 3
2048 2
2049 1
2050 0
2051 2
2052 1
2053 1
2054 1
2055 2
2056 2
2057 1
2058 1
2059 0
2060 0
2061 2
2062 2
2063 2
2064 1
2065 0
2066 1
2067 3
2068 1
2069 1
2070 2
2071 2
2072 1
2073 1
2074 3
2075 1
2076 1
2077 1
2078 1
2079 1
2080 2
2081 1
2082 1
2083 2
2084 2
2085 1
2086 2
2087 2
2088 1
2089 1
2090 1
2091 2
2092 1
2093 0
2094 1
2095 2
2096 1
2097 2
2098 2
2099 2
2100 1
2101 1
2102 2
2103 0
2104 2
2105 2
2106 0
2107 0
2108 1
2109 2
2110 2
2111 2
2112 2
2113 1
2114 1
2115 2
2116 1
2117 1
2118 1
2119 1
2120 2
2121 3
2122 1
2123 1
2124 0
2125 2
2126 2
2127 1
2128 1
2129 1
2130 2
2131 1
2132 2
2133 1
2134 2
2135 0
2136 1
2137 1
2138 1
2139 1
2140 1
2141 1
2142 2
2143 2
2144 0
2145 2
2146 2
2147 2
2148 1
2149 1
2150 0
2151 1
2152 1
2153 2
2154 2
2155 1
2156 0
2157 2
2158 0
2159 1
2160 0
2161 2
2162 2
2163 1
2164 0
2165 2
2166 1
2167 1
2168 2
2169 2
2170 1
2171 1
2172 2
2173 2
2174 2
2175 1
2176 2
2177 1
2178 2
2179 1
2180 0
2181 1
2182 2
2183 2
2184 1
2185 0
2186 2
2187 1
2188 1
2189 1
2190 0
2191 1
2192 0
2193 1
2194 0
2195 1
2196 0
2197 0
2198 0
2199 0
2200 0
2201 0
2202 0
2203 0
2204 1
2205 1
2206 0
2207 1
2208 0
2209 0
2210 0
2211 0
2212 0
2213 0
2214 0
2215 1
2216 0
2217 0
2218 1
2219 1
2220 0
2221 2
2222 3
2223 2
2224 1
2225 1
2226 1
2227 1
2228 2
2229 1
2230 0
2231 2
2232 2
2233 0
2234 2
2235 0
2236 1
2237 1
2238 2
2239 1
2240 2
2241 1
2242 1
2243 2
2244 2
2245 2
2246 1
2247 1
2248 2
2249 2
2250 1
2251 3
2252 0
2253 1
2254 1
2255 0
2256 0
2257 0
2258 1
2259 0
2260 0
2261 0
2262 0
2263 0
2264 1
2265 0
2266 0
2267 0
2268 1
2269 1
2270 1
2271 0
2272 1
2273 0
2274 1
2275 2
2276 0
2277 0
2278 0
2279 0
2280 1
2281 0
2282 1
2283 0
2284 0
2285 0
2286 1
2287 1
2288 1
2289 0
2290 0
2291 0
2292 0
2293 1
2294 0
2295 1
2296 0
2297 0
2298 1
2299 1
2300 2
2301 1
2302 0
2303 1
2304 1
2305 1
2306 0
2307 1
2308 0
2309 0
2310 1
2311 0
2312 0
2313 0
2314 1
2315 0
2316 2
2317 1
2318 1
2319 1
2320 1
2321 1
2322 1
2323 3
2324 1
2325 0
2326 0
2327 1
2328 0
2329 0
2330 0
2331 2
2332 2
2333 2
2334 0
2335 2
2336 2
2337 1
2338 0
2339 1
2340 1
2341 1
2342 2
2343 0
2344 1
2345 2
2346 1
2347 0
2348 2
2349 1
2350 1
2351 1
2352 1
2353 0
2354 1
2355 1
2356 1
2357 1
2358 1
2359 0
2360 1
2361 2
2362 1
2363 2
2364 2
2365 1
2366 2
2367 1
2368 1
2369 2
2370 0
2371 2
2372 1
2373 1
2374 1
2375 1
2376 2
2377 1
2378 1
2379 0
2380 1
2381 1
2382 1
2383 1
2384 2
2385 0
2386 0
2387 3
2388 1
2389 1
2390 1
2391 1
2392 0
2393 1
2394 2
2395 2
2396 0
2397 1
2398 2
2399 2
2400 2
2401 1
2402 1
2403 1
2404 1
2405 2
2406 1
2407 1
2408 1
2409 2
2410 1
2411 2
2412 1
2413 1
2414 1
2415 1
2416 1
2417 2
2418 0
2419 0
2420 1
2421 1
2422 2
2423 1
2424 0
2425 1
2426 1
2427 2
2428 1
2429 1
2430 3
2431 1
2432 1
2433 1
2434 1
2435 1
2436 1
2437 2
2438 1
2439 2
2440 2
2441 1
2442 1
2443 2
2444 2
2445 2
2446 1
2447 1
2448 1
2449 1
2450 3
2451 2
2452 0
2453 2
2454 2
2455 0
2456 2
2457 1
2458 2
2459 1
2460 1
2461 2
2462 2
2463 0
2464 1
2465 1
2466 0
2467 2
2468 1
2469 1
2470 1
2471 2
2472 2
2473 0
2474 1
2475 2
2476 1
2477 0
2478 2
2479 2
2480 1
2481 1
2482 1
2483 1
2484 0
2485 2
2486 2
2487 1
2488 2
2489 1
2490 1
2491 1
2492 1
2493 2
2494 1
2495 1
2496 2
2497 2
2498 1
2499 2
2500 1
2501 1
2502 2
2503 1
2504 1
2505 2
2506 1
2507 2
2508 1
2509 2
2510 0
2511 0
2512 2
2513 1
2514 1
2515 2
2516 2
2517 0
2518 2
2519 1
2520 1
2521 1
2522 2
2523 2
2524 2
2525 2
2526 0
2527 1
2528 0
2529 3
2530 2
2531 1
2532 2
2533 1
2534 2
2535 0
2536 1
2537 2
2538 2
2539 2
2540 1
2541 2
2542 1
2543 1
2544 2
2545 0
2546 2
2547 2
2548 2
2549 1
2550 2
2551 1
2552 2
2553 1
2554 1
2555 2
2556 1
2557 1
2558 2
2559 1
2560 2
2561 1
2562 2
2563 1
2564 1
2565 2
2566 1
2567 0
2568 1
2569 2
2570 2
2571 1
2572 2
2573 2
2574 1
2575 2
2576 0
2577 1
2578 2
2579 2
2580 2
2581 1
2582 2
2583 2
2584 0
2585 1
2586 1
2587 0
2588 1
2589 1
2590 0
2591 0
2592 2
2593 1
2594 1
2595 1
2596 1
2597 1
2598 0
2599 1
2600 1
2601 1
2602 2
2603 0
2604 2
2605 0
2606 2
2607 2
2608 3
2609 2
2610 2
2611 1
2612 1
2613 2
2614 1
2615 1
2616 0
2617 1
2618 1
2619 0
2620 1
2621 2
2622 0
2623 1
2624 2
2625 2
2626 2
2627 2
2628 2
2629 2
2630 2
2631 1
2632 0
2633 1
2634 2
2635 1
2636 2
2637 1
2638 2
2639 1
2640 2
2641 0
2642 2
2643 2
2644 1
2645 1
2646 1
2647 0
2648 1
2649 1
2650 3
2651 0
2652 2
2653 2
2654 1
2655 0
2656 2
2657 0
2658 1
2659 2
2660 2
2661 1
2662 2
2663 1
2664 1
2665 1
2666 1
2667 1
2668 1
2669 1
2670 1
2671 1
2672 0
2673 0
2674 1
2675 0
2676 0
2677 0
2678 0
2679 0
2680 0
2681 0
2682 0
2683 1
2684 0
2685 0
2686 0
2687 1
2688 1
2689 1
2690 1
2691 0
2692 1
2693 0
2694 1
2695 0
2696 1
2697 1
2698 0
2699 0
2700 2
2701 2
2702 0
2703 1
2704 0
2705 1
2706 2
2707 1
2708 1
2709 0
2710 2
2711 1
2712 1
2713 2
2714 1
2715 0
2716 2
2717 2
2718 0
2719 2
2720 1
2721 2
2722 1
2723 0
2724 0
2725 1
2726 1
2727 1
2728 0
2729 0
2730 1
2731 0
2732 0
2733 0
2734 1
2735 0
2736 1
2737 0
2738 1
2739 0
2740 1
2741 1
2742 1
2743 0
2744 1
2745 1
2746 0
2747 0
2748 0
2749 0
2750 0
2751 0
2752 0
2753 1
2754 0
2755 0
2756 1
2757 0
2758 1
2759 0
2760 0
2761 0
2762 0
2763 0
2764 0
2765 0
2766 0
2767 0
2768 0
2769 1
2770 1
2771 1
2772 0
2773 0
2774 0
2775 0
2776 0
2777 1
2778 1
2779 1
2780 1
2781 0
2782 0
2783 1
2784 0
2785 2
2786 0
2787 1
2788 2
2789 1
2790 0
2791 0
2792 2
2793 1
2794 3
2795 0
2796 0
2797 0
2798 0
2799 1
2800 1
2801 1
2802 0
2803 1
2804 1
2805 0
2806 0
2807 0
2808 1
2809 0
2810 1
2811 2
2812 1
2813 1
2814 1
2815 0
2816 1
2817 2
2818 2
2819 2
2820 1
2821 2
2822 1
2823 1
2824 1
2825 1
2826 1
2827 1
2828 1
2829 2
2830 1
2831 1
2832 2
2833 1
2834 1
2835 1
2836 2
2837 1
2838 2
2839 2
2840 1
2841 1
2842 1
2843 1
2844 1
2845 2
2846 1
2847 1
2848 2
2849 1
2850 1
2851 1
2852 1
2853 1
2854 0
2855 0
2856 0
2857 1
2858 0
2859 1
2860 1
2861 1
2862 1
2863 0
2864 0
2865 0
2866 0
2867 1
2868 1
2869 1
2870 1
2871 0
2872 1
2873 1
2874 1
2875 1
2876 1
2877 2
2878 0
2879 0
2880 0
2881 0
2882 0
2883 0
2884 0
2885 2
2886 1
2887 0
2888 2
2889 1
2890 0
2891 1
2892 2
2893 3
2894 1
2895 2
2896 1
2897 1
2898 2
2899 0
2900 1
2901 2
2902 2
2903 1
2904 2
2905 1
2906 2
2907 2
2908 1
2909 1
2910 2
2911 2
2912 2
2913 0
2914 1
2915 1
2916 2
2917 1
2918 2
2919 2
2920 2
2921 1
2922 1
2923 2
2924 1
2925 2
2926 0
2927 0
2928 0
2929 0
2930 0
2931 1
2932 0
2933 1
2934 0
2935 0
2936 0
2937 0
2938 0
2939 0
2940 0
2941 0
2942 0
2943 0
2944 2
2945 1
2946 1
2947 0
2948 0
2949 0
2950 0
2951 0
2952 0
2953 0
2954 0
2955 0
2956 1
2957 0
2958 0
2959 1
2960 0
2961 0
2962 1
2963 0
2964 1
2965 0
2966 0
2967 1
2968 0
2969 1
2970 1
2971 0
2972 0
2973 1
2974 1
2975 1
2976 1
2977 0
2978 1
2979 2
2980 1
2981 1
2982 0
2983 0
2984 1
2985 1
2986 1
2987 0
2988 0
2989 1
2990 1
2991 2
2992 1
2993 2
2994 2
2995 2
2996 2
2997 1
2998 2
2999 2
3000 1
3001 1
3002 2
3003 2
3004 1
3005 2
3006 1
3007 1
3008 1
3009 2
3010 1
3011 1
3012 1
3013 1
3014 1
3015 0
3016 3
3017 2
3018 2
3019 2
3020 2
3021 2
3022 1
3023 1
3024 2
3025 1
3026 2
3027 2
3028 2
3029 1
3030 1
3031 1
3032 2
3033 2
3034 2
3035 3
3036 1
3037 2
3038 1
3039 1
3040 2
3041 1
3042 1
3043 2
3044 1
3045 3
3046 2
3047 0
3048 2
3049 1
3050 2
3051 0
3052 1
3053 2
3054 1
3055 2
3056 1
3057 2
3058 2
3059 1
3060 1
3061 1
3062 1
3063 1
3064 1
3065 1
3066 2
3067 1
3068 2
3069 1
3070 2
3071 1
3072 1
3073 0
3074 1
3075 1
3076 2
3077 0
3078 2
3079 0
3080 1
3081 1
3082 1
3083 1
3084 0
3085 1
3086 1
3087 1
3088 2
3089 1
3090 2
3091 1
3092 2
3093 0
3094 1
3095 2
3096 2
3097 2
3098 2
3099 1
3100 1
3101 1
3102 1
3103 0
3104 1
3105 1
3106 1
3107 2
3108 1
3109 3
3110 1
3111 1
3112 1
3113 0
3114 1
3115 3
3116 2
3117 2
3118 1
3119 1
3120 2
3121 2
3122 1
3123 2
3124 1
3125 1
3126 1
3127 2
3128 2
3129 2
3130 1
3131 3
3132 0
3133 2
3134 2
3135 0
3136 1
3137 1
3138 2
3139 2
3140 1
3141 0
3142 1
3143 2
3144 1
3145 2
3146 0
3147 1
3148 1
3149 2
3150 0
3151 3
3152 1
3153 1
3154 1
3155 3
3156 2
3157 1
3158 1
3159 1
3160 2
3161 1
3162 2
3163 0
3164 1
3165 1
3166 1
3167 0
3168 1
3169 2
3170 2
3171 2
3172 0
3173 2
3174 2
3175 0
3176 2
3177 2
3178 0
3179 1
3180 1
3181 1
3182 1
3183 2
3184 0
3185 2
3186 0
3187 0
3188 0
3189 0
3190 0
3191 0
3192 0
3193 1
3194 2
3195 2
3196 1
3197 1
3198 1
3199 1
3200 1
3201 1
3202 2
3203 2
3204 1
3205 1
3206 1
3207 1
3208 1
3209 1
3210 3
3211 2
3212 2
3213 2
3214 1
3215 1
3216 1
3217 1
3218 1
3219 1
3220 1
3221 1
3222 1
3223 1
3224 1
3225 1
3226 1
3227 1
3228 1
3229 1
3230 2
3231 1
3232 1
3233 2
3234 1
3235 1
3236 2
3237 1
3238 1
3239 2
3240 2
3241 1
3242 1
3243 2
3244 1
3245 1
3246 2
3247 0
3248 1
3249 2
3250 1
3251 2
3252 0
3253 1
3254 1
3255 1
3256 1
3257 1
3258 2
3259 1
3260 1
3261 2
3262 1
3263 2
3264 2
3265 1
3266 2
3267 1
3268 1
3269 1
3270 1
3271 2
3272 1
3273 2
3274 1
3275 2
3276 0
3277 1
3278 0
3279 2
3280 1
3281 2
3282 1
3283 2
3284 2
3285 2
3286 1
3287 0
3288 1
3289 1
3290 2
3291 2
3292 1
3293 1
3294 1
3295 2
3296 1
3297 1
3298 1
3299 1
3300 1
3301 1
3302 2
3303 2
3304 1
3305 1
3306 1
3307 1
3308 1
3309 0
3310 2
3311 1
3312 0
3313 0
3314 2
3315 1
3316 1
3317 1
3318 1
3319 0
3320 1
3321 0
3322 1
3323 0
3324 1
3325 2
3326 0
3327 1
3328 1
3329 2
3330 1
3331 2
3332 2
3333 2
3334 2
3335 1
3336 1
3337 2
3338 2
3339 0
3340 1
3341 2
3342 2
3343 2
3344 1
3345 0
3346 2
3347 1
3348 1
3349 2
3350 2
3351 2
3352 1
3353 1
3354 1
3355 0
3356 2
3357 2
3358 2
3359 2
3360 3
3361 1
3362 1
3363 2
3364 2
3365 1
3366 1
3367 3
3368 1
3369 1
3370 0
3371 0
3372 0
3373 0
3374 1
3375 1
3376 0
3377 0
3378 0
3379 0
3380 1
3381 0
3382 1
3383 0
3384 1
3385 0
3386 1
3387 0
3388 0
3389 1
3390 0
3391 0
3392 0
3393 1
3394 2
3395 1
3396 1
3397 2
3398 1
3399 1
3400 1
3401 1
3402 0
3403 0
3404 0
3405 0
3406 1
3407 1
3408 1
3409 1
3410 0
3411 0
3412 0
3413 1
3414 2
3415 2
3416 1
3417 0
3418 2
3419 3
3420 2
3421 1
3422 1
3423 2
3424 1
3425 2
3426 0
3427 0
3428 0
3429 1
3430 1
3431 3
3432 1
3433 1
3434 2
3435 2
3436 1
3437 0
3438 2
3439 1
3440 1
3441 1
3442 0
3443 2
3444 0
3445 1
3446 1
3447 2
3448 2
3449 2
3450 1
3451 2
3452 1
3453 2
3454 1
3455 1
3456 2
3457 1
3458 1
3459 0
3460 1
3461 2
3462 1
3463 1
3464 1
3465 0
3466 3
3467 1
3468 1
3469 1
3470 3
3471 2
3472 2
3473 1
3474 2
3475 2
3476 0
3477 0
3478 0
3479 1
3480 0
3481 1
3482 0
3483 0
3484 1
3485 0
3486 0
3487 0
3488 1
3489 0
3490 0
3491 0
3492 1
3493 1
3494 1
3495 0
3496 0
3497 0
3498 1
3499 1
3500 0
3501 0
3502 0
3503 0
3504 0
3505 0
3506 1
3507 0
3508 0
3509 0
3510 0
3511 0
3512 0
3513 0
3514 0
3515 0
3516 1
3517 1
3518 0
3519 0
3520 0
3521 0
3522 0
3523 0
3524 0
3525 0
3526 0
3527 0
3528 1
3529 1
3530 1
3531 0
3532 0
3533 1
3534 1
3535 0
3536 1
3537 1
3538 0
3539 1
3540 0
3541 0
3542 1
3543 1
3544 0
3545 0
3546 0
3547 1
3548 1
3549 0
3550 1
3551 1
3552 1
3553 0
3554 1
3555 0
3556 1
3557 0
3558 0
3559 0
3560 0
3561 0
3562 1
3563 0
3564 1
3565 0
3566 0
3567 0
3568 0
3569 1
3570 1
3571 1
3572 1
3573 0
3574 1
3575 1
3576 0
3577 1
3578 0
3579 0
3580 1
3581 1
3582 0
3583 0
3584 1
3585 1
3586 0
3587 1
3588 0
3589 1
3590 1
3591 0
3592 1
3593 0
3594 0
3595 0
3596 0
3597 1
3598 0
3599 1
3600 1
3601 1
3602 1
3603 0
3604 0
3605 1
3606 0
3607 0
3608 0
3609 1
3610 0
3611 1
3612 0
3613 1
3614 0
3615 0
3616 0
3617 0
3618 0
3619 0
3620 0
3621 0
3622 0
3623 1
3624 1
3625 1
3626 0
3627 0
3628 1
3629 0
3630 0
3631 0
3632 1
3633 1
3634 0
3635 1
3636 0
3637 1
3638 1
3639 0
3640 0
3641 1
3642 0
3643 1
3644 0
3645 0
3646 0
3647 1
3648 1
3649 1
3650 1
3651 1
3652 1
3653 1
3654 1
3655 1
3656 1
3657 0
3658 1
3659 0
3660 1
3661 1
3662 0
3663 1
3664 1
3665 1
3666 0
3667 0
3668 1
3669 0
3670 0
3671 0
3672 0
3673 0
3674 0
3675 1
3676 1
3677 0
3678 1
3679 1
3680 0
3681 1
3682 0
3683 0
3684 0
3685 0
3686 0
3687 0
3688 0
3689 0
3690 0
3691 0
3692 0
3693 0
3694 0
3695 0
3696 1
3697 0
3698 0
3699 0
3700 0
3701 1
3702 1
3703 1
3704 1
3705 1
3706 1
3707 1
3708 1
3709 0
3710 0
3711 0
3712 0
3713 0
3714 0
3715 0
3716 0
3717 0
3718 0
3719 0
3720 0
3721 0
3722 0
3723 0
3724 1
3725 0
3726 1
3727 0
3728 0
3729 1
3730 0
3731 0
3732 0
3733 0
3734 0
3735 0
3736 1
3737 0
3738 0
3739 0
3740 0
3741 0
3742 0
3743 1
3744 0
3745 0
3746 0
3747 0
3748 0
3749 0
3750 1
3751 1
3752 0
3753 1
3754 0
3755 0
3756 0
3757 1
3758 0
3759 0
3760 0
3761 0
3762 1
3763 0
3764 0
3765 0
3766 1
3767 0
3768 0
3769 0
3770 1
3771 0
3772 1
3773 1
3774 0
3775 1
3776 0
3777 1
3778 1
3779 0
3780 0
3781 1
3782 0
3783 0
3784 0
3785 0
3786 0
3787 0
3788 0
3789 0
3790 0
3791 0
3792 1
3793 0
3794 1
3795 1
3796 0
3797 0
3798 0
3799 0
3800 0
3801 0
3802 0
3803 0
3804 0
3805 0
3806 0
3807 0
3808 1
3809 0
3810 0
3811 0
3812 0
3813 0
3814 1
3815 1
3816 0
3817 1
3818 1
3819 0
3820 0
3821 1
3822 1
3823 0
3824 0
3825 0
3826 1
3827 1
3828 0
3829 0
3830 0
3831 1
3832 0
3833 0
3834 1
3835 0
3836 0
3837 0
3838 1
3839 0
3840 1
3841 1
3842 0
3843 0
3844 0
3845 0
3846 0
3847 1
3848 0
3849 0
3850 0
3851 0
3852 0
3853 0
3854 0
3855 0
3856 0
3857 0
3858 0
3859 0
3860 0
3861 0
3862 0
3863 0
3864 0
3865 0
3866 0
3867 1
3868 0
3869 0
3870 0
3871 0
3872 0
3873 0
3874 1
3875 0
3876 0
3877 0
3878 0
3879 0
3880 0
3881 1
3882 1
3883 1
3884 0
3885 0
3886 0
3887 0
3888 0
3889 0
3890 0
3891 0
3892 0
3893 0
3894 0
3895 0
3896 1
3897 1
3898 0
3899 0
3900 0
3901 1
3902 0
3903 0
3904 0
3905 0
3906 0
3907 0
3908 0
3909 0
3910 0
3911 0
3912 1
3913 0
3914 0
3915 1
3916 0
3917 0
3918 0
3919 0
3920 1
3921 0
3922 0
3923 0
3924 0
3925 0
3926 0
3927 1
3928 0
3929 0
3930 0
3931 0
3932 0
3933 0
3934 0
3935 1
3936 0
3937 1
3938 1
3939 1
3940 1
3941 1
3942 0
3943 0
3944 0
3945 1
3946 1
3947 0
3948 1
3949 1
3950 1
3951 1
3952 0
3953 1
3954 0
3955 0
3956 0
3957 0
3958 0
3959 0
3960 0
3961 0
3962 0
3963 0
3964 0
3965 0
3966 0
3967 1
3968 0
3969 1
3970 0
3971 0
3972 0
3973 0
3974 0
3975 0
3976 0
3977 0
3978 0
3979 0
3980 1
3981 1
3982 1
3983 1
3984 1
3985 1
3986 0
3987 0
3988 0
3989 0
3990 1
3991 0
3992 0
3993 1
3994 1
3995 0
3996 0
3997 1
3998 0
3999 0
4000 0
4001 0
4002 0
4003 0
4004 1
4005 0
4006 0
4007 0
4008 0
4009 0
4010 0
4011 0
4012 1
4013 0
4014 0
4015 0
4016 0
4017 1
4018 0
4019 1
4020 0
4021 0
4022 0
4023 0
4024 1
4025 1
4026 1
4027 1
4028 1
4029 0
4030 0
4031 0
4032 0
4033 1
4034 0
4035 0
4036 0
4037 0
4038 1
4039 1
4040 1
4041 1
4042 0
4043 0
4044 1
4045 1
4046 1
4047 1
4048 1
4049 1
4050 1
4051 0
4052 0
4053 0
4054 1
4055 0
4056 1
4057 1
4058 1
4059 0
4060 0
4061 0
4062 1
4063 1
4064 1
4065 1
4066 0
4067 0
4068 0
4069 0
4070 1
4071 0
4072 0
4073 1
4074 0
4075 0
4076 0
4077 0
4078 0
4079 0
4080 0
4081 0
4082 0
4083 0
4084 0
4085 0
4086 0
4087 0
4088 0
4089 1
4090 0
4091 0
4092 1
4093 1
4094 1
4095 1
4096 0
4097 1
4098 1
4099 0
4100 0
4101 0
4102 0
4103 0
4104 0
4105 0
4106 0
4107 1
4108 0
4109 0
4110 0
4111 0
4112 0
4113 0
4114 0
4115 1
4116 0
4117 0
4118 0
4119 1
4120 0
4121 0
4122 0
4123 0
4124 0
4125 1
4126 0
4127 0
4128 1
4129 0
4130 0
4131 0
4132 0
4133 0
4134 1
4135 0
4136 0
4137 0
4138 0
4139 0
4140 0
4141 0
4142 0
4143 0
4144 1
4145 0
4146 0
4147 0
4148 0
4149 0
4150 0
4151 0
4152 0
4153 0
4154 0
4155 0
4156 1
4157 0
4158 0
4159 0
4160 0
4161 1
4162 0
4163 0
4164 0
4165 1
4166 0
4167 0
4168 0
4169 0
4170 1
4171 0
4172 0
4173 0
4174 0
4175 0
4176 0
4177 1
4178 0
4179 1
4180 0
4181 0
4182 0
4183 1
4184 0
4185 0
4186 1
4187 0
4188 1
4189 0
4190 1
4191 0
4192 0
4193 0
4194 0
4195 0
4196 1
4197 0
4198 0
4199 0
4200 0
4201 0
4202 0
4203 0
4204 0
4205 0
4206 0
4207 0
4208 1
4209 0
4210 0
4211 0
4212 0
4213 0
4214 0
4215 0
4216 0
4217 1
4218 1
4219 1
4220 0
4221 0
4222 0
4223 0
4224 0
4225 1
4226 1
4227 0
4228 1
4229 0
4230 0
4231 0
4232 1
4233 1
4234 1
4235 1
4236 1
4237 1
4238 0
4239 1
4240 0
4241 1
4242 1
4243 2
4244 1
4245 1
4246 0
4247 0
4248 0
4249 0
4250 1
4251 1
4252 1
4253 0
4254 0
4255 0
4256 1
4257 0
4258 0
4259 2
4260 0
4261 2
4262 0
4263 2
4264 0
4265 1
4266 1
4267 1
4268 1
4269 1
4270 1
4271 0
4272 0
4273 1
4274 0
4275 0
4276 0
4277 0
4278 0
4279 0
4280 0
4281 1
4282 0
4283 1
4284 0
4285 1
4286 1
4287 0
4288 0
4289 0
4290 0
4291 0
4292 1
4293 1
4294 0
4295 0
4296 1
4297 0
4298 1
4299 1
4300 0
4301 1
4302 1
4303 0
4304 0
4305 0
4306 1
4307 0
4308 0
4309 0
4310 1
4311 1
4312 1
4313 1
4314 0
4315 1
4316 1
4317 1
4318 1
4319 1
4320 0
4321 1
4322 0
4323 0
4324 0
4325 0
4326 0
4327 0
4328 0
4329 0
4330 0
4331 0
4332 0
4333 1
4334 0
4335 0
4336 0
4337 0
4338 1
4339 0
4340 0
4341 0
4342 1
4343 0
4344 1
4345 0
4346 0
4347 0
4348 1
4349 1
4350 0
4351 0
4352 1
4353 0
4354 1
4355 0
4356 1
4357 1
4358 0
4359 1
4360 0
4361 1
4362 0
4363 0
4364 0
4365 0
4366 1
4367 1
4368 1
4369 0
4370 1
4371 1
4372 0
4373 1
4374 0
4375 0
4376 0
4377 0
4378 1
4379 0
4380 1
4381 0
4382 1
4383 0
4384 0
4385 1
4386 0
4387 1
4388 0
4389 0
4390 0
4391 0
4392 0
4393 0
4394 0
4395 0
4396 0
4397 0
4398 0
4399 0
4400 1
4401 0
4402 1
4403 0
4404 0
4405 1
4406 0
4407 1
4408 0
4409 1
4410 0
4411 1
4412 1
4413 0
4414 0
4415 0
4416 0
4417 0
4418 0
4419 1
4420 0
4421 1
4422 1
4423 1
4424 0
4425 0
4426 0
4427 1
4428 1
4429 1
4430 0
4431 0
4432 0
4433 0
4434 1
4435 1
4436 1
4437 1
4438 1
4439 1
4440 1
4441 1
4442 0
4443 1
4444 1
4445 1
4446 1
4447 0
4448 1
4449 1
4450 0
4451 1
4452 1
4453 1
4454 1
4455 0
4456 0
4457 1
4458 1
4459 1
4460 0
4461 0
4462 0
4463 1
4464 0
4465 0
4466 0
4467 0
4468 0
4469 0
4470 0
4471 0
4472 0
4473 0
4474 0
4475 0
4476 1
4477 0
4478 1
4479 0
4480 1
4481 0
4482 0
4483 0
4484 0
4485 0
4486 0
4487 0
4488 0
4489 0
4490 0
4491 0
4492 0
4493 0
4494 0
4495 0
4496 0
4497 0
4498 0
4499 1
4500 0
4501 0
4502 0
4503 0
4504 0
4505 1
4506 0
4507 1
4508 0
4509 0
4510 0
4511 0
4512 0
4513 0
4514 0
4515 0
4516 0
4517 0
4518 0
4519 0
4520 1
4521 0
4522 1
4523 0
4524 0
4525 0
4526 1
4527 0
4528 0
4529 0
4530 1
4531 1
4532 1
4533 0
4534 0
4535 0
4536 1
4537 0
4538 0
4539 1
4540 0
4541 1
4542 0
4543 1
4544 0
4545 0
4546 1
4547 0
4548 1
4549 0
4550 0
4551 1
4552 0
4553 0
4554 1
4555 0
4556 0
4557 0
4558 1
4559 1
4560 0
4561 0
4562 0
4563 0
4564 1
4565 1
4566 0
4567 0
4568 0
4569 0
4570 0
4571 0
4572 0
4573 0
4574 1
4575 0
4576 1
4577 0
4578 0
4579 0
4580 0
4581 1
4582 0
4583 0
4584 0
4585 0
4586 1
4587 1
4588 0
4589 0
4590 0
4591 1
4592 0
4593 1
4594 1
4595 0
4596 0
4597 0
4598 0
4599 0
4600 0
4601 0
4602 0
4603 0
4604 0
4605 1
4606 0
4607 1
4608 1
4609 0
4610 1
4611 0
4612 1
4613 1
4614 0
4615 0
4616 1
4617 0
4618 0
4619 1
4620 1
4621 0
4622 1
4623 0
4624 0
4625 1
4626 1
4627 1
4628 0
4629 0
4630 0
4631 1
4632 0
4633 0
4634 0
4635 0
4636 0
4637 0
4638 0
4639 0
4640 0
4641 0
4642 0
4643 0
4644 0
4645 0
4646 0
4647 0
4648 0
4649 0
4650 0
4651 0
4652 0
4653 0
4654 0
4655 0
4656 0
4657 1
4658 0
4659 0
4660 0
4661 0
4662 1
4663 0
4664 1
4665 1
4666 1
4667 1
4668 0
4669 0
4670 0
4671 1
4672 0
4673 1
4674 0
4675 0
4676 1
4677 0
4678 0
4679 0
4680 0
4681 1
4682 0
4683 1
4684 1
4685 1
4686 1
4687 1
4688 1
4689 0
4690 0
4691 0
4692 0
4693 1
4694 0
4695 0
4696 0
4697 0
4698 0
4699 1
4700 1
4701 1
4702 1
4703 0
4704 0
4705 0
4706 0
4707 1
4708 0
4709 1
4710 0
4711 1
4712 0
4713 1
4714 0
4715 1
4716 0
4717 1
4718 1
4719 1
4720 0
4721 1
4722 0
4723 1
4724 0
4725 1
4726 1
4727 0
4728 1
4729 1
4730 1
4731 1
4732 1
4733 1
4734 0
4735 0
4736 1
4737 0
4738 0
4739 1
4740 0
4741 1
4742 0
4743 0
4744 0
4745 1
4746 1
4747 0
4748 0
4749 1
4750 0
4751 0
4752 0
4753 0
4754 1
4755 1
4756 1
4757 0
4758 1
4759 1
4760 0
4761 0
4762 1
4763 1
4764 1
4765 0
4766 0
4767 0
4768 0
4769 0
4770 0
4771 1
4772 0
4773 0
4774 1
4775 0
4776 1
4777 1
4778 0
4779 0
4780 0
4781 0
4782 0
4783 0
4784 0
4785 1
4786 1
4787 1
4788 0
4789 0
4790 0
4791 0
4792 0
4793 0
4794 0
4795 1
4796 0
4797 0
4798 0
4799 0
4800 0
4801 0
4802 0
4803 0
4804 0
4805 0
4806 0
4807 0
4808 0
4809 0
4810 0
4811 0
4812 0
4813 0
4814 0
4815 1
4816 1
4817 1
4818 0
4819 0
4820 1
4821 0
4822 0
4823 0
4824 1
4825 0
4826 0
4827 0
4828 1
4829 0
4830 0
4831 0
4832 0
4833 1
4834 1
4835 1
4836 0
4837 0
4838 0
4839 1
4840 0
4841 1
4842 0
4843 0
4844 0
4845 0
4846 0
4847 0
4848 0
4849 0
4850 0
4851 0
4852 0
4853 0
4854 0
4855 0
4856 0
4857 1
4858 0
4859 0
4860 0
4861 0
4862 0
4863 0
4864 0
4865 0
4866 0
4867 0
4868 0
4869 0
4870 0
4871 1
4872 0
4873 1
4874 1
4875 1
4876 0
4877 0
4878 0
4879 0
4880 1
4881 0
4882 1
4883 0
4884 1
4885 1
4886 0
4887 1
4888 1
4889 0
4890 1
4891 1
4892 0
4893 1
4894 1
4895 0
4896 1
4897 0
4898 1
4899 0
4900 0
4901 1
4902 0
4903 2
4904 0
4905 0
4906 0
4907 0
4908 0
4909 1
4910 0
4911 1
4912 0
4913 1
4914 1
4915 0
4916 0
4917 0
4918 0
4919 0
4920 1
4921 1
4922 0
4923 1
4924 1
4925 1
4926 1
4927 1
4928 0
4929 1
4930 0
4931 0
4932 1
4933 1
4934 0
4935 1
4936 0
4937 0
4938 0
4939 0
4940 0
4941 0
4942 0
4943 1
4944 0
4945 1
4946 0
4947 0
4948 1
4949 1
4950 0
4951 1
4952 1
4953 1
4954 1
4955 1
4956 1
4957 0
4958 0
4959 0
4960 0
4961 0
4962 0
4963 0
4964 0
4965 0
4966 0
4967 0
4968 0
4969 0
4970 0
4971 0
4972 1
4973 1
4974 0
4975 1
4976 1
4977 1
4978 0
4979 1
4980 1
4981 0
4982 1
4983 0
4984 1
4985 0
4986 1
4987 0
4988 0
4989 0
4990 0
4991 0
4992 0
4993 0
4994 0
4995 0
4996 0
4997 0
4998 0
4999 0
5000 0
5001 0
5002 0
5003 0
5004 0
5005 1
5006 0
5007 0
5008 0
5009 0
5010 0
5011 0
5012 0
5013 0
5014 0
5015 0
5016 0
5017 0
5018 1
5019 0
5020 0
5021 0
5022 0
5023 0
5024 0
5025 0
5026 0
5027 0
5028 0
5029 0
5030 0
5031 0
5032 0
5033 0
5034 0
5035 0
5036 0
5037 0
5038 0
5039 1
5040 0
5041 1
5042 0
5043 0
5044 0
5045 0
5046 0
5047 0
5048 0
5049 0
5050 0
5051 0
5052 0
5053 0
5054 0
5055 0
5056 0
5057 1
5058 0
5059 0
5060 0
5061 0
5062 0
5063 0
5064 0
5065 0
5066 1
5067 1
5068 0
5069 0
5070 1
5071 0
5072 0
5073 0
5074 1
5075 0
5076 0
5077 0
5078 1
5079 0
5080 0
5081 1
5082 0
5083 0
5084 0
5085 0
5086 1
5087 1
5088 0
5089 0
5090 0
5091 0
5092 0
5093 0
5094 0
5095 0
5096 0
5097 1
5098 1
5099 1
5100 1
5101 1
5102 0
5103 1
5104 0
5105 1
5106 1
5107 1
5108 1
5109 0
5110 0
5111 0
5112 1
5113 1
5114 0
5115 0
5116 1
5117 0
5118 0
5119 1
5120 0
5121 0
5122 0
5123 0
5124 1
5125 0
5126 1
5127 0
5128 1
5129 0
5130 0
5131 0
5132 0
5133 0
5134 0
5135 0
5136 1
5137 0
5138 0
5139 0
5140 0
5141 0
5142 0
5143 0
5144 0
5145 1
5146 0
5147 1
5148 0
5149 0
5150 0
5151 0
5152 0
5153 0
5154 0
5155 0
5156 0
5157 0
5158 0
5159 1
5160 1
5161 0
5162 0
5163 0
5164 1
5165 1
5166 1
5167 1
5168 1
5169 1
5170 1
5171 1
5172 0
5173 0
5174 0
5175 0
5176 0
5177 0
5178 0
5179 0
5180 0
5181 1
5182 0
5183 0
5184 0
5185 0
5186 1
5187 0
5188 1
5189 0
5190 0
5191 0
5192 1
5193 0
5194 0
5195 0
5196 0
5197 0
5198 0
5199 0
5200 0
5201 0
5202 0
5203 0
5204 0
5205 0
5206 0
5207 0
5208 0
5209 1
5210 0
5211 0
5212 0
5213 0
5214 0
5215 0
5216 0
5217 0
5218 0
5219 1
5220 0
5221 0
5222 0
5223 0
5224 0
5225 0
5226 0
5227 0
5228 0
5229 0
5230 0
5231 1
5232 0
5233 0
5234 0
5235 0
5236 0
5237 0
5238 0
5239 1
5240 0
5241 0
5242 0
5243 0
5244 0
5245 0
5246 0
5247 0
5248 1
5249 0
5250 0
5251 0
5252 0
5253 0
5254 0
5255 1
5256 0
5257 1
5258 0
5259 0
5260 0
5261 0
5262 1
5263 0
5264 0
5265 1
5266 1
5267 0
5268 1
5269 1
5270 0
5271 1
5272 1
5273 0
5274 0
5275 1
5276 1
5277 0
5278 0
5279 0
5280 0
5281 0
5282 0
5283 0
5284 0
5285 0
5286 0
5287 0
5288 0
5289 0
5290 1
5291 1
5292 0
5293 1
5294 0
5295 0
5296 0
5297 0
5298 0
5299 0
5300 0
5301 0
5302 0
5303 0
5304 0
5305 0
5306 0
5307 0
5308 1
5309 0
5310 0
5311 0
5312 1
5313 0
5314 1
5315 0
5316 0
5317 0
5318 0
5319 0
5320 0
5321 0
5322 1
5323 0
5324 1
5325 0
5326 0
5327 0
5328 0
5329 0
5330 1
5331 1
5332 0
5333 1
5334 1
5335 0
5336 1
5337 1
5338 1
5339 1
5340 0
5341 0
5342 0
5343 1
5344 0
5345 0
5346 1
5347 1
5348 2
5349 0
5350 0
5351 0
5352 0
5353 0
5354 0
5355 1
5356 1
5357 2
5358 2
5359 1
5360 0
5361 0
5362 0
5363 1
5364 0
5365 0
5366 1
5367 1
5368 0
5369 1
5370 1
5371 0
5372 0
5373 1
5374 1
5375 1
5376 1
5377 1
5378 1
5379 0
5380 0
5381 0
5382 0
5383 0
5384 1
5385 0
5386 1
5387 1
5388 1
5389 0
5390 0
5391 0
5392 0
5393 0
5394 1
5395 1
5396 1
5397 1
5398 1
5399 0
5400 0
5401 0
5402 0
5403 0
5404 0
5405 0
5406 0
5407 0
5408 0
5409 0
5410 0
5411 0
5412 0
5413 0
5414 0
5415 0
5416 0
5417 0
5418 0
5419 0
5420 1
5421 0
5422 2
5423 0
5424 1
5425 0
5426 0
5427 0
5428 0
5429 1
5430 0
5431 0
5432 0
5433 0
5434 0
5435 0
5436 0
5437 1
5438 1
5439 0
5440 0
5441 0
5442 0
5443 0
5444 0
5445 1
5446 1
5447 1
5448 0
5449 0
5450 1
5451 0
5452 0
5453 1
5454 1
5455 1
5456 1
5457 1
5458 1
5459 0
5460 0
5461 0
5462 0
5463 0
5464 1
5465 0
5466 1
5467 0
5468 1
5469 0
5470 0
5471 0
5472 1
5473 0
5474 0
5475 0
5476 0
5477 1
5478 0
5479 0
5480 1
5481 0
5482 1
5483 0
5484 0
5485 0
5486 0
5487 0
5488 0
5489 0
5490 0
5491 0
5492 1
5493 0
5494 1
5495 0
5496 1
5497 0
5498 1
5499 1
5500 0
5501 0
5502 1
5503 0
5504 0
5505 1
5506 0
5507 0
5508 0
5509 1
5510 0
5511 1
5512 0
5513 1
5514 1
5515 0
5516 1
5517 1
5518 0
5519 0
5520 0
5521 0
5522 0
5523 0
5524 1
5525 0
5526 0
5527 1
5528 0
5529 0
5530 0
5531 0
5532 1
5533 0
5534 0
5535 0
5536 0
5537 0
5538 1
5539 1
5540 0
5541 1
5542 1
5543 0
5544 0
5545 1
5546 1
5547 1
5548 1
5549 1
5550 1
5551 0
5552 0
5553 0
5554 1
5555 1
5556 0
5557 0
5558 0
5559 0
5560 0
5561 1
5562 0
5563 0
5564 0
5565 0
5566 0
5567 0
5568 1
5569 0
5570 0
5571 0
5572 1
5573 1
5574 1
5575 0
5576 1
5577 1
5578 0
5579 1
5580 1
5581 1
5582 0
5583 0
5584 0
5585 0
5586 0
5587 1
5588 1
5589 1
5590 1
5591 1
5592 1
5593 2
5594 2
5595 1
5596 1
5597 1
5598 1
5599 0
5600 2
5601 1
5602 1
5603 2
5604 1
5605 0
5606 0
5607 0
5608 0
5609 0
5610 0
5611 0
5612 0
5613 0
5614 0
5615 0
5616 1
5617 0
5618 0
5619 0
5620 0
5621 0
5622 0
5623 1
5624 0
5625 0
5626 0
5627 0
5628 0
5629 0
5630 0
5631 0
5632 0
5633 0
5634 0
5635 0
5636 0
5637 0
5638 0
5639 0
5640 0
5641 0
5642 0
5643 0
5644 0
5645 0
5646 0
5647 0
5648 0
5649 0
5650 0
5651 0
5652 0
5653 0
5654 0
5655 0
5656 0
5657 0
5658 0
5659 1
5660 0
5661 0
5662 0
5663 0
5664 0
5665 0
5666 0
5667 0
5668 0
5669 0
5670 0
5671 0
5672 0
5673 0
5674 0
5675 0
5676 0
5677 0
5678 0
5679 0
5680 0
5681 0
5682 0
5683 0
5684 1
5685 0
5686 0
5687 0
5688 0
5689 0
5690 0
5691 0
5692 0
5693 0
5694 0
5695 0
5696 0
5697 0
5698 0
5699 0
5700 0
5701 0
5702 0
5703 0
5704 0
5705 0
5706 0
5707 0
5708 0
5709 0
5710 0
5711 0
5712 0
5713 0
5714 0
5715 0
5716 0
5717 0
5718 0
5719 0
5720 0
5721 0
5722 0
5723 0
5724 0
5725 0
5726 0
5727 0
5728 0
5729 0
5730 1
5731 0
5732 1
5733 0
5734 2
5735 0
5736 1
5737 1
5738 1
5739 1
5740 1
5741 1
5742 1
5743 1
5744 0
5745 0
5746 0
5747 0
5748 0
5749 0
5750 0
5751 0
5752 0
5753 0
5754 0
5755 0
5756 1
5757 1
5758 0
5759 1
5760 0
5761 0
5762 1
5763 0
5764 0
5765 0
5766 0
5767 0
5768 1
5769 0
5770 1
5771 1
5772 1
5773 2
5774 0
5775 0
5776 0
5777 0
5778 1
5779 1
5780 1
5781 0
5782 0
5783 0
5784 1
5785 0
5786 0
5787 0
5788 0
5789 0
5790 0
5791 0
5792 1
5793 1
5794 0
5795 0
5796 0
5797 1
5798 0
5799 0
5800 1
5801 1
5802 0
5803 1
5804 1
5805 1
5806 0
5807 0
5808 1
5809 1
5810 0
5811 1
5812 0
5813 1
5814 0
5815 0
5816 0
5817 0
5818 0
5819 1
5820 1
5821 0
5822 1
5823 0
5824 0
5825 0
5826 1
5827 0
5828 1
5829 0
5830 0
5831 0
5832 0
5833 0
5834 1
5835 1
5836 0
5837 1
5838 0
5839 1
5840 0
5841 1
5842 0
5843 0
5844 0
5845 0
5846 0
5847 1
5848 0
5849 0
5850 0
5851 0
5852 0
5853 1
5854 0
5855 1
5856 0
5857 0
5858 1
5859 0
5860 0
5861 0
5862 1
5863 0
5864 1
5865 0
5866 0
5867 0
5868 0
5869 1
5870 1
5871 0
5872 0
5873 0
5874 0
5875 0
5876 0
5877 0
5878 0
5879 0
5880 1
5881 0
5882 0
5883 0
5884 0
5885 0
5886 0
5887 0
5888 0
5889 0
5890 0
5891 1
5892 1
5893 0
5894 1
5895 0
5896 1
5897 1
5898 1
5899 0
5900 0
5901 1
5902 1
5903 1
5904 0
5905 1
5906 0
5907 0
5908 0
5909 1
5910 1
5911 0
5912 0
5913 1
5914 0
5915 0
5916 0
5917 0
5918 1
5919 1
5920 1
5921 0
5922 0
5923 1
5924 0
5925 1
5926 2
5927 0
5928 2
5929 1
5930 0
5931 0
5932 1
5933 1
5934 1
5935 0
5936 2
5937 0
5938 1
5939 1
5940 0
5941 1
5942 0
5943 1
5944 1
5945 1
5946 0
5947 0
5948 1
5949 0
5950 1
5951 1
5952 0
5953 1
5954 1
5955 1
5956 1
5957 1
5958 0
5959 1
5960 0
5961 0
5962 0
5963 0
5964 1
5965 1
5966 0
5967 1
5968 1
5969 1
5970 2
5971 0
5972 1
5973 0
5974 1
5975 2
5976 0
5977 1
5978 0
5979 0
5980 1
5981 0
5982 0
5983 0
5984 1
5985 1
5986 0
5987 0
5988 0
5989 0
5990 0
5991 0
5992 0
5993 0
5994 0
5995 0
5996 0
5997 1
5998 0
5999 1
6000 0
6001 0
6002 0
6003 1
6004 1
6005 0
6006 0
6007 0
6008 0
6009 0
6010 0
6011 0
6012 0
6013 0
6014 1
6015 0
6016 0
6017 0
6018 0
6019 0
6020 0
6021 0
6022 0
6023 0
6024 0
6025 0
6026 1
6027 1
6028 0
6029 0
6030 0
6031 1
6032 0
6033 1
6034 0
6035 0
6036 0
6037 1
6038 0
6039 0
6040 0
6041 0
6042 0
6043 0
6044 0
6045 0
6046 1
6047 0
6048 1
6049 0
6050 0
6051 0
6052 0
6053 1
6054 0
6055 0
6056 0
6057 0
6058 0
6059 0
6060 0
6061 1
6062 0
6063 0
6064 0
6065 1
6066 0
6067 0
6068 0
6069 0
6070 0
6071 0
6072 0
6073 1
6074 0
6075 0
6076 1
6077 1
6078 0
6079 0
6080 1
6081 0
6082 0
6083 0
6084 0
6085 0
6086 0
6087 0
6088 0
6089 0
6090 0
6091 0
6092 0
6093 1
6094 0
6095 0
6096 1
6097 0
6098 0
6099 0
6100 0
6101 0
6102 0
6103 0
6104 0
6105 0
6106 0
6107 0
6108 0
6109 0
6110 0
6111 0
6112 0
6113 0
6114 0
6115 0
6116 0
6117 0
6118 0
6119 0
6120 0
6121 0
6122 0
6123 1
6124 0
6125 0
6126 0
6127 1
6128 0
6129 1
6130 0
6131 0
6132 0
6133 0
6134 1
6135 0
6136 1
6137 1
6138 0
6139 0
6140 0
6141 0
6142 1
6143 1
6144 1
6145 0
6146 2
6147 1
6148 0
6149 1
6150 0
6151 0
6152 1
6153 0
6154 0
6155 0
6156 0
6157 0
6158 0
6159 1
6160 0
6161 0
6162 0
6163 1
6164 1
6165 1
6166 0
6167 0
6168 0
6169 0
6170 0
6171 0
6172 0
6173 0
6174 0
6175 0
6176 0
6177 1
6178 1
6179 0
6180 0
6181 0
6182 0
6183 1
6184 0
6185 0
6186 0
6187 0
6188 0
6189 0
6190 1
6191 0
6192 0
6193 1
6194 0
6195 0
6196 0
6197 1
6198 1
6199 0
6200 0
6201 0
6202 0
6203 0
6204 0
6205 0
6206 0
6207 0
6208 0
6209 0
6210 0
6211 0
6212 0
6213 0
6214 0
6215 1
6216 1
6217 1
6218 0
6219 0
6220 1
6221 1
6222 0
6223 0
6224 1
6225 0
6226 0
6227 0
6228 0
6229 0
6230 0
6231 0
6232 0
6233 1
6234 0
6235 0
6236 0
6237 0
6238 0
6239 0
6240 0
6241 0
6242 0
6243 0
6244 0
6245 0
6246 0
6247 0
6248 1
6249 1
6250 0
6251 0
6252 0
6253 1
6254 0
6255 0
6256 0
6257 0
6258 0
6259 0
6260 0
6261 0
6262 0
6263 0
6264 0
6265 0
6266 0
6267 0
6268 0
6269 0
6270 1
6271 0
6272 0
6273 1
6274 0
6275 0
6276 0
6277 1
6278 0
6279 0
6280 0
6281 0
6282 0
6283 0
6284 0
6285 1
6286 0
6287 1
6288 0
6289 0
6290 1
6291 1
6292 0
6293 1
6294 0
6295 0
6296 0
6297 1
6298 1
6299 1
6300 0
6301 0
6302 0
6303 1
6304 0
6305 0
6306 0
6307 0
6308 1
6309 1
6310 0
6311 1
6312 0
6313 0
6314 0
6315 1
6316 0
6317 1
6318 0
6319 0
6320 0
6321 0
6322 0
6323 0
6324 0
6325 1
6326 0
6327 1
6328 0
6329 1
6330 1
6331 1
6332 0
6333 0
6334 0
6335 0
6336 1
6337 1
6338 0
6339 1
6340 0
6341 1
6342 0
6343 0
6344 0
6345 0
6346 0
6347 1
6348 0
6349 1
6350 0
6351 0
6352 1
6353 0
6354 0
6355 0
6356 0
6357 0
6358 1
6359 0
6360 0
6361 0
6362 0
6363 0
6364 0
6365 1
6366 0
6367 1
6368 1
6369 1
6370 0
6371 0
6372 0
6373 0
6374 0
6375 0
6376 0
6377 0
6378 1
6379 1
6380 0
6381 0
6382 1
6383 1
6384 0
6385 1
6386 1
6387 1
6388 1
6389 1
6390 0
6391 0
6392 1
6393 0
6394 1
6395 1
6396 0
6397 0
6398 0
6399 0
6400 0
6401 0
6402 0
6403 0
6404 1
6405 1
6406 0
6407 1
6408 0
6409 0
6410 0
6411 1
6412 0
6413 1
6414 1
6415 0
6416 0
6417 0
6418 0
6419 0
6420 0
6421 0
6422 1
6423 0
6424 0
6425 0
6426 0
6427 0
6428 0
6429 0
6430 0
6431 0
6432 1
6433 0
6434 0
6435 0
6436 0
6437 0
6438 0
6439 1
6440 0
6441 0
6442 0
6443 0
6444 0
6445 0
6446 0
6447 0
6448 0
6449 0
6450 1
6451 0
6452 0
6453 0
6454 0
6455 0
6456 0
6457 0
6458 0
6459 0
6460 0
6461 0
6462 0
6463 0
6464 0
6465 0
6466 1
6467 0
6468 0
6469 0
6470 0
6471 0
6472 0
6473 0
6474 0
6475 0
6476 0
6477 0
6478 0
6479 0
6480 0
6481 0
6482 0
6483 0
6484 0
6485 0
6486 0
6487 0
6488 0
6489 0
6490 0
6491 0
6492 0
6493 0
6494 0
6495 0
6496 0
6497 1
6498 1
6499 0
6500 0
6501 0
6502 0
6503 0
6504 0
6505 0
6506 0
6507 1
6508 0
6509 0
6510 0
6511 0
6512 0
6513 0
6514 0
6515 0
6516 0
6517 0
6518 0
6519 0
6520 0
6521 0
6522 0
6523 0
6524 0
6525 0
6526 0
6527 0
6528 0
6529 0
6530 0
6531 0
6532 1
6533 0
6534 0
6535 0
6536 0
6537 0
6538 0
6539 0
6540 0
6541 1
6542 0
6543 0
6544 0
6545 0
6546 0
6547 1
6548 0
6549 0
6550 0
6551 1
6552 0
6553 1
6554 1
6555 0
6556 0
6557 1
6558 0
6559 0
6560 0
6561 0
6562 0
6563 0
6564 0
6565 0
6566 0
6567 0
6568 0
6569 0
6570 0
6571 1
6572 0
6573 0
6574 0
6575 0
6576 0
6577 0
6578 0
6579 0
6580 0
6581 0
6582 0
6583 0
6584 0
6585 0
6586 0
6587 0
6588 0
6589 0
6590 0
6591 0
6592 0
6593 1
6594 0
6595 0
6596 0
6597 0
6598 0
6599 0
6600 0
6601 0
6602 0
6603 0
6604 0
6605 0
6606 0
6607 1
6608 0
6609 0
6610 0
6611 1
6612 1
6613 0
6614 1
6615 0
6616 1
6617 0
6618 1
6619 0
6620 0
6621 0
6622 1
6623 1
6624 0
6625 1
6626 0
6627 1
6628 1
6629 0
6630 0
6631 1
6632 0
6633 1
6634 0
6635 0
6636 0
6637 0
6638 0
6639 0
6640 0
6641 1
6642 0
6643 0
6644 0
6645 0
6646 0
6647 0
6648 0
6649 2
6650 2
6651 0
6652 0
6653 0
6654 0
6655 1
6656 0
6657 0
6658 0
6659 0
6660 0
6661 0
6662 0
6663 0
6664 1
6665 0
6666 1
6667 1
6668 0
6669 0
6670 0
6671 1
6672 0
6673 0
6674 0
6675 0
6676 0
6677 0
6678 0
6679 0
6680 0
6681 0
6682 0
6683 0
6684 0
6685 1
6686 1
6687 1
6688 0
6689 0
6690 1
6691 0
6692 1
6693 1
6694 0
6695 0
6696 0
6697 0
6698 1
6699 0
6700 0
6701 1
6702 0
6703 1
6704 0
6705 0
6706 0
6707 0
6708 0
6709 0
6710 1
6711 0
6712 1
6713 0
6714 0
6715 1
6716 0
6717 0
6718 0
6719 0
6720 0
6721 0
6722 0
6723 0
6724 0
6725 0
6726 0
6727 0
6728 0
6729 0
6730 1
6731 0
6732 1
6733 1
6734 1
6735 1
6736 0
6737 0
6738 0
6739 1
6740 0
6741 0
6742 0
6743 0
6744 0
6745 0
6746 0
6747 0
6748 0
6749 0
6750 0
6751 0
6752 0
6753 0
6754 0
6755 1
6756 1
6757 0
6758 0
6759 1
6760 0
6761 0
6762 0
6763 0
6764 1
6765 1
6766 0
6767 0
6768 0
6769 0
6770 0
6771 0
6772 0
6773 0
6774 0
6775 0
6776 0
6777 0
6778 0
6779 0
6780 1
6781 0
6782 1
6783 0
6784 0
6785 0
6786 0
6787 0
6788 0
6789 0
6790 1
6791 0
6792 1
6793 1
6794 1
6795 1
6796 1
6797 0
6798 1
6799 0
6800 0
6801 1
6802 1
6803 0
6804 1
6805 1
6806 0
6807 0
6808 0
6809 0
6810 0
6811 1
6812 0
6813 0
6814 0
6815 0
6816 0
6817 0
6818 0
6819 0
6820 0
6821 0
6822 0
6823 0
6824 1
6825 0
6826 0
6827 0
6828 0
6829 1
6830 1
6831 0
6832 0
6833 0
6834 0
6835 0
6836 0
6837 1
6838 1
6839 1
6840 0
6841 0
6842 1
6843 0
6844 1
6845 0
6846 1
6847 0
6848 0
6849 0
6850 0
6851 0
6852 0
6853 0
6854 0
6855 1
6856 0
6857 0
6858 0
6859 1
6860 0
6861 0
6862 1
6863 1
6864 1
6865 1
6866 2
6867 1
6868 1
6869 1
6870 1
6871 2
6872 2
6873 1
6874 1
6875 1
6876 2
6877 1
6878 2
6879 1
6880 2
6881 0
6882 1
6883 2
6884 1
6885 2
6886 1
6887 0
6888 2
6889 2
6890 3
6891 2
6892 1
6893 1
6894 1
6895 1
6896 0
6897 0
6898 1
6899 0
6900 0
6901 1
6902 0
6903 1
6904 0
6905 1
6906 0
6907 1
6908 1
6909 0
6910 0
6911 0
6912 0
6913 0
6914 1
6915 1
6916 0
6917 0
6918 0
6919 0
6920 1
6921 0
6922 0
6923 0
6924 1
6925 2
6926 2
6927 2
6928 1
6929 0
6930 1
6931 1
6932 1
6933 2
6934 2
6935 1
6936 1
6937 2
6938 3
6939 1
6940 2
6941 1
6942 1
6943 2
6944 2
6945 1
6946 1
6947 1
6948 1
6949 1
6950 1
6951 2
6952 2
6953 3
6954 1
6955 1
6956 2
6957 1
6958 1
6959 1
6960 2
6961 1
6962 2
6963 2
6964 0
6965 3
6966 1
6967 1
6968 2
6969 1
6970 1
6971 1
6972 2
6973 1
6974 1
6975 1
6976 2
6977 1
6978 1
6979 1
6980 3
6981 0
6982 2
6983 2
6984 3
6985 0
6986 1
6987 0
6988 1
6989 0
6990 0
6991 0
6992 0
6993 1
6994 1
6995 0
6996 0
6997 1
6998 1
6999 0
7000 0
7001 0
7002 0
7003 0
7004 0
7005 0
7006 0
7007 1
7008 0
7009 1
7010 0
7011 0
7012 0
7013 2
7014 2
7015 2
7016 1
7017 1
7018 1
7019 2
7020 1
7021 1
7022 1
7023 3
7024 1
7025 1
7026 1
7027 0
7028 1
7029 0
7030 1
7031 1
7032 0
7033 1
7034 1
7035 0
7036 0
7037 1
7038 2
7039 0
7040 2
7041 0
7042 0
7043 2
7044 2
7045 2
7046 2
7047 2
7048 1
7049 2
7050 2
7051 0
7052 1
7053 1
7054 0
7055 1
7056 1
7057 1
7058 2
7059 0
7060 2
7061 1
7062 2
7063 1
7064 1
7065 2
7066 0
7067 2
7068 0
7069 2
7070 1
7071 1
7072 3
7073 1
7074 2
7075 2
7076 2
7077 3
7078 1
7079 1
7080 1
7081 1
7082 1
7083 1
7084 1
7085 1
7086 1
7087 0
7088 1
7089 1
7090 1
7091 2
7092 1
7093 2
7094 1
7095 1
7096 0
7097 0
7098 1
7099 2
7100 3
7101 2
7102 1
7103 2
7104 1
7105 1
7106 1
7107 1
7108 1
7109 1
7110 0
7111 1
7112 1
7113 1
7114 2
7115 1
7116 2
7117 0
7118 2
7119 0
7120 1
7121 2
7122 1
7123 1
7124 2
7125 2
7126 3
7127 1
7128 2
7129 1
7130 3
7131 1
7132 1
7133 2
7134 1
7135 2
7136 1
7137 2
7138 1
7139 2
7140 1
7141 1
7142 3
7143 3
7144 1
7145 2
7146 2
7147 2
7148 1
7149 1
7150 2
7151 2
7152 1
7153 2
7154 2
7155 1
7156 2
7157 2
7158 0
7159 2
7160 3
7161 1
7162 1
7163 1
7164 0
7165 2
7166 1
7167 2
7168 0
7169 3
7170 1
7171 2
7172 1
7173 2
7174 2
7175 0
7176 0
7177 2
7178 1
7179 2
7180 1
7181 3
7182 0
7183 0
7184 1
7185 1
7186 1
7187 2
7188 1
7189 1
7190 1
7191 2
7192 1
7193 3
7194 1
7195 1
7196 1
7197 1
7198 2
7199 1
7200 0
7201 1
7202 2
7203 2
7204 2
7205 1
7206 1
7207 0
7208 0
7209 0
7210 0
7211 1
7212 0
7213 0
7214 3
7215 2
7216 1
7217 0
7218 2
7219 2
7220 1
7221 1
7222 2
7223 1
7224 1
7225 2
7226 1
7227 1
7228 2
7229 1
7230 2
7231 1
7232 1
7233 2
7234 2
7235 1
7236 0
7237 2
7238 1
7239 0
7240 1
7241 2
7242 2
7243 1
7244 2
7245 1
7246 2
7247 2
7248 1
7249 1
7250 0
7251 1
7252 2
7253 2
7254 2
7255 1
7256 0
7257 1
7258 0
7259 0
7260 1
7261 1
7262 1
7263 2
7264 0
7265 1
7266 0
7267 1
7268 1
7269 1
7270 0
7271 0
7272 0
7273 0
7274 0
7275 0
7276 0
7277 0
7278 0
7279 1
7280 0
7281 1
7282 1
7283 0
7284 0
7285 0
7286 0
7287 0
7288 0
7289 0
7290 0
7291 1
7292 0
7293 0
7294 1
7295 0
7296 0
7297 0
7298 0
7299 0
7300 0
7301 0
7302 0
7303 2
7304 0
7305 1
7306 0
7307 1
7308 0
7309 1
7310 1
7311 1
7312 1
7313 0
7314 1
7315 1
7316 2
7317 2
7318 2
7319 1
7320 0
7321 1
7322 1
7323 1
7324 0
7325 3
7326 2
7327 1
7328 2
7329 2
7330 2
7331 1
7332 1
7333 1
7334 2
7335 1
7336 3
7337 1
7338 3
7339 2
7340 1
7341 0
7342 1
7343 1
7344 1
7345 2
7346 1
7347 1
7348 1
7349 2
7350 1
7351 1
7352 0
7353 1
7354 0
7355 0
7356 0
7357 1
7358 1
7359 2
7360 2
7361 1
7362 1
7363 1
7364 1
7365 2
7366 2
7367 2
7368 1
7369 1
7370 2
7371 1
7372 1
7373 2
7374 2
7375 1
7376 2
7377 2
7378 1
7379 2
7380 0
7381 2
7382 1
7383 1
7384 0
7385 1
7386 1
7387 1
7388 1
7389 1
7390 1
7391 1
7392 1
7393 1
7394 1
7395 2
7396 1
7397 0
7398 2
7399 1
7400 1
7401 2
7402 2
7403 1
7404 0
7405 1
7406 0
7407 1
7408 1
7409 1
7410 1
7411 0
7412 1
7413 2
7414 2
7415 1
7416 0
7417 1
7418 2
7419 1
7420 1
7421 0
7422 2
7423 2
7424 2
7425 1
7426 1
7427 1
7428 2
7429 2
7430 1
7431 1
7432 1
7433 2
7434 1
7435 1
7436 1
7437 1
7438 2
7439 1
7440 0
7441 2
7442 1
7443 1
7444 2
7445 1
7446 0
7447 2
7448 2
7449 1
7450 1
7451 2
7452 2
7453 2
7454 2
7455 2
7456 1
7457 0
7458 2
7459 2
7460 1
7461 1
7462 3
7463 1
7464 2
7465 1
7466 1
7467 1
7468 3
7469 1
7470 2
7471 3
7472 2
7473 0
7474 0
7475 0
7476 3
7477 0
7478 2
7479 0
7480 2
7481 1
7482 2
7483 0
7484 0
7485 1
7486 1
7487 3
7488 1
7489 1
7490 1
7491 1
7492 0
7493 1
7494 2
7495 2
7496 1
7497 2
7498 2
7499 2
7500 1
7501 1
7502 0
7503 2
7504 2
7505 0
7506 2
7507 2
7508 2
7509 2
7510 2
7511 1
7512 3
7513 1
7514 1
7515 0
7516 1
7517 1
7518 1
7519 1
7520 1
7521 1
7522 1
7523 1
7524 2
7525 2
7526 2
7527 2
7528 2
7529 0
7530 1
7531 0
7532 3
7533 0
7534 1
7535 0
7536 2
7537 1
7538 0
7539 1
7540 2
7541 2
7542 2
7543 2
7544 0
7545 0
7546 1
7547 1
7548 1
7549 1
7550 1
7551 1
7552 2
7553 1
7554 1
7555 2
7556 2
7557 1
7558 0
7559 1
7560 1
7561 2
7562 1
7563 1
7564 2
7565 1
7566 1
7567 2
7568 2
7569 2
7570 1
7571 0
7572 2
7573 1
7574 1
7575 1
7576 2
7577 1
7578 1
7579 2
7580 1
7581 2
7582 1
7583 1
7584 1
7585 1
7586 2
7587 1
7588 2
7589 2
7590 1
7591 0
7592 1
7593 1
7594 0
7595 2
7596 2
7597 1
7598 1
7599 1
7600 0
7601 2
7602 1
7603 2
7604 1
7605 2
7606 1
7607 0
7608 2
7609 1
7610 2
7611 0
7612 2
7613 2
7614 1
7615 2
7616 2
7617 2
7618 0
7619 1
7620 2
7621 2
7622 1
7623 3
7624 1
7625 2
7626 0
7627 2
7628 1
7629 1
7630 2
7631 1
7632 2
7633 2
7634 2
7635 2
7636 2
7637 2
7638 2
7639 1
7640 1
7641 2
7642 1
7643 0
7644 1
7645 1
7646 0
7647 2
7648 2
7649 1
7650 2
7651 0
7652 1
7653 2
7654 2
7655 0
7656 1
7657 1
7658 2
7659 1
7660 1
7661 1
7662 2
7663 2
7664 1
7665 2
7666 2
7667 1
7668 1
7669 1
7670 1
7671 1
7672 0
7673 3
7674 2
7675 2
7676 1
7677 2
7678 1
7679 1
7680 1
7681 2
7682 2
7683 1
7684 2
7685 1
7686 2
7687 1
7688 1
7689 0
7690 1
7691 2
7692 1
7693 2
7694 0
7695 1
7696 1
7697 2
7698 1
7699 0
7700 1
7701 2
7702 2
7703 2
7704 2
7705 1
7706 1
7707 1
7708 1
7709 2
7710 1
7711 1
7712 2
7713 2
7714 3
7715 2
7716 1
7717 2
7718 0
7719 1
7720 1
7721 2
7722 2
7723 1
7724 1
7725 2
7726 2
7727 2
7728 2
7729 2
7730 2
7731 2
7732 2
7733 2
7734 0
7735 2
7736 1
7737 2
7738 1
7739 1
7740 0
7741 1
7742 2
7743 1
7744 1
7745 0
7746 2
7747 2
7748 2
7749 2
7750 2
7751 2
7752 1
7753 1
7754 2
7755 1
7756 1
7757 2
7758 2
7759 3
7760 1
7761 1
7762 0
7763 1
7764 1
7765 1
7766 1
7767 2
7768 0
7769 2
7770 2
7771 3
7772 1
7773 1
7774 1
7775 1
7776 0
7777 1
7778 2
7779 3
7780 0
7781 0
7782 2
7783 2
7784 2
7785 0
7786 1
7787 0
7788 1
7789 2
7790 2
7791 1
7792 0
7793 1
7794 1
7795 1
7796 1
7797 1
7798 2
7799 1
7800 1
7801 1
7802 1
7803 1
7804 2
7805 1
7806 0
7807 1
7808 1
7809 0
7810 0
7811 0
7812 0
7813 0
7814 1
7815 2
7816 2
7817 0
7818 1
7819 2
7820 2
7821 2
7822 1
7823 2
7824 1
7825 1
7826 2
7827 0
7828 2
7829 2
7830 2
7831 2
7832 2
7833 2
7834 2
7835 2
7836 3
7837 2
7838 2
7839 1
7840 2
7841 2
7842 1
7843 1
7844 1
7845 2
7846 2
7847 1
7848 0
7849 1
7850 1
7851 1
7852 1
7853 1
7854 2
7855 0
7856 0
7857 0
7858 2
7859 1
7860 2
7861 1
7862 2
7863 1
7864 1
7865 1
7866 2
7867 2
7868 3
7869 2
7870 1
7871 2
7872 2
7873 2
7874 1
7875 1
7876 2
7877 2
7878 3
7879 1
7880 0
7881 2
7882 2
7883 1
7884 2
7885 0
7886 2
7887 0
7888 1
7889 1
7890 2
7891 1
7892 1
7893 1
7894 1
7895 1
7896 0
7897 1
7898 1
7899 2
7900 1
7901 1
7902 1
7903 1
7904 2
7905 2
7906 2
7907 1
7908 1
7909 0
7910 1
7911 1
7912 1
7913 1
7914 2
7915 1
7916 1
7917 1
7918 0
7919 1
7920 1
7921 2
7922 1
7923 2
7924 2
7925 0
7926 1
7927 1
7928 2
7929 2
7930 2
7931 1
7932 1
7933 2
7934 2
7935 2
7936 2
7937 1
7938 1
7939 1
7940 1
7941 2
7942 1
7943 3
7944 1
7945 0
7946 1
7947 1
7948 1
7949 2
7950 1
7951 1
7952 1
7953 1
7954 0
7955 1
7956 1
7957 1
7958 2
7959 2
7960 2
7961 2
7962 2
7963 2
7964 1
7965 0
7966 1
7967 2
7968 1
7969 2
7970 2
7971 1
7972 2
7973 2
7974 0
7975 1
7976 1
7977 2
7978 2
7979 0
7980 2
7981 1
7982 2
7983 2
7984 2
7985 2
7986 1
7987 2
7988 0
7989 1
7990 2
7991 0
7992 1
7993 2
7994 1
7995 0
7996 1
7997 0
7998 2
7999 2
8000 0
8001 2
8002 2
8003 2
8004 1
8005 1
8006 1
8007 1
8008 2
8009 1
8010 1
8011 1
8012 1
8013 2
8014 1
8015 2
8016 0
8017 2
8018 1
8019 2
8020 2
8021 1
8022 1
8023 2
8024 1
8025 2
8026 0
8027 1
8028 1
8029 1
8030 1
8031 0
8032 2
8033 2
8034 1
8035 0
8036 0
8037 1
8038 2
8039 0
8040 1
8041 2
8042 1
8043 2
8044 1
8045 2
8046 1
8047 2
8048 0
8049 0
8050 2
8051 2
8052 1
8053 1
8054 0
8055 0
8056 0
8057 2
8058 1
8059 1
8060 2
8061 2
8062 2
8063 2
8064 0
8065 0
8066 1
8067 0
8068 2
8069 2
8070 0
8071 1
8072 2
8073 1
8074 2
8075 1
8076 2
8077 1
8078 1
8079 3
8080 1
8081 1
8082 1
8083 2
8084 1
8085 1
8086 1
8087 2
8088 2
8089 1
8090 2
8091 2
8092 2
8093 1
8094 1
8095 0
8096 1
8097 1
8098 1
8099 2
8100 2
8101 2
8102 2
8103 1
8104 2
8105 2
8106 2
8107 1
8108 1
8109 2
8110 0
8111 0
8112 2
8113 0
8114 0
8115 1
8116 2
8117 2
8118 2
8119 1
8120 2
8121 1
8122 2
8123 0
8124 1
8125 3
8126 2
8127 1
8128 1
8129 0
8130 1
8131 2
8132 1
8133 0
8134 1
8135 1
8136 1
8137 2
8138 1
8139 1
8140 2
8141 1
8142 2
8143 1
8144 0
8145 0
8146 1
8147 0
8148 2
8149 1
8150 0
8151 0
8152 2
8153 1
8154 1
8155 1
8156 1
8157 0
8158 1
8159 1
8160 1
8161 2
8162 1
8163 1
8164 1
8165 2
8166 1
8167 1
8168 1
8169 0
8170 1
8171 1
8172 1
8173 0
8174 0
8175 0
8176 1
8177 0
8178 1
8179 1
8180 1
8181 0
8182 1
8183 1
8184 0
8185 1
8186 1
8187 0
8188 1
8189 0
8190 0
8191 1
8192 1
8193 0
8194 0
8195 0
8196 0
8197 0
8198 0
8199 1
8200 0
8201 0
8202 0
8203 1
8204 1
8205 0
8206 0
8207 1
8208 0
8209 0
8210 1
8211 0
8212 0
8213 0
8214 0
8215 0
8216 1
8217 1
8218 1
8219 0
8220 1
8221 1
8222 0
8223 1
8224 0
8225 1
8226 0
8227 1
8228 1
8229 1
8230 0
8231 1
8232 1
8233 1
8234 0
8235 0
8236 0
8237 0
8238 1
8239 1
8240 1
8241 0
8242 1
8243 1
8244 0
8245 0
8246 0
8247 0
8248 1
8249 0
8250 0
8251 0
8252 0
8253 0
8254 1
8255 0
8256 0
8257 0
8258 0
8259 0
8260 0
8261 0
8262 0
8263 0
8264 0
8265 0
8266 0
8267 0
8268 0
8269 0
8270 1
8271 0
8272 1
8273 0
8274 1
8275 0
8276 0
8277 0
8278 0
8279 0
8280 0
8281 0
8282 1
8283 1
8284 0
8285 1
8286 1
8287 0
8288 0
8289 1
8290 0
8291 0
8292 0
8293 1
8294 1
8295 1
8296 1
8297 1
8298 1
8299 0
8300 0
8301 0
8302 0
8303 1
8304 1
8305 0
8306 0
8307 0
8308 1
8309 0
8310 0
8311 0
8312 0
8313 1
8314 0
8315 0
8316 0
8317 0
8318 0
8319 0
8320 1
8321 0
8322 1
8323 0
8324 0
8325 0
8326 1
8327 0
8328 0
8329 0
8330 0
8331 0
8332 0
8333 0
8334 0
8335 0
8336 1
8337 0
8338 0
8339 0
8340 0
8341 0
8342 0
8343 0
8344 0
8345 0
8346 0
8347 1
8348 0
8349 0
8350 0
8351 0
8352 0
8353 0
8354 0
8355 0
8356 0
8357 0
8358 0
8359 0
8360 0
8361 0
8362 1
8363 0
8364 0
8365 0
8366 1
8367 1
8368 0
8369 0
8370 0
8371 1
8372 0
8373 0
8374 0
8375 0
8376 1
8377 1
8378 0
8379 0
8380 0
8381 1
8382 1
8383 0
8384 1
8385 0
8386 0
8387 1
8388 1
8389 1
8390 1
8391 1
8392 1
8393 1
8394 1
8395 0
8396 1
8397 0
8398 0
8399 1
8400 0
8401 1
8402 0
8403 1
8404 1
8405 1
8406 1
8407 0
8408 1
8409 0
8410 1
8411 1
8412 0
8413 1
8414 1
8415 1
8416 1
8417 1
8418 0
8419 1
8420 1
8421 1
8422 0
8423 1
8424 1
8425 1
8426 0
8427 1
8428 0
8429 0
8430 1
8431 0
8432 0
8433 0
8434 1
8435 0
8436 1
8437 1
8438 0
8439 0
8440 1
8441 1
8442 1
8443 0
8444 0
8445 0
8446 0
8447 0
8448 0
8449 0
8450 0
8451 0
8452 0
8453 1
8454 1
8455 1
8456 0
8457 0
8458 1
8459 0
8460 1
8461 1
8462 0
8463 1
8464 1
8465 0
8466 1
8467 1
8468 0
8469 0
8470 1
8471 1
8472 0
8473 0
8474 0
8475 0
8476 1
8477 0
8478 1
8479 0
8480 0
8481 0
8482 0
8483 0
8484 0
8485 0
8486 1
8487 1
8488 1
8489 0
8490 0
8491 0
8492 1
8493 0
8494 0
8495 0
8496 0
8497 0
8498 1
8499 1
8500 0
8501 1
8502 0
8503 0
8504 0
8505 0
8506 0
8507 1
8508 0
8509 1
8510 0
8511 1
8512 0
8513 1
8514 1
8515 0
8516 1
8517 0
8518 0
8519 0
8520 0
8521 0
8522 0
8523 0
8524 0
8525 0
8526 1
8527 0
8528 1
8529 0
8530 0
8531 0
8532 0
8533 0
8534 0
8535 0
8536 0
8537 0
8538 0
8539 1
8540 0
8541 1
8542 0
8543 0
8544 0
8545 1
8546 0
8547 0
8548 0
8549 0
8550 0
8551 0
8552 1
8553 0
8554 0
8555 0
8556 0
8557 0
8558 0
8559 0
8560 0
8561 0
8562 0
8563 0
8564 1
8565 1
8566 0
8567 0
8568 0
8569 0
8570 0
8571 0
8572 0
8573 0
8574 0
8575 1
8576 0
8577 0
8578 1
8579 0
8580 0
8581 1
8582 1
8583 0
8584 0
8585 0
8586 0
8587 0
8588 1
8589 0
8590 1
8591 1
8592 1
8593 1
8594 1
8595 1
8596 0
8597 0
8598 1
8599 1
8600 0
8601 1
8602 0
8603 0
8604 1
8605 0
8606 1
8607 0
8608 1
8609 1
8610 1
8611 0
8612 1
8613 0
8614 1
8615 0
8616 1
8617 1
8618 0
8619 0
8620 0
8621 0
8622 0
8623 0
8624 0
8625 1
8626 1
8627 1
8628 1
8629 1
8630 0
8631 0
8632 0
8633 0
8634 1
8635 1
8636 1
8637 1
8638 0
8639 2
8640 0
8641 1
8642 1
8643 1
8644 0
8645 1
8646 0
8647 1
8648 0
8649 0
8650 0
8651 1
8652 1
8653 1
8654 1
8655 1
8656 2
8657 1
8658 1
8659 1
8660 0
8661 1
8662 1
8663 1
8664 1
8665 1
8666 1
8667 1
8668 1
8669 0
8670 0
8671 1
8672 1
8673 0
8674 0
8675 0
8676 0
8677 1
8678 0
8679 0
8680 0
8681 0
8682 1
8683 0
8684 0
8685 1
8686 0
8687 1
8688 1
8689 1
8690 1
8691 0
8692 0
8693 1
8694 0
8695 1
8696 1
8697 0
8698 0
8699 1
8700 0
8701 0
8702 0
8703 0
8704 1
8705 0
8706 1
8707 0
8708 0
8709 0
8710 0
8711 0
8712 0
8713 1
8714 0
8715 0
8716 0
8717 0
8718 1
8719 0
8720 0
8721 0
8722 1
8723 1
8724 0
8725 1
8726 1
8727 0
8728 1
8729 1
8730 0
8731 0
8732 0
8733 0
8734 1
8735 1
8736 0
8737 1
8738 1
8739 0
8740 1
8741 0
8742 1
8743 0
8744 0
8745 0
8746 1
8747 1
8748 0
8749 1
8750 0
8751 1
8752 0
8753 1
8754 0
8755 1
8756 1
8757 1
8758 0
8759 0
8760 1
8761 1
8762 0
8763 1
8764 0
8765 0
8766 1
8767 0
8768 0
8769 0
8770 1
8771 1
8772 0
8773 1
8774 1
8775 1
8776 0
8777 1
8778 0
8779 1
8780 0
8781 1
8782 1
8783 0
8784 1
8785 1
8786 0
8787 0
8788 1
8789 0
8790 1
8791 1
8792 0
8793 1
8794 0
8795 0
8796 0
8797 0
8798 0
8799 1
8800 0
8801 0
8802 1
8803 1
8804 1
8805 2
8806 1
8807 1
8808 1
8809 0
8810 1
8811 0
8812 0
8813 0
8814 1
8815 1
8816 0
8817 1
8818 1
8819 1
8820 1
8821 0
8822 0
8823 1
8824 1
8825 1
8826 0
8827 0
8828 1
8829 0
8830 1
8831 0
8832 1
8833 0
8834 0
8835 0
8836 0
8837 1
8838 0
8839 0
8840 1
8841 0
8842 1
8843 0
8844 1
8845 0
8846 0
8847 0
8848 1
8849 1
8850 0
8851 1
8852 1
8853 0
8854 1
8855 0
8856 0
8857 1
8858 0
8859 0
8860 0
8861 0
8862 0
8863 0
8864 0
8865 0
8866 0
8867 0
8868 0
8869 0
8870 0
8871 0
8872 0
8873 0
8874 0
8875 0
8876 1
8877 1
8878 1
8879 1
8880 1
8881 0
8882 1
8883 1
8884 0
8885 0
8886 1
8887 0
8888 1
8889 1
8890 1
8891 0
8892 1
8893 1
8894 0
8895 1
8896 0
8897 0
8898 0
8899 1
8900 1
8901 0
8902 0
8903 0
8904 1
8905 0
8906 0
8907 0
8908 0
8909 0
8910 0
8911 0
8912 0
8913 0
8914 0
8915 1
8916 0
8917 0
8918 0
8919 1
8920 0
8921 0
8922 0
8923 0
8924 0
8925 0
8926 1
8927 0
8928 1
8929 0
8930 0
8931 0
8932 0
8933 0
8934 1
8935 1
8936 0
8937 1
8938 1
8939 0
8940 0
8941 1
8942 0
8943 0
8944 0
8945 1
8946 0
8947 1
8948 1
8949 0
8950 1
8951 1
8952 0
8953 1
8954 0
8955 1
8956 1
8957 0
8958 1
8959 1
8960 1
8961 1
8962 1
8963 1
8964 0
8965 0
8966 0
8967 1
8968 1
8969 1
8970 1
8971 1
8972 0
8973 1
8974 1
8975 0
8976 0
8977 0
8978 1
8979 0
8980 0
8981 1
8982 1
8983 0
8984 1
8985 0
8986 1
8987 0
8988 1
8989 0
8990 0
8991 0
8992 1
8993 1
8994 0
8995 0
8996 0
8997 0
8998 1
8999 0
9000 0
9001 0
9002 0
9003 1
9004 1
9005 1
9006 0
9007 0
9008 0
9009 0
9010 1
9011 0
9012 0
9013 0
9014 0
9015 1
9016 0
9017 0
9018 0
9019 0
9020 0
9021 0
9022 0
9023 0
9024 0
9025 1
9026 0
9027 0
9028 0
9029 1
9030 0
9031 1
9032 0
9033 0
9034 0
9035 0
9036 0
9037 0
9038 0
9039 0
9040 0
9041 0
9042 1
9043 0
9044 0
9045 0
9046 0
9047 0
9048 0
9049 0
9050 0
9051 0
9052 0
9053 0
9054 0
9055 0
9056 0
9057 0
9058 1
9059 0
9060 1
9061 0
9062 1
9063 0
9064 1
9065 0
9066 0
9067 0
9068 0
9069 0
9070 0
9071 1
9072 0
9073 0
9074 1
9075 0
9076 0
9077 1
9078 0
9079 1
9080 1
9081 1
9082 1
9083 0
9084 0
9085 0
9086 0
9087 1
9088 0
9089 0
9090 0
9091 0
9092 0
9093 0
9094 0
9095 0
9096 0
9097 0
9098 0
9099 0
9100 0
9101 0
9102 1
9103 1
9104 1
9105 0
9106 0
9107 0
9108 1
9109 1
9110 0
9111 1
9112 1
9113 0
9114 0
9115 0
9116 0
9117 1
9118 0
9119 1
9120 1
9121 0
9122 1
9123 1
9124 1
9125 1
9126 0
9127 1
9128 1
9129 0
9130 0
9131 1
9132 1
9133 0
9134 0
9135 0
9136 0
9137 0
9138 1
9139 0
9140 0
9141 0
9142 0
9143 0
9144 0
9145 0
9146 0
9147 0
9148 0
9149 0
9150 0
9151 0
9152 1
9153 0
9154 0
9155 0
9156 1
9157 0
9158 1
9159 0
9160 0
9161 0
9162 0
9163 1
9164 1
9165 1
9166 0
9167 0
9168 0
9169 0
9170 0
9171 0
9172 0
9173 0
9174 0
9175 0
9176 0
9177 0
9178 0
9179 0
9180 0
9181 0
9182 0
9183 1
9184 1
9185 1
9186 0
9187 0
9188 0
9189 0
9190 0
9191 0
9192 0
9193 1
9194 1
9195 0
9196 1
9197 1
9198 1
9199 1
9200 0
9201 0
9202 0
9203 0
9204 1
9205 0
9206 0
9207 0
9208 0
9209 0
9210 0
9211 0
9212 1
9213 1
9214 0
9215 1
9216 1
9217 1
9218 1
9219 1
9220 0
9221 0
9222 0
9223 0
9224 0
9225 1
9226 1
9227 1
9228 1
9229 0
9230 1
9231 0
9232 1
9233 0
9234 0
9235 0
9236 0
9237 0
9238 1
9239 0
9240 1
9241 0
9242 0
9243 0
9244 0
9245 0
9246 0
9247 0
9248 0
9249 0
9250 0
9251 0
9252 0
9253 1
9254 1
9255 1
9256 1
9257 1
9258 0
9259 0
9260 0
9261 1
9262 1
9263 0
9264 1
9265 1
9266 0
9267 0
9268 0
9269 0
9270 0
9271 0
9272 0
9273 1
9274 0
9275 0
9276 0
9277 0
9278 0
9279 0
9280 0
9281 0
9282 1
9283 0
9284 1
9285 0
9286 0
9287 1
9288 0
9289 0
9290 1
9291 1
9292 0
9293 0
9294 0
9295 0
9296 1
9297 1
9298 0
9299 1
9300 1
9301 1
9302 1
9303 0
9304 1
9305 1
9306 0
9307 0
9308 1
9309 1
9310 0
9311 0
9312 0
9313 1
9314 1
9315 0
9316 0
9317 0
9318 0
9319 0
9320 0
9321 1
9322 0
9323 1
9324 0
9325 0
9326 0
9327 0
9328 0
9329 1
9330 1
9331 0
9332 0
9333 0
9334 0
9335 0
9336 0
9337 0
9338 0
9339 0
9340 0
9341 0
9342 0
9343 0
9344 0
9345 0
9346 0
9347 0
9348 0
9349 0
9350 0
9351 0
9352 0
9353 0
9354 0
9355 0
9356 0
9357 0
9358 0
9359 0
9360 0
9361 0
9362 0
9363 0
9364 0
9365 0
9366 0
9367 0
9368 0
9369 0
9370 0
9371 0
9372 0
9373 0
9374 0
9375 0
9376 0
9377 0
9378 1
9379 0
9380 0
9381 0
9382 0
9383 0
9384 0
9385 0
9386 0
9387 0
9388 0
9389 0
9390 0
9391 0
9392 0
9393 0
9394 0
9395 0
9396 0
9397 0
9398 0
9399 0
9400 0
9401 0
9402 0
9403 0
9404 0
9405 0
9406 0
9407 0
9408 1
9409 0
9410 0
9411 0
9412 0
9413 1
9414 0
9415 0
9416 0
9417 0
9418 0
9419 1
9420 0
9421 0
9422 0
9423 0
9424 0
9425 1
9426 0
9427 0
9428 0
9429 0
9430 1
9431 1
9432 0
9433 0
9434 0
9435 0
9436 1
9437 0
9438 0
9439 0
9440 0
9441 0
9442 0
9443 1
9444 0
9445 0
9446 1
9447 1
9448 0
9449 1
9450 2
9451 0
9452 1
9453 1
9454 1
9455 1
9456 0
9457 1
9458 0
9459 0
9460 1
9461 0
9462 1
9463 0
9464 0
9465 0
9466 0
9467 0
9468 0
9469 0
9470 0
9471 0
9472 0
9473 0
9474 1
9475 0
9476 0
9477 0
9478 0
9479 0
9480 1
9481 0
9482 1
9483 0
9484 0
9485 1
9486 0
9487 0
9488 0
9489 1
9490 1
9491 0
9492 1
9493 0
9494 1
9495 0
9496 1
9497 0
9498 0
9499 1
9500 0
9501 0
9502 0
9503 0
9504 0
9505 0
9506 0
9507 1
9508 0
9509 1
9510 0
9511 0
9512 0
9513 0
9514 0
9515 0
9516 0
9517 1
9518 1
9519 1
9520 0
9521 0
9522 0
9523 1
9524 0
9525 0
9526 0
9527 0
9528 0
9529 0
9530 0
9531 0
9532 0
9533 0
9534 0
9535 0
9536 1
9537 0
9538 0
9539 1
9540 0
9541 0
9542 1
9543 1
9544 1
9545 1
9546 0
9547 1
9548 0
9549 0
9550 1
9551 1
9552 1
9553 1
9554 1
9555 1
9556 0
9557 1
9558 1
9559 0
9560 0
9561 1
9562 1
9563 0
9564 2
9565 2
9566 2
9567 2
9568 1
9569 0
9570 3
9571 0
9572 2
9573 1
9574 0
9575 2
9576 1
9577 2
9578 0
9579 1
9580 1
9581 2
9582 3
9583 2
9584 1
9585 0
9586 0
9587 1
9588 0
9589 0
9590 1
9591 0
9592 0
9593 1
9594 0
9595 0
9596 0
9597 0
9598 0
9599 1
9600 1
9601 0
9602 0
9603 0
9604 0
9605 0
9606 0
9607 1
9608 0
9609 0
9610 0
9611 0
9612 0
9613 0
9614 1
9615 1
9616 0
9617 0
9618 0
9619 0
9620 0
9621 0
9622 0
9623 0
9624 0
9625 1
9626 0
9627 1
9628 1
9629 0
9630 0
9631 0
9632 0
9633 0
9634 0
9635 0
9636 0
9637 0
9638 0
9639 0
9640 0
9641 0
9642 0
9643 1
9644 1
9645 0
9646 0
9647 0
9648 1
9649 1
9650 0
9651 1
9652 0
9653 1
9654 0
9655 0
9656 0
9657 0
9658 0
9659 0
9660 0
9661 1
9662 0
9663 0
9664 1
9665 0
9666 0
9667 0
9668 1
9669 0
9670 0
9671 0
9672 0
9673 0
9674 0
9675 0
9676 0
9677 0
9678 0
9679 0
9680 1
9681 1
9682 1
9683 0
9684 0
9685 0
9686 0
9687 0
9688 1
9689 1
9690 1
9691 0
9692 0
9693 2
9694 1
9695 0
9696 2
9697 2
9698 1
9699 2
9700 1
9701 2
9702 2
9703 1
9704 1
9705 0
9706 1
9707 1
9708 0
9709 0
9710 0
9711 0
9712 0
9713 0
9714 1
9715 1
9716 0
9717 0
9718 0
9719 0
9720 1
9721 0
9722 0
9723 0
9724 0
9725 0
9726 0
9727 0
9728 0
9729 2
9730 0
9731 0
9732 0
9733 0
9734 0
9735 0
9736 0
9737 0
9738 0
9739 1
9740 1
9741 0
9742 1
9743 1
9744 1
9745 1
9746 0
9747 0
9748 0
9749 1
9750 0
9751 1
9752 0
9753 0
9754 0
9755 0
9756 0
9757 0
9758 0
9759 0
9760 0
9761 0
9762 0
9763 0
9764 0
9765 0
9766 0
9767 1
9768 0
9769 0
9770 0
9771 0
9772 0
9773 0
9774 1
9775 0
9776 0
9777 0
9778 0
9779 0
9780 0
9781 0
9782 1
9783 0
9784 0
9785 1
9786 0
9787 0
9788 0
9789 1
9790 1
9791 0
9792 1
9793 1
9794 0
9795 0
9796 0
9797 0
9798 1
9799 1
9800 0
9801 0
9802 0
9803 0
9804 1
9805 1
9806 0
9807 0
9808 0
9809 0
9810 1
9811 1
9812 0
9813 0
9814 0
9815 2
9816 1
9817 1
9818 0
9819 2
9820 2
9821 1
9822 1
9823 2
9824 1
9825 1
9826 1
9827 2
9828 2
9829 2
9830 1
9831 1
9832 0
9833 2
9834 1
9835 2
9836 1
9837 1
9838 1
9839 1
9840 2
9841 1
9842 1
9843 1
9844 2
9845 2
9846 1
9847 1
9848 1
9849 1
9850 2
9851 2
9852 1
9853 1
9854 2
9855 2
9856 1
9857 1
9858 1
9859 1
9860 2
9861 0
9862 2
9863 2
9864 0
9865 1
9866 2
9867 1
9868 1
9869 1
9870 1
9871 1
9872 2
9873 2
9874 2
9875 2
9876 1
9877 1
9878 2
9879 1
9880 2
9881 2
9882 1
9883 1
9884 2
9885 1
9886 2
9887 0
9888 2
9889 1
9890 1
9891 1
9892 2
9893 1
9894 1
9895 1
9896 0
9897 1
9898 0
9899 0
9900 2
9901 1
9902 0
9903 1
9904 0
9905 1
9906 1
9907 1
9908 2
9909 1
9910 1
9911 1
9912 0
9913 1
9914 1
9915 1
9916 1
9917 2
9918 1
9919 0
9920 1
9921 1
9922 1
9923 1
9924 2
9925 2
9926 2
9927 1
9928 1
9929 0
9930 1
9931 1
9932 1
9933 1
9934 1
9935 2
9936 1
9937 1
9938 2
9939 1
9940 0
9941 2
9942 0
9943 1
9944 1
9945 1
9946 2
9947 0
9948 0
9949 1
9950 2
9951 2
9952 0
9953 1
9954 0
9955 0
9956 1
9957 0
9958 1
9959 2
9960 2
9961 2
9962 1
9963 2
9964 2
9965 1
9966 0
9967 1
9968 0
9969 2
9970 0
9971 2
9972 0
9973 1
9974 0
9975 3
9976 0
9977 1
9978 3
9979 2
9980 2
9981 0
9982 1
9983 1
9984 2
9985 1
9986 1
9987 1
9988 0
9989 2
9990 1
9991 2
9992 1
9993 1
9994 1
9995 0
9996 0
9997 2
9998 1
9999 0
10000 1
10001 1
