1 1
2 1
3 2
4 0
5 1
6 0
7 1
8 2
9 1
10 2
11 0
12 0
13 1
14 0
15 0
16 1
17 0
18 2
19 0
20 1
21 1
22 0
23 0
24 1
25 1
26 1
27 0
28 0
29 1
30 2
31 1
32 2
33 2
34 0
35 1
36 1
37 1
38 1
39 0
40 1
41 2
42 1
43 1
44 1
45 1
46 1
47 0
48 1
49 1
50 0
51 0
52 1
53 1
54 2
55 1
56 0
57 1
58 1
59 1
60 2
61 1
62 1
63 1
64 1
65 0
66 1
67 1
68 1
69 0
70 1
71 2
72 1
73 1
74 0
75 2
76 2
77 1
78 1
79 0
80 2
81 2
82 1
83 1
84 0
85 0
86 1
87 1
88 0
89 2
90 1
91 1
92 0
93 1
94 1
95 1
96 0
97 0
98 1
99 0
100 2
101 2
102 1
103 0
104 1
105 2
106 0
107 2
108 0
109 1
110 1
111 0
112 1
113 0
114 1
115 1
116 2
117 1
118 1
119 1
120 2
121 0
122 1
123 1
124 0
125 2
126 1
127 0
128 1
129 0
130 0
131 1
132 1
133 1
134 1
135 1
136 2
137 1
138 1
139 1
140 1
141 1
142 2
143 0
144 0
145 1
146 1
147 1
148 0
149 1
150 1
151 1
152 1
153 1
154 2
155 1
156 1
157 1
158 1
159 0
160 0
161 1
162 1
163 1
164 0
165 0
166 1
167 0
168 1
169 1
170 1
171 0
172 1
173 0
174 0
175 0
176 0
177 0
178 0
179 0
180 0
181 0
182 0
183 0
184 0
185 0
186 0
187 0
188 0
189 0
190 0
191 0
192 0
193 0
194 0
195 0
196 0
197 0
198 0
199 0
200 0
201 0
202 0
203 1
204 0
205 0
206 0
207 0
208 1
209 0
210 1
211 0
212 2
213 1
214 1
215 1
216 1
217 1
218 1
219 1
220 1
221 0
222 0
223 1
224 0
225 0
226 1
227 1
228 0
229 1
230 1
231 0
232 2
233 1
234 1
235 2
236 1
237 2
238 1
239 0
240 1
241 1
242 1
243 0
244 1
245 1
246 2
247 1
248 1
249 0
250 0
251 2
252 1
253 1
254 0
255 1
256 0
257 1
258 1
259 0
260 1
261 0
262 1
263 1
264 0
265 1
266 0
267 1
268 0
269 2
270 0
271 1
272 1
273 2
274 1
275 0
276 1
277 1
278 1
279 2
280 1
281 1
282 0
283 1
284 1
285 1
286 0
287 0
288 1
289 2
290 1
291 0
292 1
293 2
294 1
295 0
296 1
297 1
298 1
299 1
300 1
301 1
302 0
303 1
304 1
305 1
306 0
307 2
308 1
309 1
310 0
311 1
312 1
313 0
314 0
315 1
316 0
317 1
318 1
319 1
320 2
321 0
322 2
323 0
324 1
325 2
326 1
327 1
328 1
329 1
330 1
331 0
332 1
333 0
334 1
335 1
336 1
337 1
338 0
339 0
340 1
341 1
342 1
343 1
344 1
345 1
346 1
347 1
348 1
349 1
350 1
351 1
352 0
353 1
354 1
355 1
356 1
357 2
358 1
359 1
360 1
361 0
362 1
363 1
364 0
365 1
366 1
367 1
368 1
369 1
370 2
371 1
372 1
373 2
374 0
375 2
376 0
377 1
378 0
379 0
380 1
381 1
382 0
383 1
384 0
385 1
386 0
387 2
388 1
389 2
390 0
391 1
392 0
393 0
394 0
395 1
396 2
397 1
398 1
399 1
400 1
401 0
402 1
403 1
404 0
405 0
406 1
407 1
408 1
409 2
410 2
411 1
412 1
413 0
414 1
415 2
416 1
417 2
418 1
419 0
420 2
421 1
422 0
423 0
424 2
425 1
426 1
427 0
428 2
429 1
430 1
431 1
432 0
433 1
434 2
435 1
436 1
437 0
438 0
439 1
440 2
441 1
442 1
443 1
444 1
445 1
446 1
447 1
448 1
449 1
450 1
451 2
452 2
453 2
454 1
455 1
456 1
457 1
458 0
459 0
460 0
461 1
462 2
463 1
464 1
465 0
466 1
467 0
468 0
469 0
470 0
471 1
472 0
473 1
474 0
475 0
476 1
477 0
478 1
479 1
480 0
481 0
482 0
483 1
484 1
485 1
486 2
487 2
488 1
489 2
490 1
491 1
492 1
493 0
494 1
495 2
496 1
497 1
498 1
499 0
500 1
501 1
502 2
503 1
504 1
505 1
506 1
507 1
508 2
509 1
510 0
511 2
512 1
513 0
514 1
515 1
516 0
517 1
518 2
519 1
520 2
521 0
522 1
523 0
524 1
525 0
526 1
527 0
528 0
529 1
530 0
531 2
532 0
533 2
534 1
535 1
536 2
537 0
538 1
539 0
540 1
541 1
542 1
543 2
544 0
545 1
546 2
547 1
548 2
549 1
550 1
551 1
552 2
553 2
554 1
555 1
556 1
557 2
558 1
559 2
560 0
561 1
562 0
563 0
564 1
565 2
566 1
567 1
568 1
569 1
570 2
571 1
572 1
573 0
574 1
575 1
576 0
577 0
578 1
579 1
580 2
581 1
582 1
583 1
584 1
585 1
586 0
587 1
588 1
589 0
590 0
591 1
592 0
593 0
594 1
595 1
596 0
597 2
598 0
599 1
600 0
601 1
602 0
603 2
604 1
605 0
606 1
607 2
608 1
609 1
610 1
611 1
612 1
613 1
614 0
615 1
616 1
617 1
618 1
619 1
620 1
621 1
622 2
623 1
624 1
625 1
626 1
627 1
628 1
629 2
630 1
631 1
632 0
633 1
634 2
635 1
636 1
637 2
638 1
639 1
640 1
641 0
642 0
643 1
644 0
645 1
646 1
647 0
648 1
649 1
650 1
651 1
652 0
653 1
654 2
655 1
656 1
657 1
658 1
659 0
660 0
661 1
662 1
663 1
664 1
665 0
666 0
667 1
668 1
669 2
670 1
671 1
672 2
673 1
674 2
675 1
676 1
677 0
678 1
679 2
680 2
681 1
682 0
683 0
684 2
685 1
686 1
687 0
688 0
689 1
690 1
691 0
692 0
693 1
694 1
695 1
696 0
697 1
698 2
699 1
700 1
701 0
702 2
703 1
704 1
705 1
706 1
707 0
708 1
709 1
710 0
711 0
712 1
713 0
714 1
715 0
716 0
717 1
718 0
719 2
720 1
721 0
722 2
723 1
724 1
725 1
726 1
727 1
728 1
729 1
730 1
731 1
732 1
733 1
734 2
735 0
736 0
737 1
738 0
739 0
740 0
741 1
742 0
743 1
744 1
745 1
746 1
747 0
748 1
749 1
750 0
751 1
752 1
753 1
754 1
755 2
756 0
757 2
758 1
759 2
760 1
761 1
762 2
763 1
764 1
765 0
766 1
767 1
768 1
769 0
770 1
771 1
772 0
773 0
774 1
775 1
776 2
777 0
778 0
779 1
780 1
781 0
782 1
783 0
784 0
785 1
786 1
787 1
788 0
789 1
790 0
791 1
792 1
793 1
794 1
795 1
796 1
797 1
798 1
799 1
800 1
801 1
802 0
803 0
804 0
805 1
806 1
807 1
808 1
809 1
810 0
811 1
812 1
813 0
814 1
815 0
816 1
817 1
818 2
819 0
820 0
821 2
822 0
823 1
824 1
825 2
826 0
827 1
828 1
829 0
830 2
831 1
832 0
833 1
834 2
835 1
836 0
837 1
838 1
839 0
840 1
841 2
842 1
843 0
844 0
845 2
846 1
847 1
848 1
849 1
850 0
851 1
852 2
853 1
854 1
855 1
856 1
857 1
858 0
859 0
860 0
861 1
862 2
863 0
864 0
865 1
866 1
867 2
868 1
869 2
870 1
871 1
872 2
873 0
874 0
875 0
876 0
877 1
878 1
879 0
880 0
881 1
882 0
883 1
884 1
885 1
886 2
887 0
888 1
889 1
890 2
891 2
892 0
893 1
894 1
895 2
896 0
897 1
898 1
899 0
900 1
901 2
902 1
903 1
904 0
905 2
906 1
907 0
908 1
909 0
910 0
911 2
912 1
913 0
914 1
915 1
916 1
917 1
918 1
919 1
920 1
921 0
922 1
923 1
924 1
925 1
926 1
927 0
928 1
929 1
930 0
931 1
932 0
933 1
934 0
935 0
936 1
937 0
938 0
939 1
940 0
941 0
942 0
943 1
944 0
945 1
946 1
947 2
948 1
949 0
950 1
951 1
952 2
953 2
954 1
955 0
956 0
957 1
958 2
959 1
960 0
961 1
962 1
963 1
964 1
965 1
966 1
967 1
968 1
969 0
970 1
971 1
972 1
973 0
974 1
975 1
976 1
977 1
978 2
979 1
980 0
981 2
982 2
983 0
984 1
985 1
986 1
987 0
988 2
989 0
990 1
991 1
992 0
993 1
994 1
995 0
996 2
997 0
998 1
999 0
1000 1
1001 1
1002 0
1003 0
1004 1
1005 2
1006 1
1007 0
1008 1
1009 1
1010 0
1011 0
1012 0
1013 1
1014 1
1015 0
1016 0
1017 1
1018 1
1019 1
1020 1
1021 0
1022 1
1023 0
1024 1
1025 0
1026 1
1027 0
1028 1
1029 2
1030 1
1031 0
1032 0
1033 1
1034 1
1035 1
1036 0
1037 1
1038 1
1039 1
1040 2
1041 2
1042 1
1043 2
1044 1
1045 2
1046 0
1047 0
1048 2
1049 1
1050 1
1051 2
1052 1
1053 0
1054 1
1055 1
1056 1
1057 0
1058 1
1059 1
1060 1
1061 1
1062 0
1063 1
1064 0
1065 1
1066 0
1067 1
1068 2
1069 0
1070 1
1071 0
1072 1
1073 1
1074 1
1075 0
1076 1
1077 1
1078 0
1079 1
1080 1
1081 1
1082 1
1083 1
1084 1
1085 2
1086 1
1087 1
1088 2
1089 1
1090 1
1091 2
1092 0
1093 1
1094 0
1095 1
1096 0
1097 1
1098 0
1099 1
1100 2
1101 1
1102 1
1103 1
1104 1
1105 1
1106 1
1107 1
1108 1
1109 1
1110 1
1111 1
1112 0
1113 0
1114 1
1115 1
1116 1
1117 2
1118 0
1119 0
1120 1
1121 1
1122 1
1123 2
1124 1
1125 0
1126 2
1127 0
1128 0
1129 1
1130 1
1131 0
1132 0
1133 1
1134 0
1135 1
1136 0
1137 0
1138 1
1139 1
1140 2
1141 1
1142 0
1143 1
1144 0
1145 1
1146 1
1147 1
1148 0
1149 1
1150 0
1151 0
1152 1
1153 1
1154 1
1155 1
1156 1
1157 1
1158 1
1159 1
1160 1
1161 1
1162 1
1163 0
1164 2
1165 1
1166 2
1167 1
1168 1
1169 0
1170 2
1171 0
1172 1
1173 1
1174 1
1175 1
1176 2
1177 0
1178 0
1179 1
1180 0
1181 0
1182 1
1183 1
1184 1
1185 1
1186 0
1187 1
1188 1
1189 1
1190 1
1191 1
1192 1
1193 0
1194 1
1195 1
1196 1
1197 1
1198 1
1199 0
1200 1
1201 0
1202 1
1203 0
1204 1
1205 1
1206 1
1207 1
1208 0
1209 1
1210 1
1211 1
1212 0
1213 1
1214 1
1215 1
1216 2
1217 2
1218 0
1219 0
1220 1
1221 1
1222 0
1223 0
1224 0
1225 1
1226 0
1227 1
1228 0
1229 1
1230 1
1231 1
1232 1
1233 1
1234 1
1235 1
1236 0
1237 0
1238 1
1239 2
1240 0
1241 1
1242 1
1243 2
1244 0
1245 1
1246 1
1247 1
1248 0
1249 1
1250 1
1251 1
1252 0
1253 0
1254 1
1255 0
1256 1
1257 1
1258 1
1259 1
1260 1
1261 1
1262 1
1263 1
1264 0
1265 1
1266 0
1267 0
1268 0
1269 1
1270 2
1271 1
1272 1
1273 1
1274 0
1275 1
1276 0
1277 0
1278 1
1279 1
1280 0
1281 0
1282 1
1283 1
1284 1
1285 1
1286 1
1287 1
1288 0
1289 1
1290 0
1291 0
1292 1
1293 2
1294 2
1295 0
1296 1
1297 1
1298 2
1299 1
1300 0
1301 0
1302 1
1303 1
1304 1
1305 2
1306 2
1307 0
1308 2
1309 1
1310 0
1311 0
1312 1
1313 1
1314 0
1315 2
1316 2
1317 0
1318 1
1319 0
1320 2
1321 1
1322 0
1323 1
1324 2
1325 1
1326 0
1327 0
1328 0
1329 1
1330 2
1331 1
1332 1
1333 2
1334 0
1335 0
1336 1
1337 0
1338 0
1339 1
1340 1
1341 1
1342 0
1343 0
1344 2
1345 1
1346 0
1347 1
1348 0
1349 1
1350 1
1351 1
1352 1
1353 1
1354 1
1355 0
1356 1
1357 2
1358 1
1359 1
1360 1
1361 1
1362 1
1363 1
1364 0
1365 0
1366 0
1367 0
1368 0
1369 1
1370 2
1371 0
1372 2
1373 1
1374 2
1375 1
1376 0
1377 1
1378 2
1379 1
1380 1
1381 2
1382 0
1383 0
1384 1
1385 0
1386 1
1387 1
1388 1
1389 0
1390 0
1391 1
1392 0
1393 0
1394 1
1395 0
1396 1
1397 1
1398 0
1399 1
1400 0
1401 1
1402 0
1403 0
1404 0
1405 2
1406 1
1407 1
1408 1
1409 1
1410 1
1411 1
1412 2
1413 1
1414 1
1415 0
1416 1
1417 1
1418 1
1419 1
1420 0
1421 2
1422 0
1423 1
1424 0
1425 0
1426 1
1427 1
1428 0
1429 1
1430 1
1431 1
1432 0
1433 0
1434 0
1435 0
1436 0
1437 0
1438 0
1439 0
1440 0
1441 0
1442 0
1443 0
1444 0
1445 0
1446 0
1447 0
1448 0
1449 0
1450 0
1451 0
1452 0
1453 0
1454 0
1455 0
1456 0
1457 0
1458 0
1459 0
1460 1
1461 1
1462 1
1463 1
1464 0
1465 2
1466 1
1467 1
1468 2
1469 1
1470 0
1471 1
1472 1
1473 1
1474 0
1475 1
1476 0
1477 0
1478 1
1479 1
1480 1
1481 1
1482 0
1483 1
1484 2
1485 1
1486 0
1487 0
1488 1
1489 1
1490 2
1491 1
1492 0
1493 1
1494 1
1495 1
1496 0
1497 2
1498 1
1499 1
1500 1
1501 1
1502 1
1503 0
1504 1
1505 0
1506 1
1507 1
1508 1
1509 1
1510 1
1511 1
1512 1
1513 0
1514 1
1515 1
1516 2
1517 0
1518 1
1519 1
1520 1
1521 0
1522 1
1523 1
1524 1
1525 1
1526 0
1527 2
1528 2
1529 0
1530 1
1531 1
1532 1
1533 1
1534 1
1535 1
1536 1
1537 1
1538 0
1539 2
1540 1
1541 1
1542 1
1543 1
1544 1
1545 1
1546 2
1547 1
1548 0
1549 0
1550 1
1551 2
1552 1
1553 2
1554 1
1555 0
1556 2
1557 1
1558 1
1559 1
1560 2
1561 0
1562 1
1563 0
1564 1
1565 2
1566 2
1567 1
1568 1
1569 0
1570 1
1571 0
1572 1
1573 1
1574 1
1575 2
1576 0
1577 1
1578 1
1579 1
1580 2
1581 1
1582 1
1583 0
1584 0
1585 1
1586 1
1587 2
1588 1
1589 1
1590 0
1591 1
1592 1
1593 1
1594 0
1595 0
1596 1
1597 2
1598 2
1599 0
1600 0
1601 1
1602 0
1603 1
1604 1
1605 1
1606 1
1607 2
1608 0
1609 1
1610 1
1611 0
1612 1
1613 1
1614 1
1615 0
1616 1
1617 1
1618 0
1619 2
1620 1
1621 1
1622 0
1623 1
1624 1
1625 1
1626 1
1627 0
1628 1
1629 1
1630 1
1631 0
1632 1
1633 1
1634 1
1635 1
1636 0
1637 1
1638 0
1639 0
1640 0
1641 0
1642 0
1643 0
1644 1
1645 1
1646 2
1647 1
1648 1
1649 1
1650 1
1651 1
1652 1
1653 1
1654 1
1655 1
1656 1
1657 0
1658 1
1659 1
1660 1
1661 1
1662 1
1663 0
1664 0
1665 0
1666 1
1667 0
1668 1
1669 0
1670 2
1671 2
1672 1
1673 1
1674 0
1675 1
1676 2
1677 0
1678 2
1679 2
1680 2
1681 1
1682 1
1683 2
1684 2
1685 1
1686 2
1687 1
1688 1
1689 2
1690 1
1691 1
1692 1
1693 1
1694 1
1695 1
1696 1
1697 1
1698 0
1699 1
1700 1
1701 1
1702 1
1703 0
1704 1
1705 1
1706 0
1707 1
1708 2
1709 1
1710 2
1711 1
1712 1
1713 1
1714 2
1715 1
1716 0
1717 1
1718 2
1719 1
1720 1
1721 0
1722 0
1723 0
1724 2
1725 2
1726 1
1727 1
1728 1
1729 2
1730 1
1731 2
1732 1
1733 1
1734 0
1735 2
1736 2
1737 2
1738 1
1739 1
1740 1
1741 2
1742 0
1743 2
1744 1
1745 1
1746 2
1747 0
1748 1
1749 0
1750 1
1751 1
1752 1
1753 1
1754 2
1755 0
1756 1
1757 1
1758 1
1759 0
1760 0
1761 0
1762 1
1763 0
1764 1
1765 1
1766 0
1767 1
1768 1
1769 1
1770 1
1771 2
1772 1
1773 1
1774 0
1775 1
1776 0
1777 1
1778 1
1779 1
1780 2
1781 1
1782 1
1783 1
1784 1
1785 1
1786 2
1787 2
1788 1
1789 0
1790 2
1791 1
1792 1
1793 0
1794 1
1795 1
1796 1
1797 1
1798 1
1799 1
1800 2
1801 1
1802 0
1803 1
1804 1
1805 1
1806 0
1807 1
1808 2
1809 1
1810 0
1811 1
1812 1
1813 0
1814 0
1815 2
1816 1
1817 1
1818 1
1819 1
1820 1
1821 1
1822 1
1823 0
1824 1
1825 0
1826 1
1827 1
1828 1
1829 2
1830 0
1831 1
1832 1
1833 0
1834 2
1835 2
1836 0
1837 1
1838 2
1839 1
1840 2
1841 1
1842 0
1843 2
1844 2
1845 0
1846 1
1847 1
1848 1
1849 1
1850 1
1851 0
1852 1
1853 2
1854 1
1855 0
1856 1
1857 1
1858 1
1859 1
1860 1
1861 1
1862 2
1863 0
1864 0
1865 1
1866 1
1867 1
1868 1
1869 1
1870 1
1871 1
1872 1
1873 1
1874 1
1875 0
1876 0
1877 1
1878 1
1879 1
1880 1
1881 0
1882 1
1883 0
1884 2
1885 1
1886 0
1887 1
1888 1
1889 2
1890 1
1891 1
1892 1
1893 2
1894 2
1895 1
1896 0
1897 1
1898 0
1899 2
1900 2
1901 2
1902 1
1903 0
1904 1
1905 1
1906 1
1907 0
1908 0
1909 2
1910 0
1911 1
1912 1
1913 2
1914 1
1915 0
1916 1
1917 0
1918 2
1919 1
1920 0
1921 0
1922 1
1923 1
1924 0
1925 2
1926 0
1927 0
1928 1
1929 1
1930 1
1931 1
1932 1
1933 0
1934 1
1935 1
1936 2
1937 1
1938 2
1939 1
1940 1
1941 1
1942 2
1943 1
1944 1
1945 1
1946 2
1947 1
1948 1
1949 1
1950 0
1951 1
1952 1
1953 2
1954 1
1955 0
1956 0
1957 2
1958 2
1959 1
1960 1
1961 1
1962 1
1963 2
1964 2
1965 1
1966 1
1967 1
1968 1
1969 2
1970 0
1971 1
1972 1
1973 1
1974 0
1975 0
1976 0
1977 1
1978 2
1979 2
1980 0
1981 0
1982 2
1983 0
1984 2
1985 1
1986 1
1987 0
1988 1
1989 1
1990 2
1991 1
1992 2
1993 1
1994 1
1995 1
1996 1
1997 0
1998 0
1999 1
2000 1
2001 1
2002 0
2003 1
2004 0
2005 1
2006 0
2007 1
2008 0
2009 0
2010 0
2011 1
2012 1
2013 1
2014 2
2015 2
2016 1
2017 1
2018 1
2019 0
2020 0
2021 0
2022 0
2023 1
2024 0
2025 1
2026 1
2027 1
2028 1
2029 0
2030 1
2031 2
2032 2
2033 2
2034 2
2035 1
2036 1
2037 1
2038 1
2039 2
2040 1
2041 1
2042 2
2043 1
2044 1
2045 1
2046 1
2047 1
2048 1
2049 1
2050 0
2051 1
2052 1
2053 1
2054 1
2055 2
2056 2
2057 1
2058 1
2059 0
2060 1
2061 1
2062 1
2063 1
2064 1
2065 0
2066 1
2067 1
2068 0
2069 1
2070 2
2071 0
2072 1
2073 0
2074 2
2075 1
2076 1
2077 1
2078 1
2079 2
2080 0
2081 1
2082 0
2083 1
2084 1
2085 1
2086 1
2087 0
2088 2
2089 1
2090 1
2091 1
2092 1
2093 1
2094 1
2095 1
2096 1
2097 1
2098 1
2099 1
2100 0
2101 1
2102 1
2103 1
2104 1
2105 1
2106 1
2107 1
2108 1
2109 1
2110 1
2111 1
2112 1
2113 1
2114 1
2115 1
2116 1
2117 1
2118 0
2119 1
2120 1
2121 0
2122 1
2123 1
2124 0
2125 2
2126 0
2127 2
2128 0
2129 1
2130 1
2131 1
2132 1
2133 1
2134 1
2135 0
2136 1
2137 0
2138 1
2139 1
2140 0
2141 1
2142 0
2143 2
2144 0
2145 1
2146 1
2147 1
2148 2
2149 1
2150 1
2151 1
2152 1
2153 1
2154 1
2155 2
2156 0
2157 0
2158 0
2159 1
2160 1
2161 0
2162 1
2163 1
2164 1
2165 1
2166 1
2167 1
2168 1
2169 1
2170 1
2171 0
2172 0
2173 2
2174 1
2175 2
2176 1
2177 0
2178 0
2179 2
2180 1
2181 1
2182 0
2183 1
2184 1
2185 0
2186 0
2187 0
2188 0
2189 1
2190 2
2191 0
2192 1
2193 1
2194 1
2195 2
2196 1
2197 1
2198 1
2199 1
2200 2
2201 0
2202 1
2203 1
2204 1
2205 0
2206 1
2207 1
2208 1
2209 2
2210 0
2211 1
2212 0
2213 1
2214 1
2215 0
2216 1
2217 1
2218 1
2219 0
2220 1
2221 1
2222 0
2223 0
2224 1
2225 1
2226 1
2227 1
2228 1
2229 1
2230 1
2231 1
2232 1
2233 1
2234 0
2235 0
2236 1
2237 0
2238 1
2239 1
2240 0
2241 0
2242 1
2243 0
2244 0
2245 1
2246 1
2247 0
2248 1
2249 0
2250 0
2251 1
2252 1
2253 1
2254 1
2255 1
2256 1
2257 1
2258 1
2259 1
2260 0
2261 1
2262 1
2263 2
2264 1
2265 1
2266 2
2267 1
2268 0
2269 1
2270 1
2271 2
2272 1
2273 2
2274 1
2275 1
2276 1
2277 1
2278 1
2279 1
2280 1
2281 1
2282 1
2283 1
2284 0
2285 2
2286 1
2287 1
2288 1
2289 0
2290 1
2291 1
2292 1
2293 1
2294 1
2295 0
2296 0
2297 0
2298 1
2299 1
2300 1
2301 1
2302 1
2303 1
2304 1
2305 1
2306 1
2307 1
2308 1
2309 1
2310 1
2311 1
2312 1
2313 2
2314 0
2315 1
2316 1
2317 1
2318 0
2319 1
2320 0
2321 1
2322 0
2323 1
2324 0
2325 1
2326 1
2327 1
2328 0
2329 1
2330 1
2331 0
2332 1
2333 1
2334 0
2335 1
2336 0
2337 0
2338 1
2339 0
2340 1
2341 2
2342 1
2343 2
2344 1
2345 1
2346 2
2347 1
2348 1
2349 1
2350 0
2351 1
2352 1
2353 0
2354 1
2355 1
2356 1
2357 2
2358 1
2359 1
2360 1
2361 1
2362 1
2363 1
2364 0
2365 1
2366 2
2367 1
2368 1
2369 2
2370 0
2371 0
2372 1
2373 2
2374 2
2375 0
2376 1
2377 1
2378 0
2379 2
2380 1
2381 1
2382 1
2383 1
2384 1
2385 1
2386 0
2387 2
2388 1
2389 0
2390 1
2391 1
2392 1
2393 1
2394 0
2395 0
2396 2
2397 2
2398 2
2399 1
2400 0
2401 1
2402 2
2403 1
2404 1
2405 1
2406 0
2407 1
2408 0
2409 1
2410 0
2411 1
2412 2
2413 1
2414 2
2415 1
2416 1
2417 0
2418 1
2419 1
2420 1
2421 1
2422 1
2423 0
2424 2
2425 2
2426 1
2427 0
2428 1
2429 0
2430 1
2431 1
2432 1
2433 1
2434 1
2435 0
2436 0
2437 1
2438 1
2439 1
2440 0
2441 1
2442 0
2443 2
2444 0
2445 1
2446 0
2447 1
2448 0
2449 2
2450 1
2451 0
2452 1
2453 0
2454 1
2455 0
2456 0
2457 1
2458 2
2459 1
2460 1
2461 1
2462 0
2463 1
2464 1
2465 1
2466 0
2467 1
2468 0
2469 1
2470 1
2471 2
2472 2
2473 1
2474 1
2475 0
2476 1
2477 0
2478 1
2479 0
2480 1
2481 1
2482 0
2483 1
2484 0
2485 1
2486 2
2487 1
2488 0
2489 0
2490 1
2491 1
2492 1
2493 1
2494 1
2495 0
2496 1
2497 1
2498 1
2499 1
2500 1
2501 1
2502 0
2503 1
2504 1
2505 0
2506 1
2507 1
2508 2
2509 1
2510 0
2511 0
2512 1
2513 0
2514 1
2515 1
2516 0
2517 1
2518 1
2519 2
2520 1
2521 1
2522 0
2523 0
2524 1
2525 1
2526 1
2527 1
2528 1
2529 0
2530 1
2531 1
2532 0
2533 1
2534 1
2535 1
2536 0
2537 1
2538 0
2539 1
2540 1
2541 2
2542 1
2543 0
2544 0
2545 1
2546 0
2547 1
2548 1
2549 1
2550 1
2551 1
2552 0
2553 1
2554 0
2555 1
2556 1
2557 1
2558 1
2559 1
2560 0
2561 0
2562 1
2563 0
2564 1
2565 1
2566 1
2567 1
2568 0
2569 1
2570 1
2571 1
2572 0
2573 1
2574 2
2575 1
2576 0
2577 1
2578 1
2579 0
2580 0
2581 0
2582 2
2583 2
2584 1
2585 1
2586 2
2587 1
2588 0
2589 1
2590 1
2591 1
2592 1
2593 1
2594 1
2595 2
2596 1
2597 0
2598 2
2599 0
2600 1
2601 1
2602 0
2603 1
2604 1
2605 1
2606 0
2607 1
2608 1
2609 0
2610 1
2611 1
2612 1
2613 0
2614 1
2615 2
2616 1
2617 1
2618 2
2619 1
2620 0
2621 0
2622 0
2623 1
2624 0
2625 1
2626 0
2627 1
2628 0
2629 1
2630 1
2631 1
2632 0
2633 1
2634 1
2635 1
2636 0
2637 1
2638 1
2639 1
2640 0
2641 1
2642 1
2643 1
2644 1
2645 1
2646 1
2647 1
2648 1
2649 2
2650 1
2651 1
2652 1
2653 2
2654 1
2655 1
2656 0
2657 1
2658 0
2659 1
2660 2
2661 1
2662 0
2663 1
2664 1
2665 2
2666 1
2667 0
2668 1
2669 1
2670 1
2671 0
2672 2
2673 1
2674 1
2675 1
2676 2
2677 2
2678 1
2679 2
2680 0
2681 0
2682 0
2683 0
2684 2
2685 1
2686 1
2687 2
2688 1
2689 0
2690 1
2691 1
2692 0
2693 0
2694 1
2695 0
2696 1
2697 1
2698 0
2699 1
2700 0
2701 1
2702 2
2703 1
2704 1
2705 0
2706 2
2707 1
2708 2
2709 0
2710 1
2711 0
2712 2
2713 1
2714 1
2715 1
2716 1
2717 1
2718 0
2719 2
2720 0
2721 1
2722 1
2723 1
2724 1
2725 1
2726 1
2727 2
2728 1
2729 1
2730 0
2731 1
2732 1
2733 2
2734 1
2735 1
2736 0
2737 1
2738 2
2739 0
2740 0
2741 1
2742 1
2743 1
2744 0
2745 1
2746 2
2747 1
2748 1
2749 0
2750 1
2751 1
2752 1
2753 2
2754 1
2755 1
2756 1
2757 1
2758 1
2759 0
2760 0
2761 1
2762 0
2763 1
2764 1
2765 1
2766 1
2767 1
2768 0
2769 1
2770 1
2771 1
2772 1
2773 1
2774 1
2775 1
2776 2
2777 1
2778 1
2779 2
2780 1
2781 1
2782 0
2783 0
2784 1
2785 1
2786 2
2787 0
2788 0
2789 0
2790 1
2791 1
2792 1
2793 1
2794 1
2795 1
2796 1
2797 2
2798 0
2799 1
2800 1
2801 1
2802 1
2803 1
2804 1
2805 1
2806 0
2807 1
2808 0
2809 1
2810 2
2811 1
2812 1
2813 1
2814 0
2815 1
2816 0
2817 1
2818 1
2819 0
2820 0
2821 1
2822 1
2823 1
2824 1
2825 1
2826 1
2827 1
2828 1
2829 1
2830 1
2831 1
2832 2
2833 1
2834 1
2835 0
2836 0
2837 1
2838 1
2839 1
2840 1
2841 1
2842 1
2843 1
2844 1
2845 1
2846 1
2847 0
2848 1
2849 1
2850 1
2851 0
2852 1
2853 1
2854 1
2855 1
2856 1
2857 0
2858 1
2859 1
2860 1
2861 1
2862 1
2863 1
2864 1
2865 1
2866 1
2867 1
2868 1
2869 1
2870 1
2871 1
2872 1
2873 1
2874 1
2875 1
2876 1
2877 0
2878 1
2879 0
2880 1
2881 1
2882 1
2883 0
2884 1
2885 1
2886 0
2887 0
2888 0
2889 1
2890 2
2891 1
2892 1
2893 1
2894 1
2895 1
2896 1
2897 1
2898 0
2899 1
2900 1
2901 1
2902 0
2903 2
2904 1
2905 1
2906 2
2907 0
2908 2
2909 1
2910 1
2911 0
2912 1
2913 1
2914 1
2915 1
2916 1
2917 1
2918 1
2919 1
2920 1
2921 1
2922 1
2923 0
2924 0
2925 1
2926 1
2927 1
2928 1
2929 1
2930 2
2931 1
2932 0
2933 1
2934 1
2935 1
2936 1
2937 1
2938 0
2939 2
2940 2
2941 2
2942 0
2943 1
2944 1
2945 1
2946 0
2947 1
2948 1
2949 2
2950 2
2951 2
2952 0
2953 0
2954 0
2955 0
2956 0
2957 1
2958 0
2959 1
2960 1
2961 2
2962 1
2963 1
2964 1
2965 0
2966 1
2967 1
2968 1
2969 0
2970 1
2971 1
2972 1
2973 2
2974 1
2975 0
2976 1
2977 1
2978 2
2979 1
2980 1
2981 1
2982 0
2983 1
2984 0
2985 1
2986 2
2987 2
2988 1
2989 0
2990 1
2991 1
2992 1
2993 1
2994 1
2995 1
2996 0
2997 0
2998 1
2999 1
3000 0
3001 1
3002 1
3003 1
3004 1
3005 0
3006 1
3007 1
3008 0
3009 2
3010 1
3011 1
3012 1
3013 1
3014 1
3015 0
3016 0
3017 1
3018 1
3019 1
3020 1
3021 0
3022 1
3023 1
3024 2
3025 1
3026 1
3027 1
3028 0
3029 1
3030 1
3031 1
3032 1
3033 1
3034 0
3035 1
3036 2
3037 1
3038 1
3039 1
3040 1
3041 2
3042 1
3043 1
3044 1
3045 1
3046 1
3047 1
3048 1
3049 1
3050 1
3051 1
3052 1
3053 1
3054 1
3055 1
3056 2
3057 0
3058 1
3059 1
3060 0
3061 0
3062 1
3063 0
3064 1
3065 1
3066 2
3067 1
3068 1
3069 1
3070 0
3071 1
3072 1
3073 1
3074 1
3075 1
3076 1
3077 1
3078 1
3079 0
3080 1
3081 1
3082 1
3083 1
3084 1
3085 1
3086 0
3087 0
3088 1
3089 1
3090 1
3091 0
3092 1
3093 1
3094 1
3095 2
3096 1
3097 2
3098 1
3099 1
3100 1
3101 0
3102 0
3103 2
3104 1
3105 1
3106 1
3107 0
3108 1
3109 1
3110 1
3111 1
3112 1
3113 2
3114 1
3115 1
3116 1
3117 1
3118 1
3119 1
3120 1
3121 1
3122 1
3123 1
3124 0
3125 1
3126 1
3127 0
3128 2
3129 0
3130 2
3131 1
3132 1
3133 2
3134 1
3135 1
3136 1
3137 2
3138 1
3139 1
3140 1
3141 1
3142 1
3143 1
3144 0
3145 1
3146 1
3147 1
3148 1
3149 2
3150 1
3151 2
3152 1
3153 1
3154 1
3155 1
3156 1
3157 0
3158 1
3159 1
3160 1
3161 0
3162 0
3163 1
3164 1
3165 1
3166 0
3167 1
3168 0
3169 1
3170 0
3171 0
3172 0
3173 1
3174 1
3175 1
3176 1
3177 0
3178 0
3179 0
3180 1
3181 1
3182 1
3183 0
3184 1
3185 1
3186 1
3187 2
3188 1
3189 1
3190 0
3191 1
3192 1
3193 1
3194 1
3195 1
3196 0
3197 1
3198 0
3199 1
3200 0
3201 1
3202 2
3203 1
3204 1
3205 0
3206 1
3207 1
3208 1
3209 1
3210 1
3211 1
3212 1
3213 1
3214 1
3215 1
3216 1
3217 1
3218 1
3219 0
3220 1
3221 1
3222 1
3223 1
3224 1
3225 1
3226 2
3227 0
3228 1
3229 1
3230 1
3231 0
3232 1
3233 1
3234 1
3235 0
3236 1
3237 1
3238 1
3239 1
3240 1
3241 1
3242 1
3243 1
3244 1
3245 0
3246 1
3247 1
3248 1
3249 1
3250 1
3251 1
3252 0
3253 1
3254 1
3255 0
3256 0
3257 1
3258 2
3259 1
3260 1
3261 1
3262 1
3263 0
3264 1
3265 0
3266 2
3267 1
3268 1
3269 1
3270 0
3271 1
3272 1
3273 1
3274 0
3275 0
3276 1
3277 0
3278 1
3279 2
3280 1
3281 2
3282 1
3283 0
3284 1
3285 1
3286 1
3287 1
3288 1
3289 1
3290 1
3291 0
3292 1
3293 0
3294 1
3295 0
3296 1
3297 1
3298 0
3299 2
3300 1
3301 2
3302 1
3303 1
3304 1
3305 1
3306 1
3307 0
3308 1
3309 0
3310 0
3311 1
3312 0
3313 1
3314 1
3315 0
3316 1
3317 2
3318 1
3319 1
3320 2
3321 1
3322 0
3323 1
3324 1
3325 1
3326 1
3327 1
3328 1
3329 1
3330 1
3331 1
3332 1
3333 0
3334 1
3335 1
3336 0
3337 1
3338 1
3339 0
3340 1
3341 0
3342 1
3343 1
3344 0
3345 1
3346 2
3347 0
3348 1
3349 0
3350 1
3351 1
3352 0
3353 1
3354 0
3355 2
3356 0
3357 1
3358 1
3359 1
3360 1
3361 2
3362 0
3363 0
3364 1
3365 1
3366 2
3367 1
3368 1
3369 1
3370 2
3371 1
3372 0
3373 2
3374 1
3375 2
3376 1
3377 1
3378 1
3379 0
3380 0
3381 0
3382 0
3383 1
3384 1
3385 1
3386 1
3387 1
3388 0
3389 1
3390 1
3391 1
3392 1
3393 0
3394 1
3395 1
3396 1
3397 1
3398 1
3399 2
3400 1
3401 1
3402 1
3403 1
3404 1
3405 1
3406 1
3407 1
3408 1
3409 1
3410 1
3411 1
3412 1
3413 0
3414 1
3415 1
3416 2
3417 0
3418 1
3419 1
3420 0
3421 0
3422 0
3423 0
3424 1
3425 0
3426 0
3427 1
3428 1
3429 1
3430 1
3431 1
3432 0
3433 1
3434 1
3435 1
3436 1
3437 1
3438 1
3439 0
3440 1
3441 1
3442 1
3443 1
3444 1
3445 1
3446 2
3447 1
3448 1
3449 1
3450 1
3451 0
3452 1
3453 1
3454 0
3455 0
3456 1
3457 0
3458 1
3459 1
3460 1
3461 1
3462 0
3463 1
3464 1
3465 0
3466 0
3467 1
3468 1
3469 1
3470 1
3471 0
3472 1
3473 1
3474 1
3475 1
3476 0
3477 0
3478 1
3479 1
3480 1
3481 1
3482 0
3483 1
3484 1
3485 0
3486 1
3487 1
3488 1
3489 0
3490 1
3491 0
3492 1
3493 0
3494 1
3495 1
3496 1
3497 1
3498 0
3499 0
3500 0
3501 0
3502 0
3503 0
3504 1
3505 1
3506 1
3507 0
3508 1
3509 1
3510 1
3511 1
3512 1
3513 0
3514 1
3515 1
3516 1
3517 1
3518 0
3519 1
3520 0
3521 1
3522 1
3523 1
3524 1
3525 1
3526 1
3527 1
3528 0
3529 1
3530 0
3531 1
3532 1
3533 1
3534 1
3535 1
3536 0
3537 0
3538 1
3539 1
3540 1
3541 0
3542 1
3543 0
3544 1
3545 0
3546 1
3547 1
3548 0
3549 1
3550 1
3551 0
3552 1
3553 0
3554 0
3555 1
3556 1
3557 1
3558 1
3559 1
3560 1
3561 1
3562 1
3563 1
3564 1
3565 1
3566 1
3567 0
3568 0
3569 1
3570 1
3571 1
3572 1
3573 1
3574 1
3575 1
3576 0
3577 1
3578 0
3579 1
3580 1
3581 1
3582 1
3583 1
3584 1
3585 1
3586 1
3587 0
3588 1
3589 1
3590 0
3591 1
3592 1
3593 1
3594 1
3595 0
3596 1
3597 2
3598 1
3599 1
3600 1
3601 1
3602 0
3603 0
3604 1
3605 1
3606 1
3607 1
3608 2
3609 1
3610 1
3611 1
3612 2
3613 1
3614 1
3615 1
3616 1
3617 0
3618 1
3619 1
3620 1
3621 1
3622 1
3623 1
3624 1
3625 1
3626 1
3627 0
3628 0
3629 1
3630 0
3631 1
3632 0
3633 1
3634 0
3635 0
3636 1
3637 0
3638 1
3639 1
3640 1
3641 1
3642 1
3643 1
3644 0
3645 1
3646 1
3647 1
3648 0
3649 1
3650 0
3651 1
3652 1
3653 1
3654 0
3655 1
3656 0
3657 1
3658 0
3659 0
3660 0
3661 0
3662 0
3663 0
3664 0
3665 0
3666 0
3667 0
3668 0
3669 1
3670 1
3671 1
3672 0
3673 0
3674 0
3675 0
3676 0
3677 1
3678 0
3679 0
3680 0
3681 0
3682 1
3683 1
3684 1
3685 1
3686 1
3687 1
3688 1
3689 1
3690 0
3691 1
3692 1
3693 1
3694 1
3695 1
3696 0
3697 0
3698 2
3699 1
3700 0
3701 1
3702 0
3703 1
3704 1
3705 0
3706 1
3707 0
3708 1
3709 1
3710 0
3711 1
3712 1
3713 1
3714 1
3715 1
3716 2
3717 1
3718 1
3719 1
3720 1
3721 1
3722 1
3723 1
3724 0
3725 1
3726 1
3727 2
3728 1
3729 1
3730 1
3731 1
3732 1
3733 0
3734 1
3735 1
3736 1
3737 1
3738 1
3739 1
3740 1
3741 2
3742 1
3743 0
3744 1
3745 1
3746 1
3747 1
3748 1
3749 0
3750 1
3751 1
3752 1
3753 1
3754 0
3755 1
3756 1
3757 1
3758 1
3759 2
3760 1
3761 1
3762 1
3763 0
3764 1
3765 0
3766 1
3767 1
3768 1
3769 1
3770 1
3771 1
3772 1
3773 1
3774 1
3775 1
3776 1
3777 0
3778 0
3779 1
3780 1
3781 1
3782 0
3783 0
3784 2
3785 1
3786 1
3787 0
3788 0
3789 0
3790 2
3791 0
3792 1
3793 0
3794 0
3795 1
3796 1
3797 1
3798 2
3799 1
3800 1
3801 0
3802 1
3803 1
3804 1
3805 2
3806 1
3807 1
3808 0
3809 0
3810 1
3811 1
3812 1
3813 1
3814 1
3815 1
3816 1
3817 1
3818 0
3819 1
3820 1
3821 1
3822 0
3823 2
3824 1
3825 1
3826 1
3827 1
3828 1
3829 1
3830 1
3831 1
3832 0
3833 1
3834 0
3835 1
3836 1
3837 1
3838 1
3839 1
3840 1
3841 1
3842 1
3843 1
3844 1
3845 1
3846 0
3847 1
3848 1
3849 0
3850 0
3851 1
3852 1
3853 0
3854 0
3855 0
3856 2
3857 1
3858 0
3859 1
3860 1
3861 1
3862 1
3863 1
3864 1
3865 0
3866 2
3867 1
3868 1
3869 0
3870 1
3871 0
3872 1
3873 1
3874 1
3875 0
3876 1
3877 1
3878 1
3879 1
3880 0
3881 0
3882 1
3883 1
3884 1
3885 1
3886 0
3887 1
3888 0
3889 1
3890 1
3891 1
3892 1
3893 1
3894 1
3895 0
3896 0
3897 1
3898 1
3899 0
3900 1
3901 1
3902 1
3903 1
3904 0
3905 0
3906 1
3907 0
3908 0
3909 0
3910 1
3911 1
3912 1
3913 2
3914 1
3915 1
3916 2
3917 1
3918 1
3919 1
3920 2
3921 0
3922 1
3923 2
3924 1
3925 1
3926 1
3927 1
3928 1
3929 1
3930 1
3931 0
3932 0
3933 0
3934 1
3935 2
3936 0
3937 1
3938 1
3939 1
3940 1
3941 1
3942 1
3943 1
3944 0
3945 1
3946 1
3947 1
3948 1
3949 1
3950 1
3951 1
3952 0
3953 1
3954 2
3955 2
3956 1
3957 0
3958 1
3959 0
3960 1
3961 1
3962 2
3963 0
3964 0
3965 1
3966 1
3967 1
3968 1
3969 1
3970 1
3971 1
3972 0
3973 1
3974 2
3975 0
3976 0
3977 1
3978 2
3979 1
3980 1
3981 1
3982 1
3983 1
3984 1
3985 0
3986 1
3987 1
3988 1
3989 1
3990 1
3991 1
3992 1
3993 1
3994 0
3995 0
3996 1
3997 0
3998 0
3999 1
4000 1
4001 1
4002 1
4003 1
4004 1
4005 1
4006 1
4007 1
4008 1
4009 1
4010 2
4011 1
4012 1
4013 2
4014 0
4015 1
4016 1
4017 1
4018 1
4019 0
4020 1
4021 1
4022 1
4023 1
4024 1
4025 1
4026 0
4027 1
4028 1
4029 0
4030 0
4031 0
4032 1
4033 1
4034 0
4035 1
4036 1
4037 1
4038 1
4039 1
4040 0
4041 1
4042 1
4043 0
4044 1
4045 1
4046 1
4047 0
4048 1
4049 1
4050 0
4051 1
4052 1
4053 1
4054 1
4055 1
4056 1
4057 1
4058 1
4059 0
4060 1
4061 0
4062 1
4063 1
4064 1
4065 0
4066 0
4067 1
4068 0
4069 1
4070 1
4071 1
4072 1
4073 1
4074 1
4075 1
4076 1
4077 2
4078 1
4079 0
4080 0
4081 1
4082 1
4083 1
4084 1
4085 2
4086 1
4087 1
4088 0
4089 1
4090 1
4091 0
4092 0
4093 1
4094 1
4095 1
4096 0
4097 2
4098 1
4099 1
4100 1
4101 1
4102 2
4103 1
4104 1
4105 1
4106 1
4107 1
4108 1
4109 1
4110 1
4111 1
4112 1
4113 1
4114 0
4115 1
4116 1
4117 1
4118 1
4119 1
4120 2
4121 0
4122 2
4123 1
4124 1
4125 1
4126 1
4127 1
4128 0
4129 1
4130 1
4131 1
4132 1
4133 1
4134 2
4135 0
4136 1
4137 1
4138 0
4139 1
4140 1
4141 0
4142 1
4143 1
4144 1
4145 1
4146 1
4147 1
4148 1
4149 1
4150 1
4151 1
4152 1
4153 1
4154 1
4155 0
4156 1
4157 1
4158 1
4159 0
4160 0
4161 1
4162 1
4163 0
4164 1
4165 1
4166 1
4167 1
4168 1
4169 1
4170 1
4171 0
4172 1
4173 1
4174 1
4175 1
4176 1
4177 1
4178 0
4179 0
4180 2
4181 0
4182 1
4183 1
4184 1
4185 1
4186 1
4187 1
4188 1
4189 1
4190 1
4191 1
4192 1
4193 1
4194 1
4195 1
4196 1
4197 1
4198 0
4199 1
4200 0
4201 1
4202 1
4203 1
4204 1
4205 1
4206 1
4207 1
4208 1
4209 1
4210 1
4211 1
4212 1
4213 1
4214 1
4215 1
4216 1
4217 0
4218 1
4219 0
4220 1
4221 0
4222 0
4223 0
4224 0
4225 1
4226 0
4227 0
4228 0
4229 0
4230 0
4231 0
4232 1
4233 0
4234 0
4235 1
4236 0
4237 1
4238 1
4239 1
4240 1
4241 1
4242 0
4243 0
4244 1
4245 0
4246 0
4247 0
4248 1
4249 1
4250 0
4251 0
4252 0
4253 1
4254 0
4255 0
4256 1
4257 0
4258 0
4259 1
4260 1
4261 0
4262 1
4263 0
4264 1
4265 0
4266 0
4267 0
4268 1
4269 1
4270 0
4271 1
4272 0
4273 1
4274 0
4275 0
4276 1
4277 0
4278 0
4279 1
4280 0
4281 0
4282 0
4283 1
4284 1
4285 0
4286 1
4287 0
4288 1
4289 1
4290 0
4291 1
4292 0
4293 1
4294 1
4295 0
4296 0
4297 0
4298 0
4299 0
4300 0
4301 1
4302 0
4303 0
4304 0
4305 1
4306 1
4307 1
4308 1
4309 0
4310 1
4311 0
4312 0
4313 1
4314 1
4315 0
4316 0
4317 0
4318 0
4319 0
4320 1
4321 0
4322 1
4323 0
4324 1
4325 0
4326 1
4327 1
4328 1
4329 1
4330 1
4331 0
4332 0
4333 1
4334 1
4335 0
4336 1
4337 1
4338 0
4339 1
4340 1
4341 1
4342 1
4343 1
4344 1
4345 0
4346 0
4347 1
4348 0
4349 1
4350 1
4351 1
4352 0
4353 0
4354 0
4355 1
4356 0
4357 1
4358 1
4359 0
4360 1
4361 0
4362 0
4363 0
4364 0
4365 1
4366 0
4367 1
4368 1
4369 1
4370 1
4371 1
4372 1
4373 0
4374 0
4375 1
4376 0
4377 1
4378 1
4379 1
4380 1
4381 1
4382 1
4383 1
4384 1
4385 1
4386 1
4387 1
4388 1
4389 1
4390 1
4391 1
4392 2
4393 1
4394 0
4395 1
4396 1
4397 1
4398 1
4399 1
4400 0
4401 1
4402 1
4403 0
4404 1
4405 1
4406 0
4407 1
4408 1
4409 0
4410 1
4411 0
4412 1
4413 0
4414 0
4415 1
4416 1
4417 0
4418 1
4419 0
4420 1
4421 1
4422 1
4423 0
4424 1
4425 0
4426 1
4427 1
4428 0
4429 1
4430 0
4431 2
4432 1
4433 0
4434 0
4435 1
4436 0
4437 1
4438 0
4439 0
4440 1
4441 0
4442 1
4443 0
4444 1
4445 0
4446 0
4447 0
4448 1
4449 1
4450 0
4451 1
4452 0
4453 0
4454 0
4455 1
4456 1
4457 1
4458 1
4459 1
4460 1
4461 0
4462 0
4463 1
4464 1
4465 1
4466 1
4467 0
4468 1
4469 0
4470 1
4471 0
4472 0
4473 1
4474 1
4475 1
4476 1
4477 1
4478 1
4479 2
4480 1
4481 0
4482 1
4483 0
4484 1
4485 2
4486 1
4487 2
4488 2
4489 1
4490 0
4491 1
4492 1
4493 1
4494 0
4495 0
4496 0
4497 1
4498 1
4499 1
4500 0
4501 1
4502 1
4503 2
4504 0
4505 0
4506 1
4507 1
4508 1
4509 1
4510 1
4511 1
4512 1
4513 0
4514 1
4515 0
4516 1
4517 1
4518 1
4519 0
4520 1
4521 1
4522 1
4523 1
4524 1
4525 1
4526 0
4527 1
4528 1
4529 0
4530 0
4531 1
4532 1
4533 0
4534 1
4535 1
4536 1
4537 1
4538 1
4539 1
4540 1
4541 1
4542 0
4543 1
4544 1
4545 0
4546 1
4547 0
4548 1
4549 1
4550 1
4551 1
4552 1
4553 1
4554 1
4555 1
4556 1
4557 1
4558 1
4559 1
4560 1
4561 0
4562 1
4563 1
4564 1
4565 0
4566 1
4567 1
4568 1
4569 1
4570 1
4571 1
4572 1
4573 1
4574 1
4575 1
4576 1
4577 1
4578 1
4579 1
4580 1
4581 0
4582 1
4583 1
4584 0
4585 1
4586 1
4587 0
4588 1
4589 1
4590 1
4591 1
4592 1
4593 1
4594 1
4595 1
4596 1
4597 1
4598 1
4599 1
4600 0
4601 1
4602 1
4603 2
4604 1
4605 1
4606 1
4607 0
4608 0
4609 0
4610 0
4611 1
4612 1
4613 0
4614 0
4615 1
4616 1
4617 0
4618 0
4619 0
4620 1
4621 0
4622 0
4623 0
4624 0
4625 0
4626 0
4627 0
4628 1
4629 0
4630 1
4631 0
4632 1
4633 0
4634 0
4635 1
4636 1
4637 1
4638 0
4639 0
4640 1
4641 0
4642 1
4643 1
4644 0
4645 1
4646 0
4647 0
4648 0
4649 1
4650 0
4651 1
4652 0
4653 0
4654 1
4655 1
4656 1
4657 1
4658 1
4659 1
4660 1
4661 0
4662 1
4663 0
4664 1
4665 0
4666 1
4667 1
4668 0
4669 0
4670 0
4671 1
4672 0
4673 0
4674 0
4675 0
4676 0
4677 1
4678 1
4679 1
4680 0
4681 0
4682 1
4683 0
4684 0
4685 1
4686 1
4687 0
4688 1
4689 1
4690 1
4691 1
4692 0
4693 1
4694 1
4695 2
4696 1
4697 0
4698 1
4699 1
4700 0
4701 1
4702 1
4703 1
4704 1
4705 1
4706 1
4707 1
4708 0
4709 0
4710 0
4711 0
4712 1
4713 0
4714 1
4715 1
4716 0
4717 1
4718 0
4719 0
4720 1
4721 1
4722 1
4723 0
4724 1
4725 0
4726 0
4727 0
4728 0
4729 1
4730 1
4731 1
4732 0
4733 1
4734 1
4735 1
4736 0
4737 0
4738 0
4739 0
4740 0
4741 0
4742 0
4743 1
4744 0
4745 1
4746 1
4747 1
4748 0
4749 0
4750 1
4751 1
4752 1
4753 1
4754 1
4755 0
4756 0
4757 1
4758 1
4759 1
4760 1
4761 1
4762 1
4763 1
4764 0
4765 1
4766 1
4767 1
4768 0
4769 1
4770 1
4771 1
4772 1
4773 0
4774 0
4775 1
4776 1
4777 0
4778 1
4779 1
4780 0
4781 1
4782 0
4783 1
4784 1
4785 1
4786 1
4787 0
4788 0
4789 1
4790 0
4791 1
4792 1
4793 1
4794 1
4795 1
4796 1
4797 1
4798 1
4799 0
4800 0
4801 1
4802 0
4803 0
4804 0
4805 0
4806 1
4807 1
4808 1
4809 1
4810 1
4811 1
4812 1
4813 2
4814 1
4815 1
4816 0
4817 0
4818 0
4819 1
4820 1
4821 1
4822 0
4823 1
4824 1
4825 1
4826 0
4827 1
4828 2
4829 1
4830 2
4831 1
4832 1
4833 1
4834 1
4835 1
4836 0
4837 0
4838 1
4839 0
4840 0
4841 2
4842 1
4843 0
4844 0
4845 1
4846 1
4847 1
4848 1
4849 1
4850 1
4851 0
4852 0
4853 1
4854 1
4855 1
4856 1
4857 1
4858 1
4859 0
4860 1
4861 1
4862 1
4863 0
4864 0
4865 1
4866 0
4867 1
4868 2
4869 1
4870 1
4871 1
4872 0
4873 1
4874 1
4875 1
4876 1
4877 0
4878 1
4879 1
4880 1
4881 1
4882 0
4883 1
4884 0
4885 1
4886 1
4887 1
4888 1
4889 1
4890 1
4891 0
4892 1
4893 1
4894 1
4895 0
4896 0
4897 1
4898 1
4899 0
4900 1
4901 1
4902 1
4903 1
4904 0
4905 1
4906 1
4907 1
4908 1
4909 1
4910 1
4911 1
4912 1
4913 1
4914 1
4915 1
4916 1
4917 2
4918 1
4919 1
4920 1
4921 1
4922 1
4923 1
4924 1
4925 0
4926 0
4927 1
4928 1
4929 1
4930 0
4931 1
4932 1
4933 0
4934 0
4935 0
4936 1
4937 1
4938 1
4939 0
4940 0
4941 0
4942 1
4943 0
4944 0
4945 0
4946 1
4947 1
4948 1
4949 1
4950 0
4951 1
4952 1
4953 0
4954 1
4955 1
4956 0
4957 1
4958 0
4959 1
4960 1
4961 0
4962 1
4963 1
4964 0
4965 0
4966 0
4967 0
4968 0
4969 1
4970 1
4971 1
4972 1
4973 1
4974 1
4975 1
4976 1
4977 1
4978 1
4979 0
4980 0
4981 1
4982 1
4983 1
4984 1
4985 1
4986 1
4987 0
4988 1
4989 2
4990 1
4991 1
4992 1
4993 0
4994 1
4995 1
4996 1
4997 1
4998 0
4999 2
5000 1
5001 1
5002 2
5003 2
5004 0
5005 0
5006 1
5007 1
5008 1
5009 0
5010 1
5011 1
5012 0
5013 0
5014 1
5015 1
5016 0
5017 1
5018 1
5019 1
5020 0
5021 0
5022 0
5023 1
5024 1
5025 1
5026 1
5027 1
5028 0
5029 0
5030 1
5031 2
5032 1
5033 0
5034 1
5035 0
5036 1
5037 1
5038 1
5039 0
5040 1
5041 1
5042 0
5043 2
5044 1
5045 0
5046 1
5047 1
5048 1
5049 1
5050 1
5051 1
5052 1
5053 2
5054 1
5055 1
5056 1
5057 1
5058 1
5059 1
5060 1
5061 1
5062 0
5063 1
5064 0
5065 1
5066 1
5067 1
5068 1
5069 1
5070 1
5071 1
5072 1
5073 1
5074 1
5075 1
5076 1
5077 1
5078 0
5079 2
5080 1
5081 0
5082 0
5083 0
5084 1
5085 1
5086 0
5087 0
5088 0
5089 0
5090 1
5091 0
5092 0
5093 0
5094 0
5095 1
5096 0
5097 0
5098 0
5099 0
5100 1
5101 1
5102 1
5103 0
5104 0
5105 1
5106 0
5107 0
5108 0
5109 1
5110 0
5111 0
5112 0
5113 0
5114 0
5115 0
5116 0
5117 0
5118 0
5119 1
5120 1
5121 1
5122 0
5123 0
5124 0
5125 1
5126 1
5127 0
5128 1
5129 1
5130 1
5131 0
5132 1
5133 1
5134 1
5135 1
5136 1
5137 0
5138 1
5139 1
5140 1
5141 1
5142 0
5143 1
5144 1
5145 1
5146 1
5147 0
5148 1
5149 1
5150 1
5151 1
5152 0
5153 1
5154 1
5155 0
5156 2
5157 1
5158 1
5159 2
5160 1
5161 1
5162 0
5163 1
5164 1
5165 1
5166 0
5167 1
5168 0
5169 1
5170 0
5171 1
5172 0
5173 1
5174 1
5175 2
5176 1
5177 1
5178 1
5179 0
5180 0
5181 1
5182 0
5183 1
5184 0
5185 0
5186 1
5187 1
5188 1
5189 2
5190 1
5191 0
5192 0
5193 1
5194 1
5195 1
5196 0
5197 1
5198 0
5199 1
5200 1
5201 1
5202 1
5203 1
5204 1
5205 1
5206 1
5207 1
5208 1
5209 1
5210 1
5211 0
5212 1
5213 1
5214 0
5215 1
5216 0
5217 1
5218 1
5219 1
5220 1
5221 1
5222 1
5223 1
5224 1
5225 1
5226 1
5227 1
5228 1
5229 0
5230 1
5231 1
5232 1
5233 0
5234 1
5235 1
5236 0
5237 0
5238 1
5239 1
5240 1
5241 0
5242 0
5243 2
5244 0
5245 2
5246 1
5247 1
5248 1
5249 0
5250 1
5251 0
5252 1
5253 2
5254 1
5255 1
5256 1
5257 1
5258 1
5259 0
5260 0
5261 0
5262 1
5263 1
5264 1
5265 1
5266 1
5267 1
5268 1
5269 0
5270 1
5271 0
5272 0
5273 1
5274 0
5275 1
5276 1
5277 0
5278 1
5279 1
5280 1
5281 1
5282 1
5283 2
5284 1
5285 0
5286 1
5287 0
5288 0
5289 0
5290 1
5291 1
5292 1
5293 1
5294 0
5295 1
5296 1
5297 1
5298 1
5299 1
5300 0
5301 1
5302 1
5303 1
5304 0
5305 0
5306 1
5307 1
5308 0
5309 0
5310 1
5311 1
5312 1
5313 1
5314 0
5315 1
5316 1
5317 1
5318 1
5319 1
5320 1
5321 0
5322 2
5323 1
5324 1
5325 1
5326 1
5327 0
5328 1
5329 1
5330 0
5331 0
5332 1
5333 0
5334 0
5335 1
5336 1
5337 0
5338 1
5339 1
5340 1
5341 0
5342 0
5343 0
5344 0
5345 0
5346 1
5347 1
5348 0
5349 0
5350 0
5351 1
5352 1
5353 0
5354 0
5355 0
5356 0
5357 0
5358 1
5359 1
5360 1
5361 1
5362 1
5363 0
5364 0
5365 0
5366 1
5367 0
5368 0
5369 1
5370 0
5371 1
5372 1
5373 1
5374 1
5375 1
5376 1
5377 1
5378 1
5379 0
5380 0
5381 1
5382 1
5383 1
5384 1
5385 0
5386 1
5387 1
5388 1
5389 0
5390 0
5391 1
5392 0
5393 1
5394 0
5395 1
5396 0
5397 1
5398 1
5399 0
5400 0
5401 0
5402 1
5403 1
5404 0
5405 0
5406 0
5407 1
5408 1
5409 0
5410 0
5411 1
5412 1
5413 0
5414 0
5415 0
5416 1
5417 1
5418 0
5419 1
5420 1
5421 0
5422 0
5423 1
5424 0
5425 1
5426 0
5427 1
5428 0
5429 0
5430 1
5431 0
5432 0
5433 1
5434 0
5435 0
5436 1
5437 1
5438 1
5439 1
5440 1
5441 1
5442 0
5443 0
5444 1
5445 1
5446 1
5447 1
5448 0
5449 0
5450 0
5451 1
5452 0
5453 0
5454 1
5455 1
5456 1
5457 0
5458 1
5459 1
5460 1
5461 0
5462 1
5463 1
5464 0
5465 1
5466 0
5467 1
5468 1
5469 1
5470 1
5471 1
5472 1
5473 1
5474 1
5475 1
5476 1
5477 1
5478 1
5479 1
5480 1
5481 0
5482 1
5483 1
5484 2
5485 1
5486 1
5487 1
5488 1
5489 1
5490 1
5491 1
5492 1
5493 1
5494 1
5495 1
5496 1
5497 1
5498 0
5499 1
5500 1
5501 0
5502 1
5503 0
5504 1
5505 1
5506 1
5507 1
5508 1
5509 1
5510 1
5511 1
5512 1
5513 1
5514 1
5515 1
5516 1
5517 0
5518 2
5519 2
5520 1
5521 1
5522 1
5523 1
5524 1
5525 1
5526 1
5527 1
5528 1
5529 1
5530 1
5531 2
5532 2
5533 2
5534 1
5535 1
5536 1
5537 0
5538 1
5539 1
5540 1
5541 1
5542 1
5543 0
5544 0
5545 0
5546 0
5547 0
5548 1
5549 1
5550 1
5551 1
5552 1
5553 1
5554 1
5555 0
5556 1
5557 1
5558 0
5559 1
5560 0
5561 1
5562 1
5563 0
5564 0
5565 1
5566 0
5567 1
5568 1
5569 1
5570 1
5571 0
5572 1
5573 0
5574 1
5575 1
5576 1
5577 0
5578 1
5579 1
5580 1
5581 1
5582 1
5583 1
5584 1
5585 1
5586 0
5587 0
5588 1
5589 1
5590 0
5591 1
5592 0
5593 1
5594 1
5595 1
5596 0
5597 1
5598 1
5599 1
5600 1
5601 1
5602 1
5603 0
5604 1
5605 1
5606 0
5607 1
5608 0
5609 0
5610 0
5611 1
5612 1
5613 1
5614 0
5615 1
5616 0
5617 1
5618 1
5619 0
5620 1
5621 1
5622 0
5623 0
5624 1
5625 0
5626 1
5627 1
5628 1
5629 1
5630 1
5631 1
5632 1
5633 1
5634 0
5635 1
5636 0
5637 0
5638 1
5639 0
5640 1
5641 1
5642 0
5643 1
5644 1
5645 1
5646 1
5647 1
5648 1
5649 1
5650 1
5651 1
5652 1
5653 1
5654 1
5655 0
5656 1
5657 0
5658 1
5659 1
5660 1
5661 1
5662 1
5663 0
5664 1
5665 1
5666 2
5667 1
5668 0
5669 1
5670 1
5671 1
5672 1
5673 1
5674 0
5675 0
5676 1
5677 1
5678 0
5679 1
5680 1
5681 1
5682 1
5683 0
5684 1
5685 1
5686 1
5687 0
5688 1
5689 0
5690 1
5691 0
5692 0
5693 1
5694 0
5695 0
5696 0
5697 0
5698 1
5699 0
5700 0
5701 0
5702 1
5703 0
5704 0
5705 1
5706 0
5707 0
5708 0
5709 0
5710 0
5711 0
5712 0
5713 0
5714 0
5715 0
5716 0
5717 0
5718 0
5719 0
5720 0
5721 0
5722 0
5723 0
5724 1
5725 1
5726 0
5727 1
5728 0
5729 0
5730 0
5731 0
5732 0
5733 0
5734 0
5735 0
5736 0
5737 0
5738 0
5739 1
5740 1
5741 1
5742 0
5743 1
5744 0
5745 1
5746 1
5747 1
5748 1
5749 1
5750 1
5751 1
5752 2
5753 1
5754 1
5755 0
5756 0
5757 1
5758 1
5759 1
5760 1
5761 1
5762 1
5763 1
5764 1
5765 1
5766 1
5767 0
5768 1
5769 0
5770 1
5771 1
5772 0
5773 0
5774 0
5775 1
5776 1
5777 0
5778 1
5779 0
5780 1
5781 1
5782 1
5783 1
5784 1
5785 1
5786 1
5787 1
5788 1
5789 0
5790 1
5791 0
5792 1
5793 0
5794 1
5795 1
5796 1
5797 1
5798 0
5799 1
5800 1
5801 0
5802 1
5803 1
5804 1
5805 0
5806 1
5807 1
5808 0
5809 1
5810 1
5811 0
5812 1
5813 1
5814 1
5815 1
5816 1
5817 1
5818 1
5819 1
5820 1
5821 1
5822 1
5823 0
5824 0
5825 1
5826 1
5827 1
5828 1
5829 1
5830 1
5831 1
5832 1
5833 0
5834 1
5835 0
5836 0
5837 0
5838 1
5839 1
5840 1
5841 1
5842 1
5843 1
5844 0
5845 1
5846 1
5847 1
5848 1
5849 0
5850 1
5851 1
5852 1
5853 1
5854 0
5855 0
5856 1
5857 0
5858 1
5859 1
5860 0
5861 0
5862 0
5863 1
5864 0
5865 1
5866 1
5867 0
5868 1
5869 1
5870 1
5871 1
5872 1
5873 0
5874 1
5875 1
5876 1
5877 1
5878 1
5879 0
5880 1
5881 1
5882 1
5883 1
5884 1
5885 1
5886 1
5887 2
5888 1
5889 0
5890 0
5891 0
5892 0
5893 0
5894 0
5895 0
5896 1
5897 0
5898 1
5899 1
5900 1
5901 1
5902 0
5903 0
5904 1
5905 0
5906 1
5907 1
5908 0
5909 1
5910 1
5911 1
5912 0
5913 1
5914 0
5915 1
5916 0
5917 1
5918 1
5919 1
5920 0
5921 1
5922 1
5923 0
5924 0
5925 1
5926 0
5927 0
5928 1
5929 0
5930 1
5931 1
5932 1
5933 0
5934 0
5935 1
5936 1
5937 0
5938 0
5939 0
5940 0
5941 1
5942 1
5943 0
5944 1
5945 1
5946 1
5947 0
5948 1
5949 0
5950 0
5951 0
5952 0
5953 0
5954 0
5955 0
5956 0
5957 1
5958 1
5959 1
5960 0
5961 0
5962 0
5963 1
5964 1
5965 0
5966 0
5967 0
5968 0
5969 1
5970 0
5971 1
5972 1
5973 0
5974 0
5975 1
5976 0
5977 1
5978 1
5979 1
5980 1
5981 1
5982 1
5983 1
5984 1
5985 1
5986 1
5987 1
5988 1
5989 0
5990 0
5991 1
5992 0
5993 0
5994 1
5995 1
5996 0
5997 0
5998 1
5999 1
6000 1
6001 1
6002 1
6003 1
6004 1
6005 1
6006 1
6007 1
6008 1
6009 1
6010 0
6011 1
6012 1
6013 1
6014 1
6015 1
6016 1
6017 1
6018 1
6019 1
6020 1
6021 0
6022 0
6023 0
6024 1
6025 1
6026 1
6027 1
6028 0
6029 0
6030 1
6031 1
6032 1
6033 1
6034 1
6035 0
6036 1
6037 1
6038 1
6039 1
6040 1
6041 0
6042 1
6043 1
6044 1
6045 1
6046 1
6047 0
6048 1
6049 0
6050 1
6051 2
6052 0
6053 2
6054 0
6055 1
6056 0
6057 0
6058 1
6059 1
6060 1
6061 0
6062 1
6063 0
6064 1
6065 0
6066 1
6067 1
6068 0
6069 1
6070 1
6071 1
6072 1
6073 1
6074 1
6075 1
6076 1
6077 1
6078 1
6079 1
6080 0
6081 1
6082 0
6083 1
6084 1
6085 2
6086 0
6087 1
6088 1
6089 1
6090 1
6091 1
6092 0
6093 1
6094 0
6095 0
6096 1
6097 0
6098 1
6099 1
6100 1
6101 1
6102 1
6103 1
6104 0
6105 1
6106 1
6107 0
6108 1
6109 0
6110 0
6111 1
6112 1
6113 1
6114 1
6115 1
6116 2
6117 2
6118 1
6119 1
6120 1
6121 1
6122 1
6123 1
6124 1
6125 0
6126 1
6127 2
6128 0
6129 1
6130 1
6131 0
6132 1
6133 1
6134 1
6135 1
6136 1
6137 1
6138 1
6139 1
6140 1
6141 1
6142 0
6143 0
6144 1
6145 1
6146 1
6147 0
6148 0
6149 1
6150 1
6151 1
6152 1
6153 1
6154 1
6155 0
6156 1
6157 1
6158 1
6159 0
6160 0
6161 1
6162 1
6163 0
6164 1
6165 1
6166 1
6167 1
6168 2
6169 1
6170 1
6171 2
6172 1
6173 1
6174 1
6175 0
6176 2
6177 1
6178 1
6179 1
6180 1
6181 0
6182 2
6183 0
6184 1
6185 1
6186 1
6187 2
6188 1
6189 1
6190 0
6191 1
6192 1
6193 1
6194 1
6195 1
6196 1
6197 0
6198 1
6199 1
6200 0
6201 1
6202 0
6203 2
6204 1
6205 1
6206 1
6207 1
6208 1
6209 1
6210 0
6211 1
6212 1
6213 1
6214 1
6215 1
6216 1
6217 2
6218 1
6219 0
6220 1
6221 1
6222 1
6223 1
6224 1
6225 1
6226 1
6227 1
6228 0
6229 0
6230 0
6231 0
6232 0
6233 1
6234 1
6235 1
6236 0
6237 1
6238 1
6239 2
6240 0
6241 1
6242 1
6243 1
6244 0
6245 0
6246 1
6247 1
6248 0
6249 1
6250 1
6251 1
6252 1
6253 1
6254 1
6255 1
6256 1
6257 0
6258 0
6259 1
6260 1
6261 1
6262 1
6263 1
6264 0
6265 2
6266 1
6267 1
6268 1
6269 1
6270 1
6271 0
6272 1
6273 0
6274 1
6275 1
6276 1
6277 1
6278 1
6279 1
6280 0
6281 1
6282 0
6283 0
6284 1
6285 0
6286 1
6287 1
6288 1
6289 0
6290 1
6291 1
6292 1
6293 0
6294 1
6295 0
6296 1
6297 1
6298 0
6299 1
6300 1
6301 1
6302 1
6303 0
6304 1
6305 0
6306 1
6307 1
6308 1
6309 0
6310 0
6311 0
6312 1
6313 1
6314 0
6315 1
6316 1
6317 1
6318 1
6319 0
6320 1
6321 1
6322 1
6323 1
6324 1
6325 1
6326 1
6327 1
6328 1
6329 0
6330 0
6331 1
6332 1
6333 1
6334 1
6335 1
6336 1
6337 1
6338 1
6339 1
6340 1
6341 1
6342 1
6343 1
6344 1
6345 1
6346 1
6347 1
6348 1
6349 0
6350 2
6351 0
6352 1
6353 1
6354 1
6355 1
6356 1
6357 1
6358 1
6359 2
6360 1
6361 1
6362 2
6363 1
6364 1
6365 0
6366 1
6367 1
6368 1
6369 1
6370 1
6371 1
6372 1
6373 1
6374 1
6375 1
6376 0
6377 1
6378 1
6379 1
6380 1
6381 1
6382 1
6383 0
6384 1
6385 1
6386 1
6387 1
6388 1
6389 1
6390 1
6391 1
6392 1
6393 0
6394 1
6395 0
6396 1
6397 1
6398 0
6399 0
6400 1
6401 1
6402 1
6403 0
6404 0
6405 1
6406 1
6407 1
6408 1
6409 1
6410 1
6411 1
6412 1
6413 1
6414 1
6415 1
6416 0
6417 2
6418 0
6419 1
6420 1
6421 1
6422 1
6423 2
6424 0
6425 1
6426 0
6427 1
6428 1
6429 1
6430 1
6431 1
6432 1
6433 1
6434 1
6435 0
6436 0
6437 1
6438 1
6439 1
6440 1
6441 1
6442 1
6443 1
6444 0
6445 1
6446 1
6447 1
6448 2
6449 1
6450 1
6451 1
6452 1
6453 1
6454 1
6455 0
6456 0
6457 1
6458 0
6459 1
6460 0
6461 1
6462 1
6463 2
6464 2
6465 0
6466 1
6467 1
6468 2
6469 1
6470 1
6471 1
6472 0
6473 1
6474 1
6475 0
6476 0
6477 1
6478 1
6479 1
6480 1
6481 1
6482 1
6483 0
6484 0
6485 1
6486 2
6487 1
6488 1
6489 1
6490 0
6491 1
6492 1
6493 1
6494 1
6495 0
6496 0
6497 1
6498 0
6499 0
6500 0
6501 1
6502 1
6503 2
6504 1
6505 1
6506 0
6507 1
6508 2
6509 1
6510 2
6511 1
6512 1
6513 1
6514 1
6515 1
6516 1
6517 1
6518 1
6519 1
6520 1
6521 1
6522 1
6523 1
6524 1
6525 1
6526 1
6527 1
6528 1
6529 1
6530 0
6531 1
6532 2
6533 1
6534 1
6535 1
6536 1
6537 1
6538 2
6539 1
6540 1
6541 1
6542 1
6543 2
6544 1
6545 0
6546 1
6547 0
6548 1
6549 1
6550 1
6551 1
6552 1
6553 1
6554 1
6555 1
6556 0
6557 1
6558 0
6559 2
6560 0
6561 1
6562 0
6563 0
6564 1
6565 2
6566 1
6567 2
6568 1
6569 1
6570 1
6571 1
6572 1
6573 1
6574 0
6575 1
6576 1
6577 1
6578 1
6579 1
6580 1
6581 2
6582 0
6583 1
6584 0
6585 1
6586 1
6587 1
6588 0
6589 1
6590 2
6591 2
6592 1
6593 1
6594 1
6595 1
6596 0
6597 0
6598 2
6599 0
6600 1
6601 1
6602 1
6603 2
6604 1
6605 1
6606 2
6607 1
6608 0
6609 1
6610 1
6611 1
6612 1
6613 1
6614 1
6615 0
6616 0
6617 0
6618 0
6619 1
6620 1
6621 1
6622 0
6623 0
6624 0
6625 0
6626 1
6627 0
6628 0
6629 0
6630 0
6631 0
6632 1
6633 1
6634 1
6635 1
6636 1
6637 0
6638 1
6639 1
6640 0
6641 1
6642 0
6643 1
6644 0
6645 1
6646 1
6647 1
6648 1
6649 1
6650 1
6651 1
6652 1
6653 1
6654 1
6655 1
6656 2
6657 1
6658 1
6659 0
6660 1
6661 0
6662 1
6663 0
6664 1
6665 1
6666 1
6667 0
6668 1
6669 0
6670 0
6671 0
6672 1
6673 0
6674 1
6675 0
6676 0
6677 1
6678 0
6679 2
6680 1
6681 0
6682 1
6683 2
6684 2
6685 1
6686 1
6687 1
6688 1
6689 1
6690 1
6691 1
6692 1
6693 1
6694 0
6695 0
6696 0
6697 0
6698 0
6699 1
6700 1
6701 0
6702 1
6703 1
6704 1
6705 1
6706 1
6707 1
6708 1
6709 1
6710 1
6711 1
6712 1
6713 1
6714 0
6715 1
6716 1
6717 1
6718 0
6719 1
6720 1
6721 1
6722 1
6723 1
6724 0
6725 1
6726 1
6727 1
6728 1
6729 1
6730 1
6731 2
6732 1
6733 1
6734 1
6735 2
6736 1
6737 2
6738 1
6739 1
6740 2
6741 0
6742 2
6743 1
6744 1
6745 1
6746 1
6747 2
6748 1
6749 1
6750 0
6751 1
6752 1
6753 0
6754 0
6755 1
6756 1
6757 0
6758 0
6759 0
6760 1
6761 1
6762 1
6763 1
6764 0
6765 1
6766 1
6767 1
6768 1
6769 0
6770 1
6771 1
6772 1
6773 1
6774 1
6775 1
6776 1
6777 1
6778 0
6779 2
6780 0
6781 0
6782 1
6783 0
6784 1
6785 1
6786 0
6787 1
6788 0
6789 1
6790 1
6791 0
6792 1
6793 0
6794 1
6795 0
6796 1
6797 1
6798 1
6799 1
6800 0
6801 1
6802 1
6803 1
6804 0
6805 1
6806 1
6807 1
6808 1
6809 1
6810 0
6811 1
6812 1
6813 1
6814 1
6815 0
6816 1
6817 1
6818 1
6819 0
6820 1
6821 1
6822 0
6823 1
6824 1
6825 1
6826 1
6827 2
6828 1
6829 1
6830 1
6831 0
6832 0
6833 0
6834 1
6835 1
6836 1
6837 1
6838 1
6839 1
6840 1
6841 1
6842 1
6843 1
6844 1
6845 1
6846 0
6847 1
6848 0
6849 1
6850 1
6851 1
6852 1
6853 1
6854 1
6855 1
6856 1
6857 1
6858 1
6859 1
6860 0
6861 0
6862 0
6863 0
6864 1
6865 1
6866 1
6867 1
6868 1
6869 0
6870 0
6871 1
6872 0
6873 2
6874 1
6875 1
6876 0
6877 1
6878 0
6879 0
6880 1
6881 0
6882 1
6883 1
6884 1
6885 0
6886 2
6887 1
6888 1
6889 1
6890 1
6891 0
6892 0
6893 1
6894 1
6895 1
6896 1
6897 1
6898 1
6899 1
6900 1
6901 1
6902 0
6903 0
6904 1
6905 2
6906 1
6907 1
6908 2
6909 1
6910 0
6911 1
6912 0
6913 0
6914 1
6915 1
6916 1
6917 2
6918 1
6919 2
6920 1
6921 1
6922 0
6923 0
6924 1
6925 1
6926 1
6927 1
6928 1
6929 2
6930 0
6931 1
6932 1
6933 1
6934 2
6935 1
6936 1
6937 1
6938 1
6939 1
6940 1
6941 1
6942 0
6943 1
6944 1
6945 1
6946 0
6947 0
6948 1
6949 0
6950 1
6951 1
6952 0
6953 2
6954 2
6955 1
6956 1
6957 1
6958 1
6959 2
6960 1
6961 1
6962 0
6963 1
6964 1
6965 1
6966 0
6967 0
6968 0
6969 1
6970 1
6971 1
6972 0
6973 0
6974 1
6975 1
6976 1
6977 1
6978 1
6979 2
6980 2
6981 1
6982 1
6983 2
6984 1
6985 1
6986 0
6987 1
6988 0
6989 1
6990 0
6991 0
6992 1
6993 1
6994 1
6995 1
6996 2
6997 0
6998 0
6999 0
7000 1
7001 1
7002 1
7003 1
7004 1
7005 1
7006 1
7007 0
7008 1
7009 1
7010 1
7011 1
7012 1
7013 1
7014 1
7015 1
7016 1
7017 1
7018 1
7019 0
7020 0
7021 2
7022 1
7023 1
7024 1
7025 1
7026 1
7027 1
7028 0
7029 0
7030 1
7031 0
7032 1
7033 1
7034 1
7035 1
7036 0
7037 1
7038 1
7039 0
7040 1
7041 2
7042 1
7043 1
7044 1
7045 1
7046 1
7047 1
7048 1
7049 1
7050 1
7051 0
7052 1
7053 1
7054 1
7055 1
7056 1
7057 1
7058 1
7059 2
7060 0
7061 1
7062 0
7063 1
7064 1
7065 1
7066 1
7067 0
7068 1
7069 0
7070 1
7071 0
7072 0
7073 0
7074 2
7075 0
7076 2
7077 2
7078 1
7079 1
7080 0
7081 1
7082 1
7083 0
7084 1
7085 1
7086 1
7087 0
7088 1
7089 1
7090 1
7091 1
7092 1
7093 1
7094 1
7095 1
7096 1
7097 1
7098 1
7099 1
7100 0
7101 1
7102 1
7103 1
7104 0
7105 1
7106 1
7107 1
7108 0
7109 1
7110 1
7111 1
7112 1
7113 1
7114 0
7115 1
7116 1
7117 0
7118 0
7119 1
7120 0
7121 0
7122 0
7123 1
7124 2
7125 1
7126 0
7127 0
7128 0
7129 1
7130 1
7131 1
7132 1
7133 1
7134 1
7135 0
7136 1
7137 1
7138 1
7139 1
7140 1
7141 1
7142 0
7143 1
7144 1
7145 2
7146 1
7147 2
7148 1
7149 1
7150 0
7151 1
7152 1
7153 1
7154 1
7155 1
7156 1
7157 0
7158 0
7159 1
7160 0
7161 1
7162 1
7163 1
7164 1
7165 0
7166 2
7167 2
7168 1
7169 1
7170 1
7171 1
7172 1
7173 1
7174 1
7175 1
7176 0
7177 1
7178 1
7179 1
7180 1
7181 1
7182 1
7183 1
7184 1
7185 0
7186 1
7187 1
7188 2
7189 1
7190 1
7191 1
7192 2
7193 0
7194 1
7195 0
7196 2
7197 0
7198 1
7199 1
7200 1
7201 0
7202 1
7203 1
7204 0
7205 1
7206 1
7207 1
7208 1
7209 0
7210 1
7211 0
7212 1
7213 1
7214 1
7215 1
7216 1
7217 1
7218 1
7219 1
7220 1
7221 0
7222 1
7223 1
7224 1
7225 0
7226 1
7227 1
7228 0
7229 0
7230 1
7231 1
7232 1
7233 1
7234 1
7235 1
7236 1
7237 1
7238 0
7239 1
7240 1
7241 1
7242 0
7243 1
7244 1
7245 1
7246 0
7247 2
7248 1
7249 1
7250 1
7251 1
7252 0
7253 1
7254 1
7255 0
7256 2
7257 1
7258 1
7259 0
7260 2
7261 1
7262 1
7263 1
7264 1
7265 1
7266 1
7267 1
7268 1
7269 1
7270 1
7271 1
7272 1
7273 1
7274 1
7275 1
7276 1
7277 1
7278 1
7279 0
7280 2
7281 2
7282 1
7283 1
7284 1
7285 1
7286 1
7287 1
7288 1
7289 1
7290 1
7291 0
7292 0
7293 0
7294 0
7295 1
7296 1
7297 1
7298 0
7299 0
7300 1
7301 1
7302 2
7303 2
7304 1
7305 1
7306 2
7307 1
7308 1
7309 1
7310 0
7311 1
7312 1
7313 1
7314 2
7315 1
7316 1
7317 1
7318 0
7319 1
7320 1
7321 1
7322 0
7323 1
7324 1
7325 1
7326 1
7327 0
7328 0
7329 1
7330 0
7331 1
7332 0
7333 1
7334 1
7335 1
7336 1
7337 1
7338 0
7339 1
7340 1
7341 1
7342 1
7343 1
7344 0
7345 0
7346 1
7347 1
7348 1
7349 1
7350 2
7351 1
7352 1
7353 1
7354 1
7355 1
7356 0
7357 2
7358 0
7359 1
7360 1
7361 0
7362 0
7363 0
7364 0
7365 1
7366 1
7367 1
7368 1
7369 1
7370 1
7371 1
7372 1
7373 1
7374 1
7375 2
7376 1
7377 2
7378 0
7379 0
7380 1
7381 1
7382 0
7383 1
7384 0
7385 0
7386 1
7387 1
7388 1
7389 1
7390 1
7391 1
7392 1
7393 1
7394 0
7395 1
7396 0
7397 2
7398 1
7399 0
7400 1
7401 1
7402 0
7403 1
7404 1
7405 0
7406 1
7407 0
7408 0
7409 1
7410 2
7411 1
7412 1
7413 1
7414 1
7415 0
7416 1
7417 0
7418 2
7419 1
7420 1
7421 1
7422 1
7423 0
7424 1
7425 1
7426 1
7427 1
7428 2
7429 1
7430 0
7431 1
7432 0
7433 1
7434 1
7435 1
7436 0
7437 1
7438 1
7439 1
7440 1
7441 1
7442 1
7443 2
7444 0
7445 2
7446 0
7447 1
7448 1
7449 1
7450 1
7451 1
7452 1
7453 1
7454 1
7455 2
7456 1
7457 1
7458 1
7459 1
7460 1
7461 1
7462 1
7463 1
7464 1
7465 1
7466 1
7467 0
7468 1
7469 1
7470 1
7471 1
7472 0
7473 1
7474 1
7475 1
7476 1
7477 0
7478 1
7479 0
7480 1
7481 1
7482 1
7483 1
7484 0
7485 1
7486 1
7487 1
7488 1
7489 1
7490 0
7491 2
7492 1
7493 1
7494 0
7495 0
7496 0
7497 1
7498 1
7499 0
7500 1
7501 1
7502 1
7503 1
7504 1
7505 0
7506 1
7507 1
7508 1
7509 1
7510 1
7511 0
7512 1
7513 1
7514 1
7515 1
7516 1
7517 1
7518 1
7519 1
7520 1
7521 1
7522 1
7523 0
7524 0
7525 0
7526 1
7527 1
7528 1
7529 1
7530 1
7531 1
7532 1
7533 1
7534 1
7535 1
7536 1
7537 1
7538 1
7539 0
7540 0
7541 1
7542 1
7543 1
7544 1
7545 0
7546 1
7547 1
7548 0
7549 0
7550 0
7551 0
7552 1
7553 1
7554 0
7555 1
7556 0
7557 1
7558 1
7559 1
7560 1
7561 1
7562 1
7563 1
7564 2
7565 0
7566 1
7567 1
7568 1
7569 1
7570 1
7571 1
7572 0
7573 1
7574 1
7575 1
7576 1
7577 1
7578 1
7579 1
7580 1
7581 1
7582 1
7583 1
7584 1
7585 0
7586 1
7587 0
7588 1
7589 1
7590 0
7591 1
7592 2
7593 0
7594 0
7595 1
7596 1
7597 1
7598 1
7599 0
7600 2
7601 1
7602 1
7603 1
7604 1
7605 1
7606 1
7607 1
7608 1
7609 1
7610 1
7611 1
7612 1
7613 0
7614 0
7615 1
7616 1
7617 0
7618 0
7619 0
7620 1
7621 0
7622 1
7623 0
7624 1
7625 0
7626 1
7627 0
7628 2
7629 0
7630 0
7631 2
7632 0
7633 1
7634 1
7635 0
7636 1
7637 0
7638 1
7639 0
7640 1
7641 1
7642 1
7643 0
7644 2
7645 0
7646 1
7647 0
7648 1
7649 1
7650 1
7651 1
7652 1
7653 1
7654 1
7655 1
7656 1
7657 2
7658 1
7659 1
7660 0
7661 1
7662 1
7663 1
7664 0
7665 1
7666 0
7667 1
7668 1
7669 2
7670 2
7671 1
7672 1
7673 1
7674 1
7675 1
7676 0
7677 0
7678 2
7679 1
7680 1
7681 1
7682 1
7683 0
7684 1
7685 0
7686 0
7687 1
7688 1
7689 0
7690 1
7691 0
7692 2
7693 1
7694 1
7695 1
7696 0
7697 1
7698 1
7699 1
7700 1
7701 0
7702 1
7703 1
7704 0
7705 1
7706 1
7707 0
7708 1
7709 1
7710 1
7711 1
7712 0
7713 1
7714 0
7715 1
7716 0
7717 0
7718 0
7719 1
7720 1
7721 1
7722 0
7723 1
7724 1
7725 0
7726 0
7727 1
7728 0
7729 1
7730 0
7731 0
7732 0
7733 1
7734 1
7735 0
7736 1
7737 1
7738 1
7739 1
7740 1
7741 1
7742 0
7743 1
7744 2
7745 0
7746 1
7747 1
7748 1
7749 1
7750 1
7751 1
7752 1
7753 1
7754 0
7755 2
7756 1
7757 2
7758 1
7759 0
7760 1
7761 1
7762 1
7763 1
7764 0
7765 0
7766 0
7767 0
7768 1
7769 0
7770 1
7771 0
7772 2
7773 1
7774 0
7775 1
7776 0
7777 2
7778 1
7779 1
7780 1
7781 1
7782 2
7783 1
7784 0
7785 1
7786 0
7787 1
7788 1
7789 1
7790 1
7791 1
7792 0
7793 2
7794 0
7795 1
7796 0
7797 0
7798 1
7799 1
7800 1
7801 1
7802 0
7803 1
7804 0
7805 1
7806 0
7807 1
7808 1
7809 1
7810 0
7811 0
7812 1
7813 1
7814 1
7815 1
7816 1
7817 1
7818 1
7819 1
7820 1
7821 1
7822 1
7823 0
7824 2
7825 1
7826 1
7827 1
7828 1
7829 0
7830 1
7831 1
7832 1
7833 1
7834 0
7835 1
7836 2
7837 1
7838 1
7839 1
7840 1
7841 1
7842 1
7843 2
7844 0
7845 2
7846 1
7847 1
7848 0
7849 1
7850 1
7851 1
7852 2
7853 0
7854 1
7855 1
7856 1
7857 2
7858 0
7859 1
7860 0
7861 1
7862 1
7863 1
7864 1
7865 0
7866 1
7867 0
7868 1
7869 1
7870 0
7871 1
7872 1
7873 1
7874 2
7875 1
7876 1
7877 1
7878 0
7879 0
7880 1
7881 1
7882 1
7883 1
7884 0
7885 1
7886 1
7887 1
7888 1
7889 1
7890 1
7891 2
7892 1
7893 0
7894 2
7895 1
7896 1
7897 1
7898 1
7899 0
7900 1
7901 0
7902 1
7903 1
7904 1
7905 1
7906 1
7907 1
7908 1
7909 1
7910 1
7911 1
7912 1
7913 1
7914 1
7915 1
7916 1
7917 1
7918 1
7919 0
7920 1
7921 1
7922 1
7923 1
7924 1
7925 1
7926 1
7927 1
7928 0
7929 0
7930 0
7931 1
7932 1
7933 1
7934 1
7935 1
7936 1
7937 1
7938 1
7939 0
7940 1
7941 1
7942 0
7943 0
7944 0
7945 1
7946 0
7947 1
7948 1
7949 1
7950 1
7951 1
7952 2
7953 0
7954 1
7955 1
7956 1
7957 1
7958 0
7959 1
7960 1
7961 1
7962 1
7963 0
7964 1
7965 0
7966 1
7967 1
7968 1
7969 0
7970 1
7971 1
7972 0
7973 0
7974 1
7975 1
7976 1
7977 1
7978 1
7979 0
7980 1
7981 1
7982 2
7983 1
7984 1
7985 1
7986 1
7987 1
7988 1
7989 1
7990 1
7991 2
7992 0
7993 1
7994 1
7995 1
7996 1
7997 1
7998 1
7999 0
8000 1
8001 1
8002 1
8003 0
8004 0
8005 1
8006 1
8007 1
8008 1
8009 1
8010 1
8011 0
8012 0
8013 2
8014 1
8015 1
8016 0
8017 1
8018 1
8019 1
8020 0
8021 2
8022 0
8023 1
8024 0
8025 0
8026 1
8027 0
8028 1
8029 1
8030 1
8031 1
8032 2
8033 0
8034 0
8035 1
8036 0
8037 1
8038 0
8039 1
8040 1
8041 1
8042 1
8043 2
8044 1
8045 1
8046 2
8047 1
8048 0
8049 1
8050 1
8051 0
8052 1
8053 1
8054 1
8055 0
8056 1
8057 1
8058 1
8059 0
8060 1
8061 1
8062 1
8063 0
8064 1
8065 1
8066 0
8067 2
8068 0
8069 1
8070 0
8071 0
8072 2
8073 0
8074 1
8075 1
8076 1
8077 1
8078 0
8079 1
8080 1
8081 1
8082 0
8083 1
8084 1
8085 1
8086 1
8087 1
8088 1
8089 1
8090 1
8091 1
8092 1
8093 1
8094 1
8095 0
8096 1
8097 0
8098 1
8099 1
8100 1
8101 1
8102 1
8103 1
8104 1
8105 0
8106 1
8107 0
8108 0
8109 0
8110 1
8111 1
8112 1
8113 1
8114 1
8115 1
8116 0
8117 0
8118 1
8119 1
8120 1
8121 0
8122 1
8123 1
8124 1
8125 0
8126 1
8127 1
8128 0
8129 1
8130 1
8131 0
8132 1
8133 1
8134 0
8135 1
8136 1
8137 2
8138 1
8139 1
8140 1
8141 0
8142 1
8143 1
8144 0
8145 1
8146 1
8147 1
8148 0
8149 1
8150 1
8151 0
8152 1
8153 0
8154 1
8155 1
8156 1
8157 1
8158 1
8159 1
8160 0
8161 1
8162 1
8163 0
8164 0
8165 1
8166 1
8167 0
8168 1
8169 1
8170 1
8171 0
8172 1
8173 1
8174 0
8175 0
8176 1
8177 1
8178 1
8179 0
8180 0
8181 0
8182 1
8183 0
8184 1
8185 1
8186 1
8187 1
8188 1
8189 1
8190 1
8191 1
8192 0
8193 1
8194 0
8195 2
8196 1
8197 1
8198 1
8199 0
8200 1
8201 2
8202 1
8203 1
8204 0
8205 1
8206 1
8207 0
8208 1
8209 1
8210 1
8211 1
8212 1
8213 0
8214 1
8215 1
8216 1
8217 1
8218 1
8219 1
8220 0
8221 1
8222 0
8223 1
8224 1
8225 1
8226 1
8227 1
8228 1
8229 1
8230 1
8231 0
8232 1
8233 1
8234 1
8235 1
8236 1
8237 1
8238 0
8239 1
8240 0
8241 0
8242 1
8243 0
8244 1
8245 1
8246 0
8247 1
8248 1
8249 1
8250 1
8251 1
8252 1
8253 0
8254 1
8255 1
8256 1
8257 1
8258 1
8259 2
8260 2
8261 2
8262 0
8263 1
8264 0
8265 2
8266 1
8267 0
8268 2
8269 1
8270 1
8271 0
8272 1
8273 1
8274 1
8275 1
8276 1
8277 1
8278 0
8279 0
8280 1
8281 1
8282 1
8283 1
8284 0
8285 1
8286 0
8287 1
8288 1
8289 1
8290 1
8291 1
8292 1
8293 1
8294 1
8295 1
8296 1
8297 1
8298 1
8299 1
8300 1
8301 1
8302 1
8303 1
8304 0
8305 1
8306 1
8307 1
8308 1
8309 1
8310 1
8311 1
8312 1
8313 1
8314 1
8315 1
8316 1
8317 1
8318 0
8319 1
8320 1
8321 1
8322 1
8323 1
8324 1
8325 1
8326 1
8327 0
8328 1
8329 1
8330 1
8331 1
8332 1
8333 1
8334 1
8335 1
8336 1
8337 1
8338 1
8339 2
8340 0
8341 0
8342 1
8343 1
8344 1
8345 1
8346 1
8347 1
8348 1
8349 0
8350 1
8351 1
8352 0
8353 1
8354 0
8355 0
8356 1
8357 1
8358 1
8359 1
8360 1
8361 1
8362 0
8363 1
8364 1
8365 1
8366 1
8367 1
8368 0
8369 1
8370 1
8371 1
8372 1
8373 0
8374 1
8375 1
8376 1
8377 1
8378 0
8379 1
8380 0
8381 0
8382 0
8383 0
8384 0
8385 1
8386 0
8387 1
8388 1
8389 0
8390 0
8391 0
8392 0
8393 1
8394 0
8395 1
8396 0
8397 1
8398 0
8399 0
8400 1
8401 0
8402 0
8403 0
8404 1
8405 1
8406 1
8407 0
8408 1
8409 1
8410 1
8411 0
8412 0
8413 0
8414 0
8415 1
8416 0
8417 0
8418 1
8419 1
8420 0
8421 0
8422 1
8423 0
8424 1
8425 1
8426 1
8427 1
8428 1
8429 1
8430 1
8431 1
8432 0
8433 0
8434 1
8435 1
8436 2
8437 1
8438 0
8439 0
8440 1
8441 1
8442 1
8443 1
8444 1
8445 1
8446 1
8447 1
8448 1
8449 1
8450 1
8451 1
8452 0
8453 1
8454 1
8455 1
8456 1
8457 1
8458 1
8459 1
8460 0
8461 1
8462 0
8463 1
8464 2
8465 0
8466 1
8467 0
8468 0
8469 2
8470 1
8471 0
8472 1
8473 1
8474 0
8475 1
8476 1
8477 1
8478 1
8479 2
8480 1
8481 1
8482 1
8483 1
8484 1
8485 0
8486 1
8487 1
8488 0
8489 1
8490 1
8491 1
8492 0
8493 0
8494 1
8495 0
8496 0
8497 1
8498 1
8499 0
8500 1
8501 1
8502 1
8503 0
8504 1
8505 0
8506 1
8507 1
8508 1
8509 0
8510 1
8511 0
8512 0
8513 0
8514 1
8515 1
8516 1
8517 1
8518 1
8519 1
8520 1
8521 0
8522 1
8523 1
8524 1
8525 1
8526 0
8527 0
8528 0
8529 0
8530 1
8531 2
8532 1
8533 1
8534 1
8535 1
8536 0
8537 1
8538 0
8539 1
8540 1
8541 1
8542 1
8543 1
8544 1
8545 1
8546 1
8547 0
8548 0
8549 0
8550 0
8551 0
8552 2
8553 1
8554 1
8555 1
8556 1
8557 1
8558 1
8559 1
8560 1
8561 1
8562 0
8563 2
8564 1
8565 1
8566 1
8567 1
8568 1
8569 1
8570 1
8571 1
8572 1
8573 1
8574 1
8575 1
8576 1
8577 1
8578 0
8579 1
8580 0
8581 1
8582 1
8583 1
8584 1
8585 1
8586 1
8587 1
8588 0
8589 0
8590 0
8591 1
8592 1
8593 1
8594 1
8595 1
8596 0
8597 1
8598 1
8599 1
8600 1
8601 0
8602 1
8603 1
8604 1
8605 0
8606 0
8607 1
8608 1
8609 1
8610 0
8611 0
8612 1
8613 0
8614 0
8615 1
8616 1
8617 1
8618 0
8619 1
8620 0
8621 0
8622 0
8623 0
8624 0
8625 0
8626 1
8627 1
8628 1
8629 0
8630 0
8631 0
8632 0
8633 0
8634 0
8635 1
8636 1
8637 0
8638 0
8639 1
8640 0
8641 1
8642 0
8643 0
8644 1
8645 0
8646 1
8647 0
8648 0
8649 1
8650 0
8651 1
8652 0
8653 0
8654 0
8655 0
8656 1
8657 1
8658 0
8659 0
8660 0
8661 0
8662 1
8663 1
8664 1
8665 1
8666 1
8667 1
8668 0
8669 0
8670 0
8671 0
8672 0
8673 0
8674 0
8675 1
8676 1
8677 1
8678 1
8679 1
8680 1
8681 1
8682 1
8683 1
8684 1
8685 0
8686 1
8687 1
8688 0
8689 1
8690 1
8691 1
8692 1
8693 0
8694 1
8695 1
8696 1
8697 1
8698 1
8699 1
8700 1
8701 0
8702 1
8703 1
8704 1
8705 1
8706 0
8707 1
8708 1
8709 1
8710 1
8711 1
8712 1
8713 1
8714 1
8715 1
8716 1
8717 1
8718 1
8719 1
8720 1
8721 1
8722 0
8723 1
8724 1
8725 0
8726 0
8727 0
8728 0
8729 0
8730 1
8731 0
8732 0
8733 0
8734 0
8735 1
8736 1
8737 1
8738 0
8739 0
8740 1
8741 0
8742 1
8743 0
8744 0
8745 1
8746 0
8747 0
8748 1
8749 0
8750 1
8751 0
8752 1
8753 0
8754 0
8755 0
8756 1
8757 0
8758 1
8759 1
8760 0
8761 1
8762 0
8763 1
8764 1
8765 0
8766 1
8767 0
8768 1
8769 1
8770 1
8771 1
8772 1
8773 1
8774 1
8775 1
8776 1
8777 1
8778 1
8779 1
8780 1
8781 1
8782 0
8783 1
8784 0
8785 1
8786 1
8787 0
8788 1
8789 1
8790 1
8791 1
8792 1
8793 0
8794 0
8795 1
8796 1
8797 1
8798 1
8799 0
8800 1
8801 0
8802 0
8803 1
8804 1
8805 1
8806 1
8807 1
8808 1
8809 1
8810 0
8811 0
8812 0
8813 0
8814 0
8815 1
8816 1
8817 1
8818 0
8819 1
8820 1
8821 1
8822 0
8823 1
8824 0
8825 0
8826 1
8827 0
8828 1
8829 1
8830 1
8831 1
8832 1
8833 1
8834 1
8835 1
8836 1
8837 1
8838 1
8839 1
8840 1
8841 0
8842 1
8843 0
8844 1
8845 0
8846 1
8847 0
8848 0
8849 1
8850 1
8851 0
8852 0
8853 1
8854 0
8855 1
8856 1
8857 1
8858 1
8859 2
8860 0
8861 0
8862 1
8863 2
8864 1
8865 0
8866 1
8867 2
8868 1
8869 0
8870 1
8871 1
8872 1
8873 1
8874 1
8875 2
8876 1
8877 0
8878 1
8879 0
8880 0
8881 1
8882 1
8883 1
8884 1
8885 1
8886 1
8887 1
8888 1
8889 1
8890 2
8891 1
8892 0
8893 2
8894 1
8895 1
8896 0
8897 1
8898 1
8899 1
8900 1
8901 0
8902 0
8903 1
8904 1
8905 0
8906 0
8907 1
8908 1
8909 1
8910 1
8911 1
8912 0
8913 1
8914 1
8915 0
8916 0
8917 1
8918 1
8919 0
8920 1
8921 1
8922 1
8923 0
8924 1
8925 1
8926 0
8927 1
8928 1
8929 1
8930 1
8931 1
8932 1
8933 1
8934 1
8935 1
8936 1
8937 1
8938 1
8939 0
8940 0
8941 1
8942 0
8943 0
8944 1
8945 0
8946 1
8947 1
8948 1
8949 1
8950 1
8951 1
8952 1
8953 0
8954 0
8955 0
8956 1
8957 1
8958 1
8959 1
8960 1
8961 1
8962 1
8963 1
8964 1
8965 1
8966 1
8967 1
8968 1
8969 1
8970 1
8971 0
8972 1
8973 1
8974 0
8975 1
8976 1
8977 0
8978 0
8979 1
8980 1
8981 1
8982 1
8983 1
8984 0
8985 1
8986 1
8987 1
8988 0
8989 1
8990 1
8991 0
8992 1
8993 1
8994 1
8995 0
8996 0
8997 0
8998 1
8999 1
9000 1
9001 1
9002 1
9003 1
9004 1
9005 1
9006 2
9007 1
9008 0
9009 1
9010 1
9011 1
9012 1
9013 0
9014 1
9015 0
9016 0
9017 1
9018 1
9019 1
9020 1
9021 1
9022 1
9023 1
9024 1
9025 1
9026 1
9027 1
9028 1
9029 1
9030 0
9031 1
9032 1
9033 1
9034 0
9035 0
9036 0
9037 1
9038 1
9039 1
9040 1
9041 0
9042 0
9043 1
9044 1
9045 0
9046 1
9047 0
9048 1
9049 1
9050 1
9051 1
9052 1
9053 2
9054 1
9055 2
9056 1
9057 0
9058 1
9059 0
9060 1
9061 0
9062 1
9063 1
9064 1
9065 1
9066 1
9067 1
9068 1
9069 1
9070 1
9071 1
9072 0
9073 1
9074 1
9075 0
9076 1
9077 0
9078 0
9079 0
9080 1
9081 0
9082 0
9083 1
9084 1
9085 1
9086 1
9087 1
9088 1
9089 1
9090 2
9091 1
9092 2
9093 1
9094 1
9095 1
9096 1
9097 0
9098 1
9099 1
9100 0
9101 2
9102 1
9103 1
9104 1
9105 1
9106 1
9107 0
9108 1
9109 1
9110 1
9111 1
9112 0
9113 1
9114 1
9115 1
9116 1
9117 1
9118 0
9119 0
9120 1
9121 1
9122 1
9123 1
9124 1
9125 1
9126 1
9127 1
9128 0
9129 1
9130 1
9131 0
9132 0
9133 1
9134 1
9135 2
9136 1
9137 1
9138 1
9139 1
9140 1
9141 1
9142 0
9143 1
9144 1
9145 1
9146 1
9147 1
9148 1
9149 0
9150 1
9151 1
9152 0
9153 1
9154 1
9155 1
9156 0
9157 1
9158 0
9159 1
9160 1
9161 1
9162 1
9163 0
9164 1
9165 1
9166 1
9167 1
9168 1
9169 1
9170 1
9171 1
9172 1
9173 1
9174 1
9175 1
9176 1
9177 1
9178 1
9179 0
9180 0
9181 1
9182 0
9183 1
9184 0
9185 0
9186 1
9187 1
9188 0
9189 1
9190 0
9191 0
9192 0
9193 0
9194 0
9195 1
9196 0
9197 1
9198 1
9199 1
9200 1
9201 2
9202 0
9203 1
9204 1
9205 1
9206 1
9207 1
9208 1
9209 1
9210 1
9211 1
9212 0
9213 1
9214 0
9215 1
9216 0
9217 1
9218 0
9219 0
9220 1
9221 0
9222 1
9223 1
9224 1
9225 1
9226 0
9227 1
9228 1
9229 1
9230 1
9231 1
9232 0
9233 1
9234 1
9235 1
9236 1
9237 1
9238 1
9239 2
9240 1
9241 0
9242 1
9243 1
9244 1
9245 1
9246 1
9247 1
9248 1
9249 1
9250 1
9251 1
9252 1
9253 1
9254 1
9255 1
9256 1
9257 1
9258 0
9259 1
9260 0
9261 1
9262 0
9263 1
9264 1
9265 1
9266 1
9267 0
9268 1
9269 1
9270 2
9271 2
9272 1
9273 1
9274 1
9275 1
9276 2
9277 0
9278 1
9279 1
9280 1
9281 1
9282 1
9283 0
9284 1
9285 1
9286 1
9287 1
9288 1
9289 1
9290 1
9291 0
9292 0
9293 1
9294 1
9295 1
9296 0
9297 1
9298 1
9299 1
9300 1
9301 1
9302 0
9303 1
9304 1
9305 1
9306 0
9307 1
9308 0
9309 1
9310 1
9311 1
9312 1
9313 1
9314 1
9315 0
9316 1
9317 1
9318 2
9319 0
9320 1
9321 1
9322 1
9323 1
9324 0
9325 1
9326 1
9327 1
9328 1
9329 1
9330 1
9331 0
9332 1
9333 1
9334 1
9335 1
9336 2
9337 0
9338 1
9339 0
9340 1
9341 1
9342 0
9343 2
9344 1
9345 2
9346 2
9347 1
9348 1
9349 0
9350 1
9351 0
9352 2
9353 2
9354 0
9355 1
9356 1
9357 0
9358 0
9359 1
9360 2
9361 0
9362 1
9363 1
9364 1
9365 0
9366 1
9367 1
9368 0
9369 1
9370 1
9371 2
9372 1
9373 1
9374 0
9375 1
9376 1
9377 1
9378 1
9379 1
9380 2
9381 1
9382 1
9383 1
9384 0
9385 1
9386 0
9387 1
9388 1
9389 1
9390 1
9391 1
9392 1
9393 1
9394 2
9395 1
9396 0
9397 2
9398 0
9399 0
9400 1
9401 1
9402 1
9403 1
9404 1
9405 1
9406 1
9407 0
9408 1
9409 1
9410 1
9411 0
9412 0
9413 1
9414 1
9415 1
9416 0
9417 1
9418 1
9419 2
9420 1
9421 1
9422 2
9423 1
9424 0
9425 1
9426 1
9427 1
9428 0
9429 2
9430 1
9431 1
9432 1
9433 0
9434 0
9435 0
9436 2
9437 1
9438 1
9439 0
9440 1
9441 0
9442 1
9443 1
9444 1
9445 1
9446 1
9447 1
9448 0
9449 0
9450 1
9451 0
9452 1
9453 0
9454 1
9455 0
9456 0
9457 1
9458 1
9459 1
9460 0
9461 1
9462 1
9463 1
9464 1
9465 1
9466 1
9467 0
9468 1
9469 2
9470 1
9471 1
9472 0
9473 1
9474 1
9475 1
9476 0
9477 1
9478 1
9479 2
9480 1
9481 1
9482 1
9483 1
9484 1
9485 1
9486 1
9487 0
9488 1
9489 1
9490 1
9491 0
9492 1
9493 0
9494 1
9495 0
9496 1
9497 1
9498 1
9499 1
9500 1
9501 1
9502 1
9503 1
9504 1
9505 1
9506 1
9507 0
9508 1
9509 1
9510 1
9511 1
9512 1
9513 1
9514 1
9515 0
9516 0
9517 1
9518 1
9519 1
9520 1
9521 1
9522 2
9523 1
9524 1
9525 1
9526 1
9527 1
9528 1
9529 1
9530 1
9531 1
9532 1
9533 1
9534 1
9535 1
9536 1
9537 0
9538 1
9539 1
9540 1
9541 1
9542 0
9543 1
9544 0
9545 0
9546 1
9547 1
9548 1
9549 0
9550 0
9551 1
9552 0
9553 1
9554 1
9555 0
9556 0
9557 1
9558 0
9559 1
9560 1
9561 1
9562 1
9563 0
9564 0
9565 1
9566 0
9567 1
9568 0
9569 1
9570 0
9571 0
9572 0
9573 0
9574 1
9575 1
9576 0
9577 1
9578 1
9579 1
9580 1
9581 1
9582 1
9583 1
9584 0
9585 1
9586 1
9587 0
9588 1
9589 0
9590 1
9591 1
9592 1
9593 0
9594 1
9595 1
9596 0
9597 1
9598 1
9599 0
9600 2
9601 0
9602 0
9603 1
9604 0
9605 1
9606 0
9607 1
9608 1
9609 0
9610 0
9611 1
9612 1
9613 1
9614 1
9615 0
9616 1
9617 0
9618 1
9619 1
9620 1
9621 1
9622 1
9623 1
9624 0
9625 2
9626 1
9627 1
9628 1
9629 1
9630 1
9631 0
9632 0
9633 0
9634 2
9635 1
9636 0
9637 1
9638 1
9639 1
9640 2
9641 2
9642 0
9643 1
9644 1
9645 1
9646 1
9647 1
9648 2
9649 1
9650 2
9651 2
9652 1
9653 1
9654 1
9655 1
9656 2
9657 0
9658 1
9659 0
9660 1
9661 1
9662 1
9663 1
9664 1
9665 2
9666 1
9667 1
9668 1
9669 1
9670 1
9671 1
9672 0
9673 1
9674 2
9675 1
9676 0
9677 0
9678 0
9679 1
9680 2
9681 1
9682 0
9683 1
9684 0
9685 2
9686 1
9687 1
9688 0
9689 2
9690 1
9691 2
9692 1
9693 1
9694 1
9695 0
9696 1
9697 1
9698 0
9699 0
9700 1
9701 2
9702 1
9703 1
9704 1
9705 1
9706 1
9707 0
9708 0
9709 1
9710 1
9711 1
9712 1
9713 0
9714 1
9715 0
9716 1
9717 1
9718 2
9719 0
9720 2
9721 1
9722 1
9723 2
9724 0
9725 0
9726 1
9727 1
9728 1
9729 1
9730 1
9731 1
9732 0
9733 2
9734 0
9735 0
9736 1
9737 2
9738 1
9739 0
9740 1
9741 2
9742 1
9743 0
9744 1
9745 1
9746 1
9747 1
9748 0
9749 1
9750 2
9751 1
9752 1
9753 1
9754 1
9755 2
9756 1
9757 1
9758 1
9759 0
9760 0
9761 2
9762 1
9763 1
9764 1
9765 0
9766 1
9767 0
9768 1
9769 0
9770 1
9771 1
9772 1
9773 2
9774 2
9775 0
9776 2
9777 1
9778 1
9779 1
9780 1
9781 0
9782 1
9783 1
9784 1
9785 1
9786 2
9787 1
9788 1
9789 1
9790 1
9791 0
9792 0
9793 1
9794 1
9795 0
9796 1
9797 0
9798 2
9799 0
9800 1
9801 0
9802 1
9803 0
9804 1
9805 0
9806 1
9807 1
9808 1
9809 0
9810 0
9811 2
9812 2
9813 1
9814 2
9815 1
9816 0
9817 1
9818 1
9819 1
9820 1
9821 2
9822 1
9823 0
9824 1
9825 1
9826 1
9827 0
9828 0
9829 1
9830 2
9831 1
9832 1
9833 1
9834 1
9835 0
9836 1
9837 1
9838 1
9839 0
9840 1
9841 1
9842 1
9843 2
9844 2
9845 1
9846 0
9847 1
9848 1
9849 1
9850 0
9851 1
9852 1
9853 2
9854 2
9855 1
9856 0
9857 1
9858 2
9859 1
9860 2
9861 0
9862 1
9863 1
9864 1
9865 1
9866 0
9867 1
9868 1
9869 0
9870 0
9871 1
9872 1
9873 1
9874 1
9875 1
9876 1
9877 0
9878 1
9879 1
9880 0
9881 0
9882 0
9883 1
9884 0
9885 2
9886 1
9887 1
9888 1
9889 1
9890 1
9891 0
9892 0
9893 1
9894 2
9895 2
9896 1
9897 0
9898 1
9899 1
9900 1
9901 0
9902 1
9903 0
9904 1
9905 0
9906 0
9907 2
9908 2
9909 1
9910 0
9911 2
9912 1
9913 1
9914 2
9915 1
9916 2
9917 0
9918 1
9919 2
9920 1
9921 0
9922 1
9923 0
9924 1
9925 0
9926 0
9927 1
9928 1
9929 1
9930 1
9931 1
9932 1
9933 1
9934 1
9935 2
9936 1
9937 1
9938 1
9939 1
9940 0
9941 2
9942 1
9943 1
9944 1
9945 1
9946 1
9947 1
9948 1
9949 1
9950 1
9951 1
9952 1
9953 1
9954 1
9955 1
9956 1
9957 1
9958 0
9959 0
9960 1
9961 0
9962 1
9963 0
9964 2
9965 1
9966 1
9967 0
9968 1
9969 1
9970 1
9971 1
9972 1
9973 1
9974 1
9975 1
9976 1
9977 1
9978 1
9979 1
9980 1
9981 1
9982 1
9983 1
9984 1
9985 1
9986 0
9987 0
9988 1
9989 2
9990 1
9991 1
9992 1
9993 0
9994 1
9995 2
9996 0
9997 2
9998 1
9999 1
10000 1
10001 0
