1 0
2 0
3 0
4 1
5 0
6 0
7 1
8 0
9 1
10 0
11 1
12 2
13 1
14 0
15 1
16 0
17 1
18 0
19 1
20 1
21 0
22 1
23 0
24 0
25 1
26 0
27 0
28 1
29 0
30 0
31 0
32 0
33 2
34 1
35 1
36 1
37 2
38 0
39 1
40 1
41 0
42 1
43 3
44 1
45 1
46 1
47 1
48 1
49 1
50 2
51 2
52 0
53 1
54 1
55 2
56 1
57 0
58 2
59 0
60 0
61 1
62 2
63 1
64 1
65 1
66 2
67 1
68 2
69 2
70 0
71 1
72 2
73 0
74 1
75 1
76 2
77 1
78 1
79 1
80 0
81 1
82 1
83 2
84 1
85 1
86 1
87 2
88 1
89 2
90 2
91 1
92 1
93 2
94 2
95 1
96 1
97 0
98 0
99 1
100 2
101 0
102 0
103 1
104 2
105 2
106 1
107 1
108 2
109 2
110 2
111 2
112 1
113 2
114 0
115 0
116 2
117 2
118 1
119 1
120 1
121 2
122 1
123 1
124 1
125 1
126 1
127 0
128 2
129 1
130 1
131 2
132 1
133 1
134 1
135 1
136 1
137 0
138 2
139 0
140 1
141 1
142 1
143 1
144 2
145 2
146 1
147 2
148 2
149 0
150 1
151 2
152 1
153 1
154 2
155 1
156 2
157 2
158 1
159 1
160 2
161 3
162 0
163 2
164 2
165 1
166 1
167 1
168 1
169 2
170 1
171 2
172 1
173 1
174 1
175 1
176 3
177 2
178 1
179 1
180 2
181 1
182 0
183 0
184 2
185 2
186 2
187 1
188 0
189 3
190 3
191 1
192 2
193 1
194 1
195 1
196 1
197 2
198 0
199 2
200 1
201 1
202 1
203 1
204 2
205 2
206 1
207 2
208 1
209 1
210 1
211 1
212 2
213 1
214 1
215 2
216 1
217 0
218 2
219 2
220 2
221 2
222 1
223 2
224 1
225 2
226 1
227 2
228 2
229 0
230 1
231 0
232 2
233 2
234 2
235 1
236 2
237 2
238 1
239 1
240 2
241 2
242 2
243 0
244 2
245 1
246 0
247 1
248 1
249 1
250 1
251 2
252 2
253 2
254 0
255 1
256 2
257 1
258 0
259 1
260 1
261 0
262 2
263 1
264 2
265 1
266 0
267 2
268 1
269 1
270 1
271 0
272 0
273 1
274 0
275 1
276 1
277 2
278 1
279 2
280 1
281 1
282 1
283 1
284 1
285 1
286 1
287 0
288 2
289 1
290 0
291 0
292 2
293 0
294 2
295 1
296 1
297 1
298 1
299 0
300 1
301 2
302 2
303 2
304 1
305 1
306 2
307 1
308 0
309 1
310 1
311 0
312 1
313 0
314 1
315 0
316 0
317 2
318 1
319 1
320 2
321 1
322 1
323 1
324 1
325 2
326 1
327 2
328 1
329 2
330 0
331 3
332 0
333 1
334 0
335 2
336 0
337 2
338 2
339 1
340 2
341 2
342 2
343 2
344 1
345 2
346 2
347 0
348 1
349 2
350 0
351 0
352 1
353 2
354 2
355 1
356 1
357 1
358 1
359 0
360 1
361 2
362 1
363 3
364 2
365 1
366 1
367 0
368 1
369 1
370 0
371 1
372 1
373 2
374 2
375 1
376 1
377 0
378 1
379 2
380 2
381 1
382 0
383 0
384 1
385 3
386 1
387 2
388 2
389 1
390 2
391 2
392 2
393 1
394 2
395 3
396 1
397 1
398 2
399 1
400 1
401 1
402 0
403 1
404 1
405 2
406 0
407 1
408 1
409 0
410 0
411 0
412 1
413 1
414 2
415 2
416 2
417 2
418 2
419 3
420 1
421 2
422 2
423 1
424 1
425 2
426 2
427 1
428 1
429 2
430 1
431 1
432 1
433 1
434 0
435 0
436 2
437 2
438 2
439 2
440 3
441 1
442 2
443 1
444 2
445 1
446 1
447 2
448 2
449 2
450 0
451 2
452 0
453 2
454 2
455 2
456 3
457 2
458 1
459 2
460 1
461 1
462 2
463 2
464 1
465 0
466 1
467 3
468 2
469 2
470 1
471 1
472 0
473 0
474 1
475 1
476 1
477 2
478 2
479 2
480 1
481 1
482 1
483 0
484 1
485 1
486 2
487 2
488 1
489 1
490 1
491 1
492 2
493 2
494 1
495 0
496 2
497 2
498 0
499 2
500 2
501 1
502 1
503 1
504 1
505 0
506 1
507 0
508 1
509 1
510 2
511 2
512 1
513 1
514 1
515 3
516 2
517 1
518 2
519 0
520 1
521 2
522 1
523 2
524 2
525 2
526 2
527 2
528 2
529 1
530 3
531 2
532 1
533 1
534 1
535 2
536 1
537 1
538 2
539 0
540 2
541 1
542 1
543 3
544 2
545 1
546 2
547 0
548 1
549 0
550 0
551 1
552 0
553 1
554 2
555 3
556 1
557 1
558 2
559 1
560 2
561 1
562 1
563 1
564 1
565 2
566 0
567 1
568 0
569 1
570 3
571 1
572 2
573 2
574 2
575 1
576 2
577 2
578 1
579 1
580 3
581 1
582 1
583 1
584 1
585 1
586 0
587 2
588 1
589 2
590 2
591 1
592 1
593 0
594 1
595 2
596 2
597 2
598 2
599 1
600 1
601 3
602 0
603 3
604 1
605 0
606 2
607 0
608 2
609 1
610 2
611 1
612 2
613 2
614 2
615 1
616 1
617 2
618 2
619 1
620 2
621 2
622 2
623 2
624 1
625 2
626 0
627 1
628 1
629 0
630 0
631 1
632 1
633 1
634 1
635 1
636 1
637 0
638 0
639 0
640 1
641 0
642 0
643 0
644 0
645 1
646 1
647 1
648 0
649 0
650 0
651 0
652 0
653 0
654 0
655 0
656 0
657 0
658 0
659 1
660 0
661 1
662 0
663 1
664 0
665 1
666 2
667 1
668 0
669 0
670 0
671 0
672 0
673 0
674 0
675 0
676 0
677 0
678 1
679 1
680 1
681 1
682 0
683 3
684 2
685 0
686 2
687 1
688 1
689 1
690 1
691 1
692 1
693 1
694 1
695 1
696 1
697 2
698 1
699 2
700 2
701 2
702 0
703 2
704 0
705 0
706 0
707 1
708 2
709 1
710 1
711 1
712 1
713 1
714 2
715 1
716 1
717 1
718 2
719 1
720 1
721 1
722 2
723 2
724 2
725 2
726 1
727 1
728 1
729 0
730 0
731 1
732 1
733 1
734 0
735 1
736 1
737 0
738 0
739 1
740 1
741 1
742 1
743 1
744 1
745 2
746 1
747 0
748 3
749 0
750 1
751 0
752 2
753 1
754 2
755 2
756 1
757 2
758 1
759 2
760 0
761 0
762 1
763 2
764 2
765 1
766 1
767 1
768 1
769 1
770 2
771 1
772 1
773 2
774 1
775 2
776 1
777 2
778 2
779 1
780 0
781 1
782 1
783 3
784 1
785 1
786 1
787 2
788 2
789 2
790 2
791 1
792 1
793 2
794 1
795 1
796 2
797 1
798 0
799 2
800 1
801 2
802 0
803 1
804 1
805 1
806 1
807 2
808 0
809 0
810 0
811 0
812 0
813 0
814 0
815 0
816 0
817 0
818 0
819 0
820 0
821 0
822 0
823 0
824 0
825 0
826 0
827 0
828 0
829 1
830 0
831 0
832 0
833 0
834 1
835 1
836 1
837 0
838 0
839 0
840 0
841 0
842 0
843 1
844 0
845 1
846 0
847 0
848 0
849 0
850 0
851 1
852 1
853 0
854 0
855 0
856 0
857 0
858 1
859 0
860 0
861 0
862 0
863 0
864 0
865 0
866 0
867 0
868 0
869 1
870 0
871 1
872 0
873 0
874 2
875 1
876 2
877 3
878 1
879 2
880 2
881 1
882 1
883 1
884 0
885 2
886 0
887 1
888 1
889 2
890 1
891 2
892 1
893 2
894 2
895 2
896 2
897 2
898 1
899 1
900 2
901 1
902 0
903 2
904 1
905 1
906 1
907 2
908 2
909 1
910 1
911 2
912 2
913 2
914 1
915 0
916 1
917 1
918 1
919 1
920 2
921 2
922 2
923 2
924 1
925 1
926 2
927 1
928 1
929 0
930 3
931 1
932 2
933 0
934 0
935 1
936 2
937 0
938 1
939 0
940 2
941 1
942 0
943 0
944 1
945 1
946 0
947 0
948 1
949 0
950 2
951 2
952 1
953 2
954 2
955 1
956 3
957 2
958 2
959 2
960 3
961 2
962 1
963 2
964 2
965 2
966 0
967 1
968 1
969 1
970 1
971 1
972 1
973 0
974 2
975 1
976 3
977 0
978 1
979 2
980 0
981 1
982 2
983 0
984 1
985 1
986 2
987 0
988 1
989 2
990 1
991 1
992 1
993 1
994 1
995 0
996 2
997 2
998 1
999 0
1000 1
1001 1
1002 2
1003 1
1004 1
1005 2
1006 1
1007 2
1008 3
1009 2
1010 2
1011 2
1012 3
1013 2
1014 2
1015 3
1016 2
1017 0
1018 1
1019 2
1020 0
1021 1
1022 1
1023 1
1024 2
1025 2
1026 0
1027 1
1028 1
1029 2
1030 0
1031 0
1032 0
1033 2
1034 2
1035 1
1036 0
1037 1
1038 0
1039 1
1040 2
1041 1
1042 3
1043 1
1044 1
1045 0
1046 1
1047 1
1048 2
1049 0
1050 1
1051 0
1052 0
1053 0
1054 1
1055 0
1056 0
1057 0
1058 0
1059 0
1060 1
1061 0
1062 0
1063 0
1064 0
1065 0
1066 0
1067 0
1068 0
1069 0
1070 0
1071 0
1072 0
1073 0
1074 0
1075 0
1076 0
1077 0
1078 0
1079 0
1080 0
1081 0
1082 1
1083 0
1084 0
1085 0
1086 0
1087 0
1088 0
1089 0
1090 0
1091 0
1092 0
1093 0
1094 0
1095 0
1096 2
1097 1
1098 2
1099 2
1100 1
1101 0
1102 0
1103 0
1104 0
1105 0
1106 0
1107 1
1108 0
1109 1
1110 0
1111 0
1112 0
1113 1
1114 0
1115 2
1116 0
1117 1
1118 0
1119 1
1120 1
1121 0
1122 0
1123 0
1124 0
1125 0
1126 1
1127 0
1128 0
1129 0
1130 0
1131 0
1132 0
1133 0
1134 0
1135 0
1136 0
1137 1
1138 0
1139 1
1140 1
1141 0
1142 1
1143 1
1144 0
1145 0
1146 1
1147 2
1148 0
1149 0
1150 1
1151 2
1152 2
1153 2
1154 2
1155 2
1156 1
1157 2
1158 2
1159 1
1160 0
1161 2
1162 2
1163 1
1164 1
1165 0
1166 0
1167 0
1168 0
1169 0
1170 1
1171 0
1172 0
1173 0
1174 0
1175 0
1176 1
1177 1
1178 1
1179 1
1180 1
1181 1
1182 1
1183 2
1184 1
1185 1
1186 2
1187 2
1188 0
1189 2
1190 0
1191 1
1192 1
1193 1
1194 0
1195 2
1196 2
1197 1
1198 1
1199 0
1200 1
1201 1
1202 1
1203 1
1204 0
1205 1
1206 1
1207 1
1208 1
1209 1
1210 2
1211 2
1212 1
1213 1
1214 1
1215 2
1216 1
1217 2
1218 0
1219 2
1220 1
1221 1
1222 2
1223 2
1224 1
1225 1
1226 2
1227 1
1228 1
1229 2
1230 2
1231 1
1232 1
1233 1
1234 1
1235 1
1236 1
1237 2
1238 2
1239 2
1240 1
1241 2
1242 0
1243 0
1244 1
1245 1
1246 1
1247 0
1248 1
1249 1
1250 1
1251 0
1252 1
1253 0
1254 0
1255 2
1256 1
1257 0
1258 0
1259 0
1260 0
1261 1
1262 1
1263 0
1264 1
1265 2
1266 1
1267 2
1268 2
1269 1
1270 1
1271 0
1272 0
1273 1
1274 0
1275 0
1276 1
1277 1
1278 2
1279 0
1280 2
1281 0
1282 2
1283 1
1284 1
1285 2
1286 1
1287 0
1288 2
1289 0
1290 2
1291 0
1292 2
1293 0
1294 2
1295 1
1296 2
1297 2
1298 3
1299 0
1300 1
1301 1
1302 2
1303 2
1304 1
1305 0
1306 1
1307 1
1308 1
1309 1
1310 1
1311 2
1312 0
1313 1
1314 1
1315 2
1316 1
1317 1
1318 1
1319 0
1320 1
1321 2
1322 2
1323 2
1324 2
1325 1
1326 0
1327 1
1328 1
1329 1
1330 0
1331 1
1332 2
1333 1
1334 1
1335 0
1336 2
1337 1
1338 1
1339 1
1340 1
1341 1
1342 1
1343 1
1344 0
1345 1
1346 1
1347 2
1348 0
1349 2
1350 1
1351 2
1352 0
1353 0
1354 1
1355 2
1356 2
1357 1
1358 2
1359 2
1360 1
1361 1
1362 1
1363 0
1364 1
1365 1
1366 2
1367 2
1368 1
1369 0
1370 0
1371 2
1372 1
1373 1
1374 2
1375 2
1376 0
1377 2
1378 1
1379 1
1380 0
1381 0
1382 2
1383 2
1384 1
1385 2
1386 2
1387 1
1388 2
1389 2
1390 1
1391 0
1392 1
1393 2
1394 0
1395 1
1396 1
1397 1
1398 1
1399 2
1400 0
1401 1
1402 1
1403 0
1404 0
1405 0
1406 1
1407 1
1408 0
1409 0
1410 1
1411 1
1412 1
1413 0
1414 0
1415 0
1416 0
1417 0
1418 0
1419 0
1420 1
1421 0
1422 0
1423 0
1424 0
1425 0
1426 0
1427 0
1428 0
1429 1
1430 1
1431 1
1432 0
1433 0
1434 0
1435 1
1436 0
1437 0
1438 0
1439 0
1440 0
1441 0
1442 0
1443 0
1444 0
1445 0
1446 0
1447 0
1448 0
1449 0
1450 0
1451 0
1452 1
1453 1
1454 0
1455 0
1456 0
1457 0
1458 0
1459 0
1460 0
1461 0
1462 0
1463 0
1464 0
1465 1
1466 0
1467 1
1468 0
1469 0
1470 0
1471 1
1472 0
1473 0
1474 0
1475 0
1476 0
1477 0
1478 0
1479 0
1480 0
1481 0
1482 0
1483 0
1484 0
1485 0
1486 0
1487 0
1488 0
1489 0
1490 0
1491 0
1492 0
1493 1
1494 0
1495 1
1496 0
1497 0
1498 1
1499 1
1500 1
1501 1
1502 1
1503 1
1504 1
1505 0
1506 0
1507 0
1508 0
1509 0
1510 0
1511 1
1512 0
1513 0
1514 0
1515 0
1516 0
1517 0
1518 0
1519 0
1520 0
1521 1
1522 1
1523 0
1524 0
1525 0
1526 1
1527 1
1528 0
1529 0
1530 0
1531 0
1532 0
1533 2
1534 1
1535 1
1536 1
1537 2
1538 1
1539 2
1540 1
1541 3
1542 2
1543 0
1544 1
1545 1
1546 0
1547 2
1548 0
1549 1
1550 1
1551 1
1552 2
1553 2
1554 2
1555 1
1556 2
1557 2
1558 2
1559 1
1560 2
1561 1
1562 1
1563 1
1564 1
1565 1
1566 1
1567 0
1568 1
1569 2
1570 1
1571 0
1572 1
1573 1
1574 0
1575 0
1576 0
1577 1
1578 1
1579 0
1580 1
1581 1
1582 0
1583 2
1584 0
1585 1
1586 2
1587 2
1588 0
1589 2
1590 3
1591 2
1592 1
1593 0
1594 2
1595 2
1596 1
1597 1
1598 1
1599 2
1600 2
1601 1
1602 1
1603 2
1604 1
1605 1
1606 1
1607 3
1608 1
1609 3
1610 0
1611 0
1612 1
1613 1
1614 1
1615 1
1616 0
1617 0
1618 0
1619 1
1620 0
1621 1
1622 1
1623 1
1624 1
1625 1
1626 1
1627 0
1628 1
1629 0
1630 0
1631 0
1632 0
1633 0
1634 0
1635 0
1636 0
1637 0
1638 0
1639 0
1640 0
1641 0
1642 0
1643 0
1644 0
1645 0
1646 0
1647 0
1648 0
1649 0
1650 0
1651 0
1652 0
1653 1
1654 0
1655 0
1656 0
1657 0
1658 0
1659 0
1660 0
1661 0
1662 0
1663 0
1664 0
1665 0
1666 0
1667 0
1668 0
1669 0
1670 0
1671 0
1672 0
1673 0
1674 1
1675 1
1676 1
1677 1
1678 1
1679 0
1680 1
1681 1
1682 0
1683 0
1684 0
1685 1
1686 0
1687 0
1688 0
1689 0
1690 0
1691 1
1692 1
1693 1
1694 0
1695 1
1696 0
1697 0
1698 0
1699 0
1700 0
1701 0
1702 1
1703 0
1704 1
1705 0
1706 0
1707 1
1708 1
1709 0
1710 1
1711 1
1712 1
1713 1
1714 1
1715 1
1716 1
1717 1
1718 0
1719 0
1720 1
1721 1
1722 2
1723 1
1724 1
1725 1
1726 1
1727 1
1728 0
1729 0
1730 0
1731 1
1732 0
1733 1
1734 0
1735 0
1736 1
1737 1
1738 1
1739 1
1740 0
1741 1
1742 0
1743 0
1744 1
1745 0
1746 1
1747 1
1748 1
1749 0
1750 0
1751 0
1752 1
1753 0
1754 0
1755 0
1756 0
1757 0
1758 0
1759 0
1760 0
1761 0
1762 0
1763 0
1764 0
1765 0
1766 0
1767 0
1768 0
1769 0
1770 0
1771 0
1772 0
1773 1
1774 1
1775 0
1776 0
1777 1
1778 1
1779 1
1780 1
1781 0
1782 1
1783 1
1784 1
1785 1
1786 1
1787 1
1788 0
1789 0
1790 1
1791 1
1792 1
1793 0
1794 0
1795 0
1796 1
1797 0
1798 1
1799 0
1800 0
1801 1
1802 0
1803 1
1804 1
1805 0
1806 1
1807 0
1808 1
1809 1
1810 0
1811 1
1812 0
1813 0
1814 1
1815 0
1816 1
1817 1
1818 0
1819 1
1820 1
1821 1
1822 1
1823 1
1824 1
1825 0
1826 1
1827 1
1828 0
1829 1
1830 0
1831 1
1832 1
1833 0
1834 0
1835 0
1836 0
1837 0
1838 0
1839 0
1840 1
1841 0
1842 0
1843 0
1844 1
1845 1
1846 0
1847 1
1848 1
1849 1
1850 0
1851 1
1852 1
1853 1
1854 1
1855 1
1856 0
1857 0
1858 1
1859 1
1860 0
1861 0
1862 1
1863 0
1864 1
1865 0
1866 1
1867 0
1868 0
1869 0
1870 0
1871 1
1872 1
1873 1
1874 1
1875 1
1876 1
1877 1
1878 0
1879 0
1880 1
1881 0
1882 1
1883 1
1884 0
1885 0
1886 1
1887 0
1888 0
1889 1
1890 0
1891 0
1892 0
1893 1
1894 0
1895 1
1896 2
1897 0
1898 1
1899 1
1900 1
1901 0
1902 0
1903 1
1904 1
1905 0
1906 0
1907 0
1908 1
1909 1
1910 1
1911 1
1912 1
1913 1
1914 1
1915 1
1916 1
1917 1
1918 0
1919 1
1920 0
1921 1
1922 0
1923 1
1924 1
1925 1
1926 1
1927 1
1928 1
1929 0
1930 1
1931 0
1932 1
1933 1
1934 0
1935 0
1936 0
1937 0
1938 1
1939 1
1940 0
1941 0
1942 0
1943 0
1944 0
1945 1
1946 1
1947 0
1948 0
1949 0
1950 1
1951 0
1952 0
1953 1
1954 1
1955 1
1956 0
1957 1
1958 1
1959 0
1960 0
1961 0
1962 0
1963 0
1964 0
1965 0
1966 0
1967 0
1968 0
1969 0
1970 0
1971 0
1972 0
1973 1
1974 0
1975 1
1976 0
1977 1
1978 1
1979 1
1980 0
1981 0
1982 0
1983 0
1984 1
1985 0
1986 0
1987 0
1988 0
1989 0
1990 0
1991 0
1992 0
1993 0
1994 0
1995 1
1996 0
1997 0
1998 0
1999 0
2000 0
2001 1
2002 0
2003 0
2004 1
2005 0
2006 1
2007 0
2008 0
2009 1
2010 0
2011 0
2012 0
2013 0
2014 0
2015 0
2016 1
2017 0
2018 1
2019 0
2020 1
2021 1
2022 0
2023 0
2024 1
2025 0
2026 1
2027 0
2028 0
2029 0
2030 1
2031 1
2032 1
2033 0
2034 0
2035 1
2036 0
2037 1
2038 1
2039 0
2040 0
2041 0
2042 0
2043 0
2044 1
2045 0
2046 0
2047 1
2048 1
2049 2
2050 2
2051 1
2052 1
2053 2
2054 0
2055 1
2056 2
2057 1
2058 1
2059 0
2060 0
2061 2
2062 0
2063 1
2064 1
2065 0
2066 0
2067 1
2068 1
2069 1
2070 0
2071 2
2072 1
2073 0
2074 0
2075 1
2076 1
2077 0
2078 1
2079 0
2080 0
2081 0
2082 0
2083 0
2084 0
2085 0
2086 1
2087 1
2088 0
2089 0
2090 0
2091 0
2092 1
2093 0
2094 1
2095 1
2096 1
2097 1
2098 1
2099 1
2100 0
2101 1
2102 0
2103 1
2104 0
2105 1
2106 0
2107 1
2108 0
2109 1
2110 1
2111 1
2112 0
2113 0
2114 0
2115 1
2116 0
2117 0
2118 1
2119 0
2120 0
2121 0
2122 0
2123 1
2124 1
2125 0
2126 0
2127 0
2128 0
2129 0
2130 1
2131 0
2132 1
2133 0
2134 1
2135 0
2136 0
2137 1
2138 0
2139 0
2140 0
2141 1
2142 0
2143 1
2144 0
2145 0
2146 1
2147 0
2148 0
2149 1
2150 0
2151 0
2152 0
2153 1
2154 0
2155 1
2156 1
2157 0
2158 1
2159 0
2160 1
2161 2
2162 0
2163 0
2164 0
2165 0
2166 0
2167 1
2168 0
2169 0
2170 1
2171 0
2172 0
2173 1
2174 0
2175 1
2176 0
2177 1
2178 1
2179 1
2180 1
2181 1
2182 0
2183 0
2184 0
2185 0
2186 0
2187 0
2188 0
2189 0
2190 1
2191 1
2192 0
2193 1
2194 0
2195 1
2196 1
2197 0
2198 1
2199 1
2200 1
2201 1
2202 1
2203 1
2204 0
2205 1
2206 1
2207 1
2208 0
2209 1
2210 1
2211 2
2212 0
2213 0
2214 1
2215 2
2216 0
2217 0
2218 0
2219 1
2220 1
2221 0
2222 1
2223 1
2224 0
2225 1
2226 0
2227 0
2228 0
2229 2
2230 1
2231 1
2232 1
2233 1
2234 1
2235 1
2236 0
2237 1
2238 1
2239 1
2240 0
2241 1
2242 0
2243 1
2244 2
2245 1
2246 1
2247 1
2248 0
2249 2
2250 0
2251 1
2252 0
2253 0
2254 1
2255 1
2256 0
2257 0
2258 1
2259 1
2260 1
2261 1
2262 0
2263 1
2264 0
2265 1
2266 0
2267 1
2268 1
2269 1
2270 1
2271 1
2272 0
2273 1
2274 2
2275 1
2276 0
2277 0
2278 1
2279 0
2280 1
2281 1
2282 1
2283 1
2284 0
2285 0
2286 0
2287 0
2288 1
2289 1
2290 0
2291 0
2292 1
2293 0
2294 1
2295 0
2296 1
2297 0
2298 1
2299 1
2300 1
2301 0
2302 0
2303 1
2304 0
2305 0
2306 0
2307 0
2308 0
2309 1
2310 1
2311 1
2312 1
2313 0
2314 0
2315 0
2316 1
2317 1
2318 1
2319 1
2320 1
2321 1
2322 0
2323 0
2324 0
2325 1
2326 1
2327 0
2328 1
2329 0
2330 0
2331 0
2332 0
2333 0
2334 0
2335 0
2336 0
2337 0
2338 0
2339 0
2340 0
2341 0
2342 1
2343 1
2344 1
2345 0
2346 0
2347 1
2348 1
2349 1
2350 1
2351 0
2352 0
2353 0
2354 1
2355 1
2356 1
2357 1
2358 0
2359 0
2360 0
2361 0
2362 0
2363 1
2364 0
2365 0
2366 1
2367 1
2368 1
2369 1
2370 0
2371 1
2372 2
2373 1
2374 1
2375 0
2376 1
2377 0
2378 1
2379 1
2380 0
2381 0
2382 0
2383 1
2384 0
2385 0
2386 0
2387 0
2388 0
2389 0
2390 1
2391 1
2392 0
2393 0
2394 0
2395 0
2396 0
2397 1
2398 1
2399 0
2400 0
2401 0
2402 0
2403 0
2404 1
2405 0
2406 0
2407 1
2408 1
2409 0
2410 0
2411 0
2412 1
2413 1
2414 0
2415 0
2416 0
2417 0
2418 0
2419 0
2420 0
2421 0
2422 0
2423 0
2424 0
2425 0
2426 1
2427 0
2428 0
2429 0
2430 0
2431 0
2432 0
2433 0
2434 0
2435 0
2436 0
2437 0
2438 0
2439 1
2440 1
2441 0
2442 1
2443 1
2444 0
2445 0
2446 1
2447 0
2448 1
2449 0
2450 0
2451 0
2452 0
2453 0
2454 1
2455 0
2456 0
2457 0
2458 0
2459 1
2460 1
2461 0
2462 1
2463 1
2464 1
2465 0
2466 0
2467 1
2468 0
2469 0
2470 0
2471 1
2472 0
2473 1
2474 0
2475 0
2476 0
2477 1
2478 0
2479 0
2480 0
2481 1
2482 0
2483 0
2484 1
2485 0
2486 0
2487 0
2488 1
2489 0
2490 0
2491 0
2492 1
2493 1
2494 0
2495 0
2496 0
2497 0
2498 0
2499 0
2500 0
2501 0
2502 1
2503 0
2504 1
2505 0
2506 0
2507 0
2508 0
2509 1
2510 0
2511 1
2512 1
2513 0
2514 0
2515 0
2516 0
2517 0
2518 0
2519 0
2520 1
2521 1
2522 0
2523 1
2524 1
2525 1
2526 0
2527 1
2528 1
2529 0
2530 0
2531 1
2532 0
2533 0
2534 0
2535 0
2536 0
2537 1
2538 0
2539 0
2540 1
2541 0
2542 0
2543 0
2544 0
2545 0
2546 0
2547 0
2548 0
2549 0
2550 0
2551 1
2552 0
2553 0
2554 0
2555 0
2556 0
2557 1
2558 0
2559 0
2560 0
2561 0
2562 0
2563 0
2564 0
2565 1
2566 0
2567 0
2568 0
2569 1
2570 1
2571 0
2572 1
2573 0
2574 0
2575 0
2576 0
2577 1
2578 1
2579 0
2580 1
2581 0
2582 0
2583 0
2584 1
2585 0
2586 0
2587 1
2588 0
2589 0
2590 1
2591 0
2592 0
2593 1
2594 1
2595 0
2596 1
2597 1
2598 1
2599 1
2600 0
2601 0
2602 0
2603 1
2604 1
2605 0
2606 0
2607 0
2608 1
2609 0
2610 0
2611 0
2612 1
2613 1
2614 0
2615 1
2616 0
2617 0
2618 0
2619 0
2620 1
2621 0
2622 1
2623 0
2624 1
2625 1
2626 1
2627 2
2628 1
2629 1
2630 3
2631 2
2632 0
2633 1
2634 1
2635 1
2636 2
2637 1
2638 1
2639 1
2640 2
2641 1
2642 1
2643 1
2644 1
2645 1
2646 1
2647 0
2648 0
2649 1
2650 0
2651 0
2652 1
2653 1
2654 0
2655 1
2656 0
2657 1
2658 1
2659 1
2660 1
2661 0
2662 0
2663 1
2664 0
2665 0
2666 1
2667 0
2668 0
2669 1
2670 1
2671 1
2672 0
2673 1
2674 0
2675 0
2676 1
2677 2
2678 1
2679 0
2680 0
2681 1
2682 1
2683 1
2684 0
2685 1
2686 0
2687 1
2688 1
2689 0
2690 0
2691 1
2692 1
2693 0
2694 0
2695 1
2696 0
2697 0
2698 0
2699 0
2700 0
2701 0
2702 1
2703 0
2704 0
2705 1
2706 0
2707 0
2708 0
2709 1
2710 0
2711 1
2712 1
2713 1
2714 1
2715 1
2716 1
2717 1
2718 0
2719 0
2720 1
2721 1
2722 0
2723 1
2724 1
2725 0
2726 0
2727 1
2728 1
2729 1
2730 1
2731 0
2732 0
2733 1
2734 0
2735 1
2736 0
2737 0
2738 0
2739 0
2740 0
2741 0
2742 0
2743 0
2744 0
2745 0
2746 0
2747 0
2748 0
2749 0
2750 0
2751 0
2752 0
2753 0
2754 0
2755 0
2756 0
2757 0
2758 0
2759 0
2760 0
2761 0
2762 0
2763 0
2764 0
2765 0
2766 0
2767 0
2768 0
2769 0
2770 0
2771 0
2772 0
2773 0
2774 0
2775 0
2776 0
2777 1
2778 0
2779 1
2780 1
2781 1
2782 0
2783 1
2784 0
2785 0
2786 0
2787 0
2788 1
2789 0
2790 1
2791 1
2792 1
2793 0
2794 0
2795 1
2796 1
2797 0
2798 1
2799 1
2800 0
2801 0
2802 1
2803 0
2804 1
2805 1
2806 1
2807 0
2808 1
2809 1
2810 1
2811 0
2812 1
2813 0
2814 0
2815 1
2816 0
2817 0
2818 1
2819 0
2820 1
2821 1
2822 2
2823 0
2824 1
2825 2
2826 1
2827 1
2828 0
2829 1
2830 1
2831 0
2832 0
2833 1
2834 0
2835 0
2836 1
2837 0
2838 0
2839 1
2840 1
2841 1
2842 0
2843 1
2844 0
2845 1
2846 1
2847 2
2848 0
2849 1
2850 2
2851 1
2852 0
2853 1
2854 1
2855 2
2856 0
2857 0
2858 1
2859 0
2860 0
2861 0
2862 1
2863 1
2864 1
2865 0
2866 0
2867 1
2868 0
2869 0
2870 0
2871 0
2872 1
2873 1
2874 1
2875 2
2876 0
2877 1
2878 1
2879 0
2880 0
2881 1
2882 0
2883 1
2884 0
2885 1
2886 1
2887 1
2888 1
2889 1
2890 1
2891 0
2892 1
2893 1
2894 0
2895 1
2896 2
2897 1
2898 1
2899 0
2900 0
2901 0
2902 0
2903 0
2904 1
2905 1
2906 0
2907 1
2908 0
2909 0
2910 0
2911 0
2912 1
2913 0
2914 1
2915 0
2916 0
2917 0
2918 1
2919 0
2920 0
2921 1
2922 0
2923 1
2924 1
2925 1
2926 1
2927 1
2928 1
2929 0
2930 0
2931 1
2932 1
2933 1
2934 1
2935 2
2936 0
2937 1
2938 1
2939 0
2940 1
2941 0
2942 1
2943 1
2944 0
2945 1
2946 0
2947 1
2948 0
2949 0
2950 0
2951 1
2952 1
2953 1
2954 1
2955 0
2956 1
2957 0
2958 0
2959 1
2960 0
2961 0
2962 0
2963 0
2964 0
2965 0
2966 1
2967 1
2968 0
2969 0
2970 2
2971 1
2972 1
2973 1
2974 1
2975 1
2976 1
2977 0
2978 1
2979 1
2980 1
2981 1
2982 1
2983 1
2984 1
2985 0
2986 0
2987 0
2988 1
2989 1
2990 1
2991 1
2992 1
2993 1
2994 1
2995 1
2996 0
2997 1
2998 0
2999 0
3000 0
3001 1
3002 0
3003 1
3004 1
3005 0
3006 1
3007 1
3008 0
3009 1
3010 1
3011 1
3012 0
3013 1
3014 1
3015 1
3016 1
3017 0
3018 2
3019 0
3020 1
3021 0
3022 1
3023 1
3024 1
3025 0
3026 1
3027 0
3028 1
3029 1
3030 1
3031 1
3032 2
3033 1
3034 0
3035 0
3036 0
3037 0
3038 1
3039 1
3040 1
3041 1
3042 1
3043 0
3044 0
3045 0
3046 0
3047 0
3048 0
3049 0
3050 1
3051 1
3052 2
3053 2
3054 0
3055 1
3056 1
3057 0
3058 0
3059 0
3060 1
3061 1
3062 0
3063 0
3064 0
3065 0
3066 1
3067 0
3068 0
3069 0
3070 0
3071 0
3072 0
3073 0
3074 0
3075 0
3076 0
3077 0
3078 2
3079 0
3080 1
3081 1
3082 0
3083 0
3084 0
3085 0
3086 0
3087 1
3088 1
3089 1
3090 0
3091 1
3092 1
3093 0
3094 1
3095 1
3096 1
3097 1
3098 1
3099 1
3100 0
3101 0
3102 1
3103 0
3104 0
3105 1
3106 0
3107 1
3108 2
3109 0
3110 0
3111 0
3112 1
3113 1
3114 1
3115 1
3116 0
3117 1
3118 1
3119 0
3120 0
3121 1
3122 0
3123 0
3124 0
3125 0
3126 1
3127 1
3128 0
3129 0
3130 0
3131 1
3132 0
3133 0
3134 0
3135 0
3136 1
3137 1
3138 0
3139 1
3140 1
3141 0
3142 0
3143 1
3144 1
3145 0
3146 1
3147 1
3148 0
3149 1
3150 0
3151 1
3152 0
3153 1
3154 0
3155 0
3156 1
3157 1
3158 0
3159 1
3160 1
3161 1
3162 1
3163 0
3164 1
3165 1
3166 1
3167 1
3168 2
3169 1
3170 0
3171 1
3172 0
3173 1
3174 0
3175 1
3176 1
3177 1
3178 1
3179 1
3180 0
3181 1
3182 1
3183 1
3184 0
3185 0
3186 0
3187 1
3188 0
3189 1
3190 1
3191 0
3192 0
3193 1
3194 1
3195 0
3196 2
3197 2
3198 1
3199 1
3200 0
3201 1
3202 1
3203 0
3204 2
3205 2
3206 0
3207 0
3208 1
3209 1
3210 0
3211 0
3212 1
3213 0
3214 1
3215 1
3216 0
3217 0
3218 1
3219 1
3220 1
3221 1
3222 1
3223 1
3224 1
3225 2
3226 0
3227 0
3228 1
3229 0
3230 0
3231 1
3232 1
3233 0
3234 1
3235 0
3236 1
3237 1
3238 1
3239 1
3240 1
3241 0
3242 0
3243 1
3244 0
3245 1
3246 1
3247 1
3248 1
3249 1
3250 1
3251 1
3252 0
3253 1
3254 1
3255 1
3256 1
3257 0
3258 1
3259 1
3260 1
3261 1
3262 0
3263 0
3264 1
3265 0
3266 0
3267 0
3268 0
3269 0
3270 1
3271 1
3272 1
3273 1
3274 1
3275 1
3276 1
3277 1
3278 1
3279 1
3280 1
3281 0
3282 1
3283 2
3284 0
3285 0
3286 0
3287 0
3288 1
3289 0
3290 0
3291 0
3292 1
3293 0
3294 1
3295 1
3296 0
3297 1
3298 1
3299 1
3300 1
3301 0
3302 2
3303 1
3304 0
3305 0
3306 0
3307 1
3308 1
3309 1
3310 1
3311 1
3312 0
3313 2
3314 1
3315 1
3316 1
3317 0
3318 1
3319 0
3320 1
3321 0
3322 1
3323 1
3324 1
3325 1
3326 1
3327 1
3328 1
3329 1
3330 1
3331 0
3332 1
3333 1
3334 0
3335 1
3336 0
3337 1
3338 1
3339 1
3340 1
3341 1
3342 1
3343 0
3344 2
3345 0
3346 0
3347 1
3348 1
3349 0
3350 1
3351 1
3352 2
3353 2
3354 1
3355 2
3356 0
3357 1
3358 1
3359 0
3360 1
3361 0
3362 1
3363 1
3364 1
3365 1
3366 0
3367 1
3368 1
3369 0
3370 0
3371 1
3372 1
3373 0
3374 1
3375 0
3376 1
3377 0
3378 1
3379 0
3380 1
3381 1
3382 0
3383 1
3384 0
3385 1
3386 0
3387 1
3388 0
3389 0
3390 0
3391 1
3392 0
3393 0
3394 1
3395 1
3396 1
3397 0
3398 1
3399 1
3400 0
3401 1
3402 1
3403 0
3404 1
3405 1
3406 1
3407 1
3408 1
3409 1
3410 1
3411 1
3412 1
3413 0
3414 0
3415 1
3416 1
3417 1
3418 0
3419 0
3420 1
3421 0
3422 1
3423 1
3424 1
3425 0
3426 0
3427 1
3428 1
3429 0
3430 1
3431 0
3432 1
3433 0
3434 0
3435 0
3436 1
3437 1
3438 0
3439 1
3440 1
3441 0
3442 1
3443 1
3444 1
3445 1
3446 2
3447 1
3448 1
3449 1
3450 0
3451 1
3452 0
3453 0
3454 1
3455 1
3456 0
3457 1
3458 1
3459 0
3460 0
3461 0
3462 1
3463 0
3464 0
3465 1
3466 0
3467 0
3468 0
3469 0
3470 0
3471 0
3472 1
3473 1
3474 0
3475 0
3476 1
3477 0
3478 0
3479 1
3480 1
3481 1
3482 0
3483 0
3484 1
3485 1
3486 0
3487 1
3488 1
3489 1
3490 0
3491 1
3492 0
3493 0
3494 0
3495 0
3496 0
3497 1
3498 1
3499 0
3500 1
3501 0
3502 0
3503 1
3504 0
3505 1
3506 1
3507 0
3508 2
3509 0
3510 0
3511 1
3512 1
3513 0
3514 0
3515 0
3516 0
3517 0
3518 1
3519 2
3520 0
3521 0
3522 0
3523 1
3524 1
3525 1
3526 0
3527 0
3528 1
3529 1
3530 1
3531 1
3532 0
3533 1
3534 0
3535 1
3536 1
3537 1
3538 1
3539 1
3540 0
3541 1
3542 0
3543 0
3544 1
3545 0
3546 1
3547 1
3548 1
3549 0
3550 0
3551 0
3552 0
3553 0
3554 0
3555 0
3556 0
3557 1
3558 0
3559 0
3560 1
3561 0
3562 1
3563 0
3564 0
3565 1
3566 0
3567 0
3568 0
3569 1
3570 1
3571 1
3572 0
3573 0
3574 1
3575 1
3576 1
3577 0
3578 0
3579 1
3580 0
3581 0
3582 0
3583 0
3584 1
3585 1
3586 0
3587 0
3588 0
3589 1
3590 1
3591 1
3592 0
3593 1
3594 1
3595 1
3596 1
3597 1
3598 1
3599 0
3600 0
3601 0
3602 1
3603 0
3604 1
3605 1
3606 1
3607 0
3608 1
3609 0
3610 0
3611 1
3612 1
3613 0
3614 1
3615 1
3616 1
3617 1
3618 0
3619 1
3620 1
3621 1
3622 0
3623 1
3624 0
3625 1
3626 1
3627 1
3628 0
3629 1
3630 0
3631 1
3632 1
3633 1
3634 0
3635 1
3636 0
3637 1
3638 1
3639 1
3640 1
3641 1
3642 1
3643 1
3644 1
3645 1
3646 1
3647 1
3648 1
3649 1
3650 1
3651 1
3652 0
3653 1
3654 1
3655 1
3656 1
3657 1
3658 1
3659 0
3660 0
3661 1
3662 1
3663 1
3664 0
3665 1
3666 1
3667 1
3668 1
3669 0
3670 0
3671 0
3672 1
3673 1
3674 1
3675 1
3676 1
3677 1
3678 0
3679 1
3680 1
3681 1
3682 0
3683 1
3684 0
3685 0
3686 0
3687 0
3688 0
3689 0
3690 0
3691 0
3692 0
3693 1
3694 0
3695 0
3696 0
3697 0
3698 0
3699 0
3700 0
3701 0
3702 0
3703 1
3704 1
3705 1
3706 1
3707 0
3708 1
3709 1
3710 1
3711 1
3712 0
3713 0
3714 0
3715 0
3716 0
3717 0
3718 0
3719 0
3720 1
3721 0
3722 0
3723 0
3724 0
3725 1
3726 0
3727 0
3728 1
3729 0
3730 0
3731 0
3732 0
3733 0
3734 0
3735 0
3736 1
3737 1
3738 1
3739 0
3740 1
3741 0
3742 0
3743 1
3744 0
3745 1
3746 1
3747 1
3748 0
3749 0
3750 0
3751 0
3752 0
3753 0
3754 0
3755 0
3756 0
3757 0
3758 0
3759 0
3760 0
3761 0
3762 1
3763 0
3764 0
3765 1
3766 0
3767 0
3768 0
3769 0
3770 0
3771 0
3772 1
3773 0
3774 0
3775 0
3776 0
3777 0
3778 0
3779 0
3780 0
3781 0
3782 0
3783 0
3784 0
3785 0
3786 0
3787 0
3788 0
3789 0
3790 0
3791 0
3792 0
3793 0
3794 1
3795 0
3796 0
3797 0
3798 1
3799 1
3800 0
3801 1
3802 1
3803 0
3804 0
3805 1
3806 1
3807 0
3808 1
3809 1
3810 1
3811 0
3812 0
3813 1
3814 0
3815 1
3816 1
3817 0
3818 1
3819 0
3820 0
3821 1
3822 1
3823 1
3824 1
3825 0
3826 1
3827 1
3828 1
3829 1
3830 1
3831 0
3832 0
3833 0
3834 0
3835 0
3836 0
3837 0
3838 0
3839 1
3840 0
3841 1
3842 0
3843 1
3844 1
3845 0
3846 0
3847 0
3848 0
3849 0
3850 0
3851 0
3852 0
3853 0
3854 0
3855 0
3856 0
3857 0
3858 0
3859 1
3860 1
3861 0
3862 0
3863 0
3864 0
3865 0
3866 0
3867 1
3868 0
3869 1
3870 0
3871 0
3872 0
3873 1
3874 0
3875 0
3876 0
3877 0
3878 0
3879 0
3880 1
3881 0
3882 0
3883 0
3884 0
3885 1
3886 0
3887 0
3888 0
3889 1
3890 0
3891 0
3892 0
3893 1
3894 0
3895 0
3896 0
3897 0
3898 1
3899 0
3900 0
3901 0
3902 0
3903 0
3904 0
3905 0
3906 0
3907 0
3908 0
3909 0
3910 1
3911 0
3912 1
3913 0
3914 1
3915 0
3916 0
3917 1
3918 0
3919 1
3920 0
3921 1
3922 1
3923 1
3924 0
3925 0
3926 1
3927 1
3928 1
3929 1
3930 1
3931 1
3932 1
3933 0
3934 0
3935 1
3936 0
3937 1
3938 0
3939 1
3940 1
3941 1
3942 0
3943 0
3944 1
3945 0
3946 0
3947 0
3948 0
3949 0
3950 0
3951 0
3952 0
3953 0
3954 1
3955 1
3956 1
3957 0
3958 1
3959 0
3960 1
3961 1
3962 1
3963 1
3964 0
3965 0
3966 0
3967 0
3968 0
3969 0
3970 0
3971 0
3972 0
3973 0
3974 0
3975 0
3976 0
3977 0
3978 0
3979 0
3980 0
3981 0
3982 0
3983 0
3984 0
3985 0
3986 0
3987 0
3988 0
3989 0
3990 0
3991 0
3992 0
3993 0
3994 0
3995 0
3996 0
3997 0
3998 0
3999 0
4000 0
4001 0
4002 0
4003 0
4004 0
4005 0
4006 0
4007 0
4008 0
4009 0
4010 1
4011 1
4012 1
4013 1
4014 1
4015 0
4016 0
4017 0
4018 0
4019 0
4020 0
4021 0
4022 0
4023 0
4024 0
4025 0
4026 0
4027 0
4028 0
4029 0
4030 0
4031 0
4032 0
4033 0
4034 0
4035 0
4036 0
4037 0
4038 0
4039 0
4040 0
4041 0
4042 0
4043 0
4044 0
4045 0
4046 0
4047 0
4048 0
4049 0
4050 0
4051 0
4052 0
4053 1
4054 1
4055 0
4056 1
4057 1
4058 0
4059 0
4060 0
4061 0
4062 0
4063 0
4064 0
4065 0
4066 0
4067 1
4068 1
4069 0
4070 0
4071 0
4072 0
4073 1
4074 0
4075 0
4076 0
4077 0
4078 0
4079 0
4080 0
4081 0
4082 0
4083 0
4084 0
4085 0
4086 0
4087 0
4088 0
4089 0
4090 0
4091 1
4092 0
4093 0
4094 1
4095 0
4096 1
4097 0
4098 1
4099 0
4100 1
4101 0
4102 1
4103 1
4104 0
4105 0
4106 1
4107 0
4108 1
4109 1
4110 0
4111 0
4112 1
4113 1
4114 1
4115 1
4116 0
4117 1
4118 0
4119 0
4120 1
4121 1
4122 1
4123 0
4124 0
4125 1
4126 0
4127 0
4128 1
4129 0
4130 0
4131 1
4132 0
4133 1
4134 1
4135 0
4136 1
4137 0
4138 0
4139 0
4140 0
4141 1
4142 1
4143 1
4144 0
4145 1
4146 0
4147 0
4148 1
4149 1
4150 0
4151 0
4152 0
4153 0
4154 0
4155 0
4156 1
4157 0
4158 0
4159 1
4160 1
4161 1
4162 1
4163 1
4164 1
4165 1
4166 1
4167 0
4168 0
4169 0
4170 1
4171 0
4172 0
4173 0
4174 0
4175 0
4176 0
4177 0
4178 0
4179 0
4180 0
4181 0
4182 0
4183 0
4184 0
4185 0
4186 0
4187 0
4188 0
4189 1
4190 0
4191 0
4192 0
4193 1
4194 1
4195 0
4196 0
4197 0
4198 0
4199 1
4200 1
4201 0
4202 0
4203 0
4204 1
4205 1
4206 0
4207 0
4208 1
4209 0
4210 1
4211 0
4212 1
4213 1
4214 0
4215 1
4216 0
4217 1
4218 0
4219 0
4220 0
4221 0
4222 0
4223 1
4224 1
4225 1
4226 1
4227 1
4228 0
4229 1
4230 1
4231 1
4232 1
4233 1
4234 0
4235 0
4236 0
4237 1
4238 0
4239 0
4240 1
4241 0
4242 0
4243 1
4244 1
4245 0
4246 1
4247 1
4248 1
4249 1
4250 1
4251 0
4252 1
4253 0
4254 0
4255 0
4256 0
4257 0
4258 0
4259 0
4260 0
4261 0
4262 0
4263 0
4264 0
4265 1
4266 1
4267 1
4268 1
4269 1
4270 1
4271 0
4272 1
4273 1
4274 1
4275 1
4276 1
4277 1
4278 1
4279 0
4280 0
4281 0
4282 0
4283 0
4284 1
4285 0
4286 0
4287 0
4288 1
4289 1
4290 1
4291 1
4292 0
4293 1
4294 0
4295 0
4296 0
4297 1
4298 1
4299 0
4300 1
4301 1
4302 0
4303 0
4304 0
4305 0
4306 0
4307 0
4308 0
4309 1
4310 1
4311 1
4312 1
4313 0
4314 1
4315 1
4316 0
4317 1
4318 0
4319 0
4320 0
4321 0
4322 0
4323 0
4324 1
4325 0
4326 0
4327 0
4328 0
4329 0
4330 0
4331 1
4332 1
4333 1
4334 1
4335 0
4336 1
4337 1
4338 1
4339 0
4340 0
4341 1
4342 1
4343 1
4344 1
4345 0
4346 0
4347 0
4348 0
4349 1
4350 0
4351 0
4352 0
4353 0
4354 1
4355 0
4356 0
4357 0
4358 0
4359 0
4360 1
4361 0
4362 0
4363 0
4364 1
4365 1
4366 0
4367 0
4368 0
4369 0
4370 1
4371 1
4372 1
4373 0
4374 0
4375 0
4376 0
4377 1
4378 1
4379 0
4380 0
4381 0
4382 1
4383 1
4384 0
4385 1
4386 1
4387 0
4388 1
4389 0
4390 1
4391 0
4392 1
4393 0
4394 0
4395 0
4396 1
4397 2
4398 1
4399 1
4400 1
4401 1
4402 1
4403 1
4404 0
4405 0
4406 0
4407 0
4408 0
4409 0
4410 0
4411 0
4412 0
4413 0
4414 0
4415 0
4416 0
4417 0
4418 0
4419 0
4420 0
4421 0
4422 0
4423 1
4424 0
4425 1
4426 0
4427 1
4428 1
4429 0
4430 2
4431 1
4432 1
4433 0
4434 1
4435 1
4436 0
4437 0
4438 0
4439 1
4440 1
4441 1
4442 0
4443 1
4444 0
4445 1
4446 1
4447 1
4448 0
4449 0
4450 0
4451 1
4452 0
4453 0
4454 1
4455 0
4456 0
4457 0
4458 0
4459 0
4460 1
4461 0
4462 1
4463 0
4464 0
4465 0
4466 0
4467 0
4468 0
4469 0
4470 0
4471 0
4472 0
4473 0
4474 1
4475 0
4476 0
4477 0
4478 0
4479 0
4480 0
4481 0
4482 0
4483 0
4484 0
4485 1
4486 0
4487 0
4488 0
4489 0
4490 0
4491 1
4492 1
4493 1
4494 0
4495 0
4496 0
4497 1
4498 0
4499 1
4500 1
4501 1
4502 1
4503 1
4504 0
4505 0
4506 1
4507 1
4508 1
4509 1
4510 1
4511 1
4512 1
4513 1
4514 0
4515 0
4516 0
4517 1
4518 1
4519 1
4520 1
4521 0
4522 1
4523 0
4524 0
4525 0
4526 0
4527 0
4528 0
4529 0
4530 0
4531 0
4532 0
4533 0
4534 0
4535 0
4536 0
4537 0
4538 0
4539 0
4540 0
4541 0
4542 0
4543 0
4544 0
4545 0
4546 0
4547 0
4548 0
4549 1
4550 0
4551 0
4552 0
4553 0
4554 0
4555 0
4556 0
4557 0
4558 0
4559 0
4560 0
4561 0
4562 0
4563 0
4564 0
4565 0
4566 0
4567 0
4568 0
4569 0
4570 0
4571 0
4572 0
4573 0
4574 0
4575 0
4576 0
4577 0
4578 1
4579 0
4580 0
4581 1
4582 0
4583 0
4584 1
4585 1
4586 2
4587 2
4588 1
4589 2
4590 1
4591 1
4592 1
4593 0
4594 0
4595 1
4596 1
4597 1
4598 1
4599 1
4600 2
4601 1
4602 1
4603 1
4604 1
4605 1
4606 1
4607 0
4608 1
4609 2
4610 2
4611 1
4612 1
4613 1
4614 1
4615 1
4616 1
4617 2
4618 2
4619 1
4620 1
4621 2
4622 1
4623 2
4624 1
4625 1
4626 1
4627 0
4628 1
4629 2
4630 1
4631 1
4632 0
4633 2
4634 2
4635 1
4636 2
4637 2
4638 0
4639 1
4640 1
4641 1
4642 0
4643 0
4644 2
4645 3
4646 1
4647 1
4648 2
4649 3
4650 1
4651 1
4652 1
4653 2
4654 1
4655 1
4656 2
4657 1
4658 0
4659 1
4660 1
4661 2
4662 2
4663 1
4664 2
4665 0
4666 0
4667 1
4668 2
4669 1
4670 1
4671 1
4672 0
4673 2
4674 2
4675 2
4676 2
4677 2
4678 2
4679 2
4680 0
4681 2
4682 1
4683 1
4684 1
4685 2
4686 1
4687 1
4688 1
4689 2
4690 2
4691 2
4692 2
4693 1
4694 1
4695 2
4696 2
4697 2
4698 1
4699 0
4700 1
4701 1
4702 1
4703 1
4704 2
4705 2
4706 1
4707 2
4708 2
4709 1
4710 2
4711 2
4712 2
4713 1
4714 1
4715 1
4716 1
4717 0
4718 0
4719 1
4720 2
4721 1
4722 3
4723 1
4724 2
4725 1
4726 0
4727 0
4728 0
4729 2
4730 0
4731 1
4732 2
4733 1
4734 1
4735 1
4736 0
4737 1
4738 1
4739 1
4740 2
4741 2
4742 2
4743 2
4744 0
4745 1
4746 1
4747 1
4748 1
4749 1
4750 2
4751 2
4752 2
4753 2
4754 0
4755 1
4756 2
4757 1
4758 2
4759 0
4760 1
4761 0
4762 0
4763 0
4764 0
4765 0
4766 1
4767 1
4768 1
4769 0
4770 1
4771 1
4772 1
4773 0
4774 2
4775 2
4776 1
4777 1
4778 2
4779 0
4780 1
4781 3
4782 1
4783 2
4784 2
4785 1
4786 0
4787 3
4788 2
4789 1
4790 1
4791 2
4792 2
4793 2
4794 2
4795 1
4796 1
4797 1
4798 0
4799 2
4800 2
4801 1
4802 2
4803 1
4804 2
4805 1
4806 2
4807 2
4808 1
4809 1
4810 1
4811 1
4812 1
4813 1
4814 1
4815 1
4816 1
4817 0
4818 0
4819 1
4820 1
4821 0
4822 0
4823 0
4824 1
4825 1
4826 1
4827 1
4828 1
4829 0
4830 0
4831 0
4832 0
4833 0
4834 0
4835 0
4836 0
4837 1
4838 0
4839 0
4840 1
4841 1
4842 1
4843 0
4844 2
4845 2
4846 2
4847 1
4848 1
4849 2
4850 1
4851 0
4852 1
4853 1
4854 2
4855 2
4856 1
4857 2
4858 2
4859 1
4860 1
4861 1
4862 1
4863 2
4864 0
4865 3
4866 1
4867 2
4868 1
4869 2
4870 1
4871 1
4872 1
4873 1
4874 2
4875 0
4876 2
4877 3
4878 0
4879 2
4880 2
4881 1
4882 1
4883 1
4884 2
4885 1
4886 1
4887 1
4888 1
4889 1
4890 2
4891 1
4892 1
4893 0
4894 2
4895 2
4896 3
4897 1
4898 1
4899 0
4900 1
4901 2
4902 3
4903 1
4904 1
4905 2
4906 2
4907 1
4908 1
4909 0
4910 1
4911 2
4912 2
4913 0
4914 1
4915 1
4916 1
4917 1
4918 2
4919 1
4920 2
4921 1
4922 2
4923 1
4924 2
4925 2
4926 2
4927 0
4928 2
4929 0
4930 2
4931 2
4932 0
4933 2
4934 1
4935 0
4936 2
4937 2
4938 1
4939 2
4940 2
4941 0
4942 1
4943 2
4944 0
4945 2
4946 1
4947 2
4948 0
4949 2
4950 1
4951 1
4952 1
4953 0
4954 0
4955 0
4956 1
4957 2
4958 2
4959 0
4960 1
4961 1
4962 1
4963 2
4964 0
4965 0
4966 1
4967 2
4968 1
4969 0
4970 1
4971 1
4972 2
4973 1
4974 2
4975 2
4976 2
4977 1
4978 1
4979 2
4980 1
4981 0
4982 0
4983 1
4984 1
4985 0
4986 1
4987 1
4988 2
4989 1
4990 2
4991 0
4992 1
4993 2
4994 2
4995 1
4996 2
4997 0
4998 2
4999 0
5000 2
5001 2
5002 1
5003 2
5004 2
5005 1
5006 3
5007 2
5008 0
5009 1
5010 2
5011 2
5012 0
5013 2
5014 1
5015 2
5016 1
5017 0
5018 0
5019 0
5020 0
5021 0
5022 0
5023 0
5024 0
5025 0
5026 0
5027 0
5028 0
5029 0
5030 0
5031 1
5032 1
5033 1
5034 1
5035 1
5036 0
5037 0
5038 1
5039 0
5040 0
5041 0
5042 0
5043 1
5044 0
5045 0
5046 1
5047 1
5048 0
5049 0
5050 0
5051 0
5052 1
5053 0
5054 0
5055 0
5056 1
5057 0
5058 1
5059 0
5060 1
5061 0
5062 0
5063 0
5064 1
5065 0
5066 0
5067 1
5068 0
5069 1
5070 0
5071 0
5072 0
5073 0
5074 0
5075 1
5076 0
5077 0
5078 1
5079 0
5080 0
5081 1
5082 1
5083 1
5084 0
5085 1
5086 0
5087 0
5088 0
5089 1
5090 0
5091 0
5092 0
5093 0
5094 0
5095 0
5096 1
5097 0
5098 0
5099 0
5100 1
5101 1
5102 0
5103 0
5104 0
5105 1
5106 1
5107 0
5108 0
5109 0
5110 0
5111 1
5112 0
5113 1
5114 0
5115 0
5116 0
5117 1
5118 0
5119 0
5120 0
5121 1
5122 1
5123 0
5124 1
5125 0
5126 0
5127 0
5128 0
5129 0
5130 1
5131 0
5132 0
5133 0
5134 0
5135 0
5136 0
5137 0
5138 0
5139 0
5140 0
5141 0
5142 0
5143 0
5144 0
5145 0
5146 1
5147 0
5148 1
5149 0
5150 0
5151 0
5152 0
5153 1
5154 0
5155 0
5156 0
5157 0
5158 0
5159 0
5160 0
5161 0
5162 0
5163 0
5164 0
5165 1
5166 0
5167 0
5168 1
5169 1
5170 0
5171 0
5172 0
5173 1
5174 0
5175 1
5176 1
5177 1
5178 0
5179 1
5180 0
5181 0
5182 0
5183 0
5184 0
5185 0
5186 0
5187 0
5188 0
5189 0
5190 0
5191 0
5192 0
5193 0
5194 0
5195 0
5196 0
5197 0
5198 0
5199 0
5200 0
5201 0
5202 0
5203 0
5204 0
5205 1
5206 0
5207 1
5208 0
5209 0
5210 1
5211 0
5212 1
5213 0
5214 0
5215 1
5216 0
5217 1
5218 0
5219 0
5220 0
5221 1
5222 0
5223 0
5224 0
5225 0
5226 0
5227 0
5228 0
5229 1
5230 0
5231 1
5232 1
5233 1
5234 0
5235 0
5236 0
5237 0
5238 0
5239 0
5240 0
5241 0
5242 0
5243 1
5244 0
5245 1
5246 1
5247 0
5248 0
5249 0
5250 0
5251 0
5252 0
5253 0
5254 0
5255 0
5256 0
5257 1
5258 0
5259 0
5260 0
5261 0
5262 0
5263 0
5264 0
5265 0
5266 0
5267 0
5268 0
5269 0
5270 0
5271 0
5272 1
5273 0
5274 0
5275 0
5276 0
5277 0
5278 0
5279 0
5280 0
5281 0
5282 0
5283 0
5284 0
5285 0
5286 0
5287 1
5288 1
5289 0
5290 0
5291 0
5292 1
5293 0
5294 1
5295 0
5296 2
5297 1
5298 1
5299 1
5300 0
5301 1
5302 0
5303 0
5304 0
5305 0
5306 0
5307 1
5308 0
5309 0
5310 0
5311 0
5312 1
5313 1
5314 1
5315 0
5316 1
5317 0
5318 0
5319 0
5320 1
5321 1
5322 1
5323 0
5324 0
5325 0
5326 0
5327 0
5328 0
5329 1
5330 1
5331 1
5332 0
5333 1
5334 1
5335 1
5336 1
5337 1
5338 0
5339 0
5340 1
5341 1
5342 1
5343 0
5344 0
5345 0
5346 0
5347 1
5348 0
5349 1
5350 0
5351 0
5352 0
5353 1
5354 1
5355 0
5356 0
5357 0
5358 0
5359 0
5360 0
5361 0
5362 1
5363 0
5364 0
5365 0
5366 0
5367 0
5368 1
5369 0
5370 1
5371 1
5372 0
5373 0
5374 1
5375 0
5376 0
5377 1
5378 1
5379 0
5380 0
5381 1
5382 1
5383 1
5384 0
5385 1
5386 0
5387 1
5388 0
5389 0
5390 0
5391 0
5392 0
5393 0
5394 1
5395 1
5396 0
5397 0
5398 1
5399 0
5400 0
5401 1
5402 1
5403 0
5404 1
5405 1
5406 1
5407 0
5408 1
5409 0
5410 1
5411 0
5412 0
5413 1
5414 0
5415 1
5416 1
5417 0
5418 0
5419 0
5420 1
5421 0
5422 1
5423 0
5424 0
5425 1
5426 0
5427 1
5428 1
5429 1
5430 0
5431 0
5432 1
5433 0
5434 0
5435 0
5436 1
5437 0
5438 1
5439 1
5440 1
5441 0
5442 0
5443 0
5444 1
5445 0
5446 0
5447 1
5448 0
5449 1
5450 1
5451 1
5452 1
5453 0
5454 1
5455 1
5456 1
5457 1
5458 0
5459 0
5460 1
5461 0
5462 0
5463 0
5464 0
5465 0
5466 1
5467 0
5468 0
5469 0
5470 0
5471 0
5472 1
5473 1
5474 0
5475 0
5476 0
5477 0
5478 0
5479 0
5480 0
5481 0
5482 0
5483 0
5484 0
5485 0
5486 1
5487 1
5488 0
5489 0
5490 0
5491 0
5492 0
5493 1
5494 0
5495 0
5496 0
5497 0
5498 0
5499 0
5500 0
5501 0
5502 0
5503 0
5504 0
5505 0
5506 0
5507 0
5508 0
5509 0
5510 0
5511 0
5512 0
5513 0
5514 0
5515 0
5516 0
5517 0
5518 1
5519 1
5520 1
5521 0
5522 0
5523 0
5524 0
5525 0
5526 1
5527 0
5528 1
5529 0
5530 0
5531 0
5532 0
5533 0
5534 0
5535 1
5536 1
5537 0
5538 0
5539 0
5540 0
5541 0
5542 0
5543 0
5544 0
5545 0
5546 0
5547 0
5548 0
5549 0
5550 1
5551 0
5552 0
5553 0
5554 0
5555 0
5556 0
5557 0
5558 1
5559 0
5560 0
5561 0
5562 1
5563 1
5564 1
5565 0
5566 0
5567 0
5568 1
5569 1
5570 1
5571 0
5572 0
5573 1
5574 1
5575 1
5576 1
5577 1
5578 0
5579 1
5580 1
5581 1
5582 1
5583 1
5584 1
5585 1
5586 2
5587 1
5588 0
5589 0
5590 1
5591 1
5592 1
5593 0
5594 1
5595 1
5596 0
5597 0
5598 0
5599 0
5600 1
5601 0
5602 1
5603 1
5604 1
5605 0
5606 0
5607 1
5608 1
5609 0
5610 1
5611 0
5612 1
5613 0
5614 0
5615 1
5616 0
5617 0
5618 1
5619 1
5620 1
5621 1
5622 0
5623 0
5624 1
5625 1
5626 0
5627 1
5628 0
5629 1
5630 1
5631 0
5632 0
5633 0
5634 0
5635 1
5636 1
5637 1
5638 1
5639 1
5640 1
5641 1
5642 1
5643 1
5644 1
5645 1
5646 1
5647 1
5648 0
5649 0
5650 0
5651 1
5652 0
5653 1
5654 1
5655 1
5656 1
5657 1
5658 0
5659 0
5660 0
5661 1
5662 1
5663 0
5664 0
5665 1
5666 1
5667 0
5668 0
5669 0
5670 0
5671 1
5672 1
5673 0
5674 1
5675 1
5676 1
5677 1
5678 0
5679 1
5680 1
5681 1
5682 2
5683 1
5684 1
5685 0
5686 1
5687 0
5688 1
5689 1
5690 0
5691 1
5692 1
5693 1
5694 0
5695 1
5696 1
5697 0
5698 0
5699 0
5700 0
5701 0
5702 1
5703 0
5704 1
5705 1
5706 1
5707 1
5708 1
5709 1
5710 0
5711 1
5712 1
5713 0
5714 0
5715 0
5716 1
5717 1
5718 1
5719 1
5720 0
5721 0
5722 1
5723 0
5724 0
5725 0
5726 0
5727 0
5728 0
5729 1
5730 1
5731 0
5732 0
5733 0
5734 0
5735 0
5736 1
5737 0
5738 1
5739 0
5740 0
5741 0
5742 0
5743 0
5744 0
5745 0
5746 1
5747 0
5748 0
5749 0
5750 1
5751 0
5752 0
5753 0
5754 0
5755 1
5756 0
5757 0
5758 1
5759 0
5760 0
5761 0
5762 1
5763 0
5764 1
5765 0
5766 1
5767 1
5768 1
5769 1
5770 1
5771 1
5772 0
5773 0
5774 1
5775 0
5776 1
5777 0
5778 0
5779 0
5780 0
5781 0
5782 0
5783 0
5784 0
5785 0
5786 0
5787 0
5788 0
5789 0
5790 0
5791 0
5792 0
5793 0
5794 0
5795 0
5796 0
5797 0
5798 0
5799 0
5800 0
5801 0
5802 0
5803 0
5804 0
5805 0
5806 1
5807 0
5808 0
5809 0
5810 1
5811 0
5812 0
5813 0
5814 0
5815 1
5816 0
5817 0
5818 0
5819 0
5820 1
5821 0
5822 1
5823 0
5824 1
5825 0
5826 0
5827 0
5828 0
5829 1
5830 0
5831 0
5832 1
5833 0
5834 0
5835 0
5836 0
5837 0
5838 0
5839 0
5840 0
5841 1
5842 1
5843 1
5844 1
5845 1
5846 0
5847 0
5848 0
5849 0
5850 0
5851 1
5852 0
5853 1
5854 1
5855 1
5856 1
5857 1
5858 1
5859 1
5860 2
5861 1
5862 0
5863 1
5864 0
5865 1
5866 0
5867 0
5868 1
5869 1
5870 1
5871 0
5872 1
5873 1
5874 0
5875 0
5876 1
5877 0
5878 1
5879 0
5880 1
5881 1
5882 1
5883 1
5884 1
5885 0
5886 0
5887 0
5888 1
5889 1
5890 1
5891 1
5892 0
5893 0
5894 1
5895 0
5896 0
5897 0
5898 0
5899 1
5900 0
5901 0
5902 1
5903 0
5904 0
5905 1
5906 1
5907 0
5908 0
5909 0
5910 1
5911 0
5912 0
5913 0
5914 0
5915 0
5916 0
5917 0
5918 0
5919 0
5920 0
5921 0
5922 0
5923 0
5924 0
5925 0
5926 0
5927 0
5928 1
5929 0
5930 0
5931 0
5932 0
5933 0
5934 0
5935 0
5936 1
5937 1
5938 0
5939 1
5940 0
5941 1
5942 0
5943 0
5944 0
5945 0
5946 0
5947 0
5948 0
5949 1
5950 0
5951 1
5952 1
5953 0
5954 0
5955 1
5956 1
5957 0
5958 1
5959 1
5960 0
5961 0
5962 0
5963 0
5964 0
5965 1
5966 1
5967 0
5968 0
5969 1
5970 0
5971 0
5972 0
5973 1
5974 0
5975 0
5976 1
5977 0
5978 1
5979 1
5980 0
5981 1
5982 0
5983 1
5984 1
5985 0
5986 0
5987 1
5988 0
5989 0
5990 0
5991 0
5992 1
5993 0
5994 0
5995 0
5996 0
5997 0
5998 0
5999 0
6000 0
6001 0
6002 0
6003 1
6004 1
6005 0
6006 0
6007 1
6008 0
6009 0
6010 1
6011 1
6012 1
6013 0
6014 1
6015 1
6016 1
6017 1
6018 0
6019 0
6020 0
6021 1
6022 0
6023 1
6024 1
6025 1
6026 0
6027 1
6028 1
6029 0
6030 1
6031 0
6032 1
6033 0
6034 1
6035 1
6036 1
6037 1
6038 0
6039 1
6040 1
6041 0
6042 2
6043 0
6044 0
6045 1
6046 1
6047 0
6048 0
6049 0
6050 1
6051 1
6052 0
6053 0
6054 0
6055 1
6056 0
6057 0
6058 0
6059 0
6060 1
6061 1
6062 0
6063 0
6064 0
6065 1
6066 1
6067 1
6068 0
6069 0
6070 0
6071 0
6072 1
6073 1
6074 0
6075 0
6076 2
6077 0
6078 1
6079 1
6080 1
6081 1
6082 1
6083 0
6084 1
6085 0
6086 1
6087 1
6088 1
6089 0
6090 0
6091 1
6092 1
6093 0
6094 0
6095 1
6096 0
6097 0
6098 0
6099 0
6100 0
6101 1
6102 0
6103 2
6104 1
6105 0
6106 0
6107 1
6108 1
6109 1
6110 0
6111 0
6112 0
6113 0
6114 0
6115 0
6116 1
6117 1
6118 1
6119 0
6120 1
6121 0
6122 1
6123 1
6124 1
6125 0
6126 0
6127 0
6128 0
6129 0
6130 0
6131 1
6132 0
6133 0
6134 0
6135 1
6136 1
6137 1
6138 0
6139 0
6140 0
6141 1
6142 1
6143 0
6144 1
6145 0
6146 1
6147 0
6148 0
6149 1
6150 1
6151 0
6152 1
6153 1
6154 1
6155 1
6156 1
6157 0
6158 1
6159 0
6160 0
6161 0
6162 0
6163 0
6164 1
6165 0
6166 1
6167 1
6168 0
6169 1
6170 0
6171 1
6172 0
6173 1
6174 0
6175 0
6176 0
6177 1
6178 1
6179 1
6180 1
6181 0
6182 0
6183 0
6184 1
6185 1
6186 0
6187 0
6188 1
6189 1
6190 1
6191 0
6192 1
6193 0
6194 0
6195 1
6196 1
6197 1
6198 1
6199 1
6200 0
6201 0
6202 0
6203 0
6204 0
6205 0
6206 0
6207 0
6208 0
6209 0
6210 0
6211 0
6212 1
6213 0
6214 0
6215 0
6216 0
6217 0
6218 0
6219 0
6220 0
6221 0
6222 0
6223 0
6224 0
6225 0
6226 0
6227 0
6228 0
6229 0
6230 0
6231 0
6232 0
6233 0
6234 1
6235 1
6236 1
6237 0
6238 1
6239 1
6240 0
6241 0
6242 0
6243 0
6244 1
6245 1
6246 0
6247 1
6248 1
6249 0
6250 1
6251 0
6252 0
6253 1
6254 1
6255 0
6256 1
6257 1
6258 1
6259 2
6260 1
6261 0
6262 1
6263 0
6264 0
6265 0
6266 0
6267 0
6268 0
6269 0
6270 0
6271 0
6272 1
6273 0
6274 0
6275 0
6276 0
6277 0
6278 0
6279 0
6280 0
6281 1
6282 0
6283 0
6284 0
6285 0
6286 0
6287 0
6288 1
6289 0
6290 1
6291 2
6292 2
6293 0
6294 0
6295 0
6296 1
6297 1
6298 2
6299 0
6300 1
6301 1
6302 1
6303 1
6304 1
6305 1
6306 2
6307 2
6308 0
6309 2
6310 0
6311 0
6312 1
6313 1
6314 0
6315 0
6316 0
6317 1
6318 0
6319 1
6320 1
6321 0
6322 0
6323 0
6324 0
6325 0
6326 0
6327 1
6328 1
6329 1
6330 0
6331 0
6332 1
6333 1
6334 1
6335 2
6336 1
6337 0
6338 0
6339 0
6340 1
6341 1
6342 1
6343 1
6344 1
6345 0
6346 0
6347 1
6348 0
6349 0
6350 1
6351 1
6352 1
6353 1
6354 1
6355 0
6356 1
6357 1
6358 1
6359 0
6360 1
6361 0
6362 1
6363 2
6364 0
6365 1
6366 0
6367 0
6368 0
6369 1
6370 0
6371 2
6372 1
6373 1
6374 0
6375 0
6376 0
6377 0
6378 0
6379 0
6380 1
6381 0
6382 1
6383 0
6384 0
6385 1
6386 0
6387 1
6388 1
6389 0
6390 1
6391 1
6392 1
6393 1
6394 0
6395 1
6396 0
6397 0
6398 1
6399 0
6400 0
6401 1
6402 1
6403 0
6404 1
6405 1
6406 0
6407 0
6408 1
6409 1
6410 1
6411 1
6412 0
6413 0
6414 0
6415 0
6416 1
6417 1
6418 0
6419 1
6420 0
6421 1
6422 2
6423 1
6424 1
6425 0
6426 1
6427 1
6428 0
6429 0
6430 1
6431 0
6432 1
6433 1
6434 1
6435 1
6436 1
6437 1
6438 0
6439 0
6440 0
6441 0
6442 1
6443 0
6444 1
6445 1
6446 1
6447 1
6448 0
6449 0
6450 0
6451 1
6452 1
6453 0
6454 0
6455 0
6456 0
6457 0
6458 0
6459 1
6460 0
6461 1
6462 0
6463 1
6464 1
6465 1
6466 0
6467 1
6468 1
6469 1
6470 0
6471 1
6472 1
6473 0
6474 0
6475 0
6476 0
6477 0
6478 0
6479 1
6480 1
6481 0
6482 0
6483 0
6484 1
6485 1
6486 0
6487 0
6488 0
6489 0
6490 1
6491 1
6492 0
6493 1
6494 0
6495 1
6496 0
6497 1
6498 0
6499 0
6500 0
6501 1
6502 0
6503 1
6504 0
6505 1
6506 1
6507 0
6508 1
6509 1
6510 0
6511 1
6512 0
6513 0
6514 1
6515 0
6516 1
6517 0
6518 1
6519 1
6520 0
6521 1
6522 0
6523 0
6524 0
6525 1
6526 1
6527 2
6528 0
6529 0
6530 0
6531 0
6532 1
6533 1
6534 1
6535 0
6536 1
6537 1
6538 1
6539 0
6540 0
6541 0
6542 1
6543 0
6544 1
6545 1
6546 1
6547 0
6548 1
6549 1
6550 1
6551 0
6552 1
6553 0
6554 0
6555 1
6556 1
6557 0
6558 0
6559 0
6560 1
6561 1
6562 1
6563 1
6564 0
6565 1
6566 1
6567 1
6568 0
6569 1
6570 0
6571 0
6572 1
6573 1
6574 1
6575 0
6576 0
6577 1
6578 1
6579 0
6580 1
6581 2
6582 0
6583 0
6584 1
6585 1
6586 1
6587 2
6588 1
6589 1
6590 1
6591 0
6592 0
6593 1
6594 0
6595 0
6596 0
6597 0
6598 0
6599 1
6600 1
6601 0
6602 1
6603 1
6604 0
6605 0
6606 0
6607 1
6608 0
6609 0
6610 1
6611 1
6612 1
6613 0
6614 0
6615 1
6616 0
6617 0
6618 0
6619 0
6620 0
6621 0
6622 0
6623 0
6624 0
6625 1
6626 0
6627 0
6628 1
6629 0
6630 0
6631 2
6632 0
6633 1
6634 0
6635 1
6636 1
6637 1
6638 0
6639 0
6640 0
6641 1
6642 1
6643 0
6644 1
6645 1
6646 0
6647 0
6648 0
6649 1
6650 0
6651 0
6652 1
6653 0
6654 1
6655 1
6656 0
6657 1
6658 0
6659 1
6660 1
6661 1
6662 0
6663 0
6664 1
6665 0
6666 1
6667 1
6668 0
6669 1
6670 0
6671 1
6672 1
6673 1
6674 1
6675 1
6676 1
6677 0
6678 1
6679 0
6680 0
6681 0
6682 0
6683 0
6684 0
6685 0
6686 0
6687 0
6688 0
6689 0
6690 0
6691 1
6692 0
6693 0
6694 1
6695 1
6696 1
6697 0
6698 0
6699 0
6700 1
6701 2
6702 0
6703 1
6704 1
6705 1
6706 1
6707 1
6708 0
6709 1
6710 1
6711 1
6712 1
6713 1
6714 0
6715 1
6716 1
6717 1
6718 1
6719 1
6720 0
6721 1
6722 1
6723 0
6724 1
6725 1
6726 1
6727 1
6728 0
6729 0
6730 0
6731 2
6732 1
6733 0
6734 0
6735 0
6736 0
6737 1
6738 1
6739 0
6740 0
6741 1
6742 1
6743 1
6744 1
6745 1
6746 0
6747 1
6748 1
6749 0
6750 1
6751 1
6752 0
6753 1
6754 1
6755 1
6756 2
6757 0
6758 1
6759 0
6760 1
6761 0
6762 0
6763 1
6764 0
6765 0
6766 1
6767 2
6768 0
6769 1
6770 0
6771 0
6772 0
6773 1
6774 1
6775 1
6776 0
6777 0
6778 1
6779 2
6780 1
6781 0
6782 2
6783 0
6784 1
6785 1
6786 1
6787 0
6788 1
6789 1
6790 1
6791 2
6792 0
6793 0
6794 0
6795 0
6796 1
6797 1
6798 1
6799 0
6800 1
6801 1
6802 1
6803 1
6804 1
6805 0
6806 1
6807 0
6808 0
6809 1
6810 1
6811 1
6812 1
6813 0
6814 0
6815 1
6816 1
6817 0
6818 1
6819 0
6820 1
6821 1
6822 1
6823 0
6824 1
6825 1
6826 0
6827 0
6828 0
6829 1
6830 1
6831 1
6832 0
6833 0
6834 1
6835 1
6836 1
6837 1
6838 1
6839 2
6840 1
6841 1
6842 1
6843 1
6844 0
6845 1
6846 1
6847 1
6848 1
6849 0
6850 0
6851 1
6852 1
6853 0
6854 0
6855 1
6856 2
6857 1
6858 1
6859 1
6860 1
6861 2
6862 1
6863 1
6864 0
6865 0
6866 0
6867 1
6868 1
6869 0
6870 1
6871 1
6872 0
6873 1
6874 0
6875 1
6876 1
6877 1
6878 0
6879 1
6880 1
6881 1
6882 1
6883 0
6884 1
6885 1
6886 2
6887 1
6888 1
6889 1
6890 1
6891 0
6892 0
6893 1
6894 1
6895 0
6896 1
6897 1
6898 0
6899 0
6900 1
6901 2
6902 1
6903 0
6904 1
6905 1
6906 1
6907 1
6908 2
6909 0
6910 1
6911 1
6912 1
6913 1
6914 0
6915 1
6916 0
6917 2
6918 0
6919 1
6920 1
6921 1
6922 2
6923 1
6924 1
6925 0
6926 1
6927 1
6928 1
6929 1
6930 1
6931 1
6932 1
6933 1
6934 1
6935 1
6936 1
6937 0
6938 0
6939 0
6940 1
6941 0
6942 0
6943 0
6944 1
6945 1
6946 1
6947 1
6948 1
6949 0
6950 0
6951 1
6952 1
6953 2
6954 0
6955 1
6956 1
6957 1
6958 1
6959 1
6960 0
6961 0
6962 1
6963 1
6964 1
6965 0
6966 1
6967 0
6968 1
6969 1
6970 0
6971 1
6972 1
6973 1
6974 0
6975 0
6976 1
6977 0
6978 1
6979 1
6980 0
6981 1
6982 0
6983 1
6984 1
6985 0
6986 1
6987 0
6988 1
6989 0
6990 1
6991 0
6992 0
6993 1
6994 1
6995 0
6996 1
6997 1
6998 1
6999 0
7000 1
7001 0
7002 1
7003 2
7004 1
7005 0
7006 0
7007 0
7008 2
7009 1
7010 1
7011 2
7012 2
7013 1
7014 0
7015 1
7016 0
7017 0
7018 1
7019 0
7020 0
7021 0
7022 2
7023 0
7024 0
7025 0
7026 0
7027 0
7028 1
7029 1
7030 1
7031 1
7032 1
7033 0
7034 1
7035 1
7036 2
7037 0
7038 1
7039 0
7040 0
7041 0
7042 1
7043 1
7044 1
7045 0
7046 0
7047 0
7048 0
7049 0
7050 1
7051 1
7052 0
7053 0
7054 1
7055 1
7056 2
7057 0
7058 1
7059 0
7060 2
7061 1
7062 2
7063 1
7064 0
7065 1
7066 1
7067 1
7068 0
7069 1
7070 1
7071 2
7072 0
7073 1
7074 1
7075 0
7076 1
7077 0
7078 1
7079 1
7080 0
7081 1
7082 0
7083 1
7084 1
7085 0
7086 1
7087 1
7088 2
7089 1
7090 0
7091 1
7092 1
7093 1
7094 1
7095 0
7096 1
7097 0
7098 1
7099 0
7100 0
7101 0
7102 1
7103 0
7104 1
7105 1
7106 1
7107 1
7108 1
7109 1
7110 0
7111 1
7112 2
7113 0
7114 0
7115 0
7116 1
7117 0
7118 1
7119 0
7120 0
7121 1
7122 1
7123 1
7124 1
7125 0
7126 0
7127 1
7128 0
7129 0
7130 0
7131 0
7132 0
7133 0
7134 1
7135 1
7136 0
7137 0
7138 0
7139 1
7140 0
7141 1
7142 1
7143 1
7144 1
7145 0
7146 1
7147 0
7148 1
7149 0
7150 1
7151 0
7152 1
7153 0
7154 0
7155 1
7156 0
7157 0
7158 0
7159 0
7160 1
7161 0
7162 0
7163 1
7164 0
7165 1
7166 1
7167 0
7168 0
7169 0
7170 0
7171 0
7172 0
7173 1
7174 1
7175 1
7176 1
7177 1
7178 0
7179 0
7180 0
7181 1
7182 0
7183 1
7184 0
7185 2
7186 0
7187 0
7188 0
7189 0
7190 1
7191 1
7192 0
7193 1
7194 1
7195 0
7196 1
7197 0
7198 0
7199 0
7200 0
7201 0
7202 0
7203 1
7204 0
7205 1
7206 0
7207 1
7208 1
7209 0
7210 0
7211 0
7212 0
7213 1
7214 0
7215 0
7216 1
7217 1
7218 1
7219 1
7220 0
7221 1
7222 1
7223 1
7224 1
7225 0
7226 1
7227 0
7228 1
7229 1
7230 0
7231 0
7232 1
7233 0
7234 1
7235 1
7236 0
7237 0
7238 0
7239 0
7240 0
7241 0
7242 2
7243 1
7244 0
7245 1
7246 1
7247 1
7248 0
7249 1
7250 1
7251 0
7252 0
7253 0
7254 0
7255 0
7256 1
7257 0
7258 0
7259 1
7260 1
7261 1
7262 0
7263 1
7264 0
7265 0
7266 0
7267 0
7268 1
7269 1
7270 1
7271 1
7272 1
7273 1
7274 1
7275 1
7276 0
7277 1
7278 0
7279 1
7280 0
7281 1
7282 1
7283 1
7284 2
7285 0
7286 0
7287 0
7288 0
7289 1
7290 1
7291 1
7292 1
7293 0
7294 1
7295 1
7296 1
7297 0
7298 0
7299 1
7300 0
7301 0
7302 0
7303 0
7304 1
7305 1
7306 1
7307 1
7308 0
7309 0
7310 0
7311 0
7312 1
7313 1
7314 0
7315 0
7316 1
7317 1
7318 0
7319 2
7320 0
7321 1
7322 2
7323 0
7324 0
7325 1
7326 1
7327 1
7328 1
7329 1
7330 1
7331 0
7332 1
7333 0
7334 1
7335 0
7336 2
7337 0
7338 1
7339 1
7340 0
7341 0
7342 0
7343 0
7344 1
7345 1
7346 1
7347 0
7348 1
7349 0
7350 1
7351 0
7352 0
7353 1
7354 1
7355 0
7356 1
7357 1
7358 1
7359 1
7360 1
7361 1
7362 0
7363 0
7364 1
7365 1
7366 1
7367 0
7368 2
7369 1
7370 0
7371 0
7372 1
7373 0
7374 1
7375 1
7376 0
7377 0
7378 1
7379 0
7380 1
7381 1
7382 0
7383 0
7384 1
7385 1
7386 1
7387 0
7388 0
7389 1
7390 0
7391 0
7392 1
7393 0
7394 1
7395 1
7396 1
7397 0
7398 1
7399 0
7400 1
7401 1
7402 0
7403 0
7404 1
7405 0
7406 0
7407 1
7408 1
7409 0
7410 1
7411 1
7412 1
7413 0
7414 1
7415 0
7416 0
7417 1
7418 1
7419 0
7420 0
7421 0
7422 1
7423 1
7424 1
7425 0
7426 1
7427 0
7428 1
7429 1
7430 0
7431 1
7432 0
7433 1
7434 1
7435 1
7436 0
7437 0
7438 0
7439 0
7440 0
7441 1
7442 0
7443 1
7444 0
7445 0
7446 1
7447 2
7448 0
7449 1
7450 1
7451 0
7452 0
7453 0
7454 1
7455 0
7456 1
7457 1
7458 0
7459 0
7460 0
7461 2
7462 1
7463 0
7464 1
7465 1
7466 0
7467 1
7468 1
7469 1
7470 1
7471 1
7472 1
7473 0
7474 1
7475 0
7476 1
7477 1
7478 0
7479 0
7480 1
7481 0
7482 0
7483 0
7484 1
7485 1
7486 0
7487 0
7488 1
7489 0
7490 0
7491 1
7492 0
7493 1
7494 1
7495 1
7496 1
7497 1
7498 1
7499 0
7500 0
7501 0
7502 1
7503 0
7504 0
7505 1
7506 1
7507 1
7508 0
7509 0
7510 1
7511 0
7512 0
7513 0
7514 0
7515 1
7516 1
7517 1
7518 2
7519 0
7520 0
7521 1
7522 0
7523 1
7524 0
7525 1
7526 1
7527 1
7528 0
7529 1
7530 1
7531 1
7532 0
7533 0
7534 1
7535 1
7536 1
7537 1
7538 1
7539 1
7540 0
7541 1
7542 1
7543 0
7544 1
7545 1
7546 2
7547 0
7548 0
7549 1
7550 1
7551 1
7552 1
7553 0
7554 0
7555 1
7556 0
7557 1
7558 0
7559 0
7560 1
7561 1
7562 1
7563 0
7564 1
7565 0
7566 1
7567 1
7568 0
7569 1
7570 2
7571 1
7572 0
7573 0
7574 1
7575 1
7576 0
7577 1
7578 1
7579 1
7580 0
7581 0
7582 0
7583 1
7584 0
7585 1
7586 0
7587 1
7588 0
7589 1
7590 0
7591 1
7592 1
7593 0
7594 1
7595 1
7596 1
7597 1
7598 1
7599 0
7600 1
7601 1
7602 1
7603 1
7604 1
7605 0
7606 1
7607 1
7608 1
7609 0
7610 1
7611 1
7612 1
7613 0
7614 0
7615 2
7616 0
7617 1
7618 0
7619 1
7620 1
7621 1
7622 1
7623 0
7624 1
7625 1
7626 0
7627 1
7628 0
7629 1
7630 1
7631 1
7632 1
7633 0
7634 1
7635 1
7636 1
7637 0
7638 1
7639 0
7640 0
7641 0
7642 0
7643 1
7644 1
7645 2
7646 1
7647 2
7648 2
7649 1
7650 2
7651 0
7652 0
7653 1
7654 1
7655 0
7656 0
7657 1
7658 1
7659 1
7660 0
7661 1
7662 1
7663 0
7664 2
7665 1
7666 0
7667 0
7668 0
7669 0
7670 0
7671 0
7672 0
7673 0
7674 1
7675 1
7676 1
7677 0
7678 1
7679 0
7680 0
7681 0
7682 0
7683 0
7684 2
7685 0
7686 0
7687 0
7688 1
7689 1
7690 1
7691 1
7692 1
7693 0
7694 1
7695 1
7696 0
7697 0
7698 0
7699 0
7700 0
7701 0
7702 0
7703 0
7704 1
7705 0
7706 0
7707 0
7708 0
7709 0
7710 0
7711 1
7712 1
7713 0
7714 1
7715 1
7716 1
7717 0
7718 0
7719 1
7720 1
7721 0
7722 0
7723 0
7724 0
7725 1
7726 1
7727 0
7728 1
7729 0
7730 0
7731 0
7732 0
7733 0
7734 0
7735 1
7736 1
7737 0
7738 2
7739 0
7740 0
7741 0
7742 0
7743 0
7744 0
7745 0
7746 1
7747 1
7748 0
7749 1
7750 1
7751 0
7752 1
7753 0
7754 0
7755 0
7756 0
7757 1
7758 0
7759 1
7760 1
7761 1
7762 1
7763 1
7764 0
7765 0
7766 1
7767 0
7768 0
7769 0
7770 0
7771 0
7772 0
7773 0
7774 0
7775 0
7776 0
7777 0
7778 0
7779 0
7780 0
7781 0
7782 0
7783 0
7784 0
7785 0
7786 0
7787 0
7788 0
7789 0
7790 0
7791 0
7792 0
7793 0
7794 0
7795 0
7796 0
7797 0
7798 0
7799 0
7800 0
7801 0
7802 0
7803 0
7804 0
7805 0
7806 0
7807 0
7808 0
7809 0
7810 0
7811 0
7812 0
7813 0
7814 0
7815 0
7816 0
7817 0
7818 0
7819 0
7820 0
7821 0
7822 0
7823 0
7824 0
7825 0
7826 0
7827 0
7828 0
7829 0
7830 0
7831 0
7832 0
7833 0
7834 0
7835 0
7836 0
7837 0
7838 0
7839 0
7840 0
7841 0
7842 0
7843 0
7844 0
7845 0
7846 0
7847 0
7848 0
7849 0
7850 0
7851 0
7852 0
7853 0
7854 0
7855 0
7856 0
7857 0
7858 0
7859 0
7860 1
7861 1
7862 1
7863 0
7864 1
7865 1
7866 1
7867 0
7868 0
7869 1
7870 1
7871 1
7872 1
7873 1
7874 1
7875 0
7876 0
7877 0
7878 0
7879 0
7880 0
7881 1
7882 1
7883 0
7884 1
7885 1
7886 1
7887 0
7888 1
7889 1
7890 1
7891 1
7892 1
7893 1
7894 1
7895 0
7896 1
7897 1
7898 0
7899 1
7900 1
7901 0
7902 0
7903 1
7904 1
7905 1
7906 0
7907 1
7908 1
7909 0
7910 1
7911 1
7912 0
7913 1
7914 1
7915 0
7916 0
7917 1
7918 1
7919 0
7920 1
7921 0
7922 1
7923 1
7924 0
7925 1
7926 1
7927 1
7928 0
7929 1
7930 1
7931 0
7932 1
7933 1
7934 1
7935 1
7936 0
7937 0
7938 0
7939 0
7940 0
7941 0
7942 0
7943 0
7944 0
7945 0
7946 1
7947 0
7948 0
7949 2
7950 0
7951 1
7952 0
7953 1
7954 0
7955 1
7956 0
7957 1
7958 0
7959 0
7960 1
7961 1
7962 1
7963 0
7964 1
7965 1
7966 0
7967 0
7968 0
7969 1
7970 1
7971 1
7972 1
7973 1
7974 0
7975 2
7976 2
7977 1
7978 0
7979 0
7980 0
7981 1
7982 0
7983 1
7984 1
7985 1
7986 1
7987 1
7988 1
7989 1
7990 1
7991 1
7992 1
7993 0
7994 0
7995 1
7996 0
7997 1
7998 0
7999 1
8000 1
8001 0
8002 1
8003 1
8004 0
8005 1
8006 1
8007 0
8008 1
8009 1
8010 0
8011 1
8012 1
8013 1
8014 1
8015 0
8016 1
8017 1
8018 0
8019 0
8020 1
8021 0
8022 1
8023 0
8024 1
8025 0
8026 0
8027 1
8028 1
8029 1
8030 1
8031 1
8032 0
8033 0
8034 0
8035 1
8036 1
8037 0
8038 0
8039 0
8040 0
8041 0
8042 0
8043 0
8044 0
8045 0
8046 0
8047 0
8048 0
8049 0
8050 0
8051 0
8052 0
8053 0
8054 0
8055 0
8056 0
8057 0
8058 0
8059 0
8060 0
8061 0
8062 0
8063 0
8064 0
8065 0
8066 0
8067 0
8068 0
8069 0
8070 0
8071 0
8072 1
8073 1
8074 0
8075 1
8076 1
8077 1
8078 0
8079 0
8080 0
8081 0
8082 0
8083 0
8084 0
8085 0
8086 1
8087 0
8088 0
8089 0
8090 1
8091 0
8092 1
8093 1
8094 0
8095 1
8096 1
8097 0
8098 0
8099 0
8100 0
8101 1
8102 0
8103 1
8104 1
8105 1
8106 0
8107 1
8108 0
8109 0
8110 1
8111 1
8112 1
8113 0
8114 1
8115 0
8116 1
8117 1
8118 1
8119 1
8120 1
8121 0
8122 0
8123 1
8124 1
8125 1
8126 2
8127 0
8128 1
8129 0
8130 0
8131 1
8132 1
8133 1
8134 1
8135 0
8136 1
8137 0
8138 1
8139 0
8140 1
8141 2
8142 0
8143 0
8144 2
8145 1
8146 1
8147 1
8148 0
8149 0
8150 0
8151 1
8152 2
8153 0
8154 1
8155 1
8156 1
8157 1
8158 1
8159 0
8160 1
8161 0
8162 0
8163 1
8164 0
8165 1
8166 1
8167 0
8168 1
8169 0
8170 1
8171 0
8172 1
8173 1
8174 0
8175 0
8176 0
8177 0
8178 1
8179 0
8180 1
8181 1
8182 2
8183 2
8184 0
8185 2
8186 1
8187 1
8188 1
8189 1
8190 0
8191 0
8192 1
8193 0
8194 0
8195 0
8196 0
8197 1
8198 0
8199 0
8200 0
8201 1
8202 1
8203 1
8204 1
8205 0
8206 0
8207 1
8208 0
8209 1
8210 0
8211 0
8212 0
8213 1
8214 1
8215 1
8216 0
8217 0
8218 0
8219 1
8220 0
8221 0
8222 1
8223 2
8224 1
8225 0
8226 1
8227 0
8228 1
8229 1
8230 1
8231 1
8232 0
8233 0
8234 0
8235 0
8236 0
8237 1
8238 1
8239 0
8240 1
8241 1
8242 1
8243 0
8244 0
8245 0
8246 1
8247 1
8248 1
8249 0
8250 0
8251 0
8252 1
8253 0
8254 0
8255 0
8256 0
8257 0
8258 0
8259 0
8260 0
8261 0
8262 0
8263 0
8264 0
8265 0
8266 0
8267 0
8268 0
8269 0
8270 0
8271 0
8272 0
8273 0
8274 0
8275 0
8276 0
8277 0
8278 0
8279 1
8280 0
8281 1
8282 0
8283 1
8284 1
8285 1
8286 1
8287 0
8288 1
8289 1
8290 1
8291 1
8292 1
8293 0
8294 0
8295 1
8296 1
8297 1
8298 1
8299 0
8300 1
8301 1
8302 1
8303 0
8304 1
8305 0
8306 0
8307 1
8308 0
8309 0
8310 1
8311 0
8312 1
8313 1
8314 0
8315 0
8316 0
8317 1
8318 1
8319 1
8320 1
8321 1
8322 1
8323 0
8324 1
8325 1
8326 1
8327 2
8328 1
8329 0
8330 1
8331 1
8332 1
8333 0
8334 1
8335 1
8336 0
8337 0
8338 1
8339 0
8340 1
8341 0
8342 0
8343 1
8344 0
8345 1
8346 0
8347 0
8348 0
8349 0
8350 0
8351 0
8352 1
8353 0
8354 1
8355 1
8356 1
8357 1
8358 0
8359 1
8360 0
8361 1
8362 1
8363 1
8364 1
8365 1
8366 1
8367 1
8368 1
8369 0
8370 1
8371 1
8372 1
8373 0
8374 0
8375 0
8376 1
8377 1
8378 0
8379 1
8380 0
8381 2
8382 1
8383 0
8384 1
8385 1
8386 1
8387 1
8388 1
8389 1
8390 0
8391 0
8392 1
8393 0
8394 0
8395 0
8396 0
8397 0
8398 0
8399 0
8400 1
8401 1
8402 2
8403 1
8404 0
8405 1
8406 1
8407 1
8408 1
8409 0
8410 0
8411 0
8412 0
8413 1
8414 1
8415 2
8416 1
8417 1
8418 0
8419 0
8420 0
8421 0
8422 1
8423 0
8424 0
8425 0
8426 1
8427 0
8428 1
8429 0
8430 0
8431 1
8432 1
8433 0
8434 0
8435 0
8436 1
8437 2
8438 1
8439 1
8440 1
8441 0
8442 1
8443 1
8444 2
8445 1
8446 1
8447 1
8448 1
8449 1
8450 0
8451 0
8452 1
8453 1
8454 2
8455 1
8456 0
8457 1
8458 1
8459 1
8460 1
8461 0
8462 0
8463 1
8464 0
8465 0
8466 0
8467 1
8468 0
8469 1
8470 1
8471 2
8472 1
8473 0
8474 0
8475 1
8476 0
8477 0
8478 0
8479 0
8480 0
8481 0
8482 1
8483 1
8484 1
8485 1
8486 1
8487 1
8488 1
8489 0
8490 2
8491 0
8492 0
8493 1
8494 2
8495 0
8496 0
8497 1
8498 1
8499 1
8500 2
8501 0
8502 1
8503 1
8504 1
8505 1
8506 0
8507 1
8508 1
8509 0
8510 0
8511 2
8512 1
8513 1
8514 1
8515 0
8516 1
8517 1
8518 1
8519 2
8520 0
8521 1
8522 0
8523 0
8524 1
8525 0
8526 1
8527 1
8528 0
8529 1
8530 1
8531 1
8532 0
8533 0
8534 1
8535 1
8536 0
8537 1
8538 0
8539 1
8540 1
8541 0
8542 1
8543 2
8544 0
8545 0
8546 1
8547 0
8548 0
8549 0
8550 0
8551 0
8552 0
8553 0
8554 0
8555 0
8556 1
8557 1
8558 0
8559 0
8560 0
8561 0
8562 0
8563 0
8564 0
8565 0
8566 0
8567 0
8568 0
8569 0
8570 0
8571 0
8572 0
8573 0
8574 0
8575 0
8576 0
8577 0
8578 0
8579 0
8580 0
8581 0
8582 0
8583 0
8584 0
8585 0
8586 0
8587 1
8588 1
8589 1
8590 0
8591 0
8592 0
8593 0
8594 0
8595 0
8596 0
8597 0
8598 0
8599 0
8600 0
8601 0
8602 0
8603 0
8604 0
8605 0
8606 0
8607 0
8608 1
8609 1
8610 1
8611 0
8612 1
8613 1
8614 1
8615 0
8616 0
8617 2
8618 1
8619 1
8620 0
8621 0
8622 1
8623 0
8624 0
8625 1
8626 1
8627 1
8628 0
8629 0
8630 0
8631 1
8632 1
8633 1
8634 1
8635 0
8636 0
8637 1
8638 1
8639 0
8640 0
8641 1
8642 0
8643 1
8644 1
8645 0
8646 0
8647 1
8648 0
8649 1
8650 1
8651 0
8652 1
8653 1
8654 0
8655 1
8656 1
8657 1
8658 0
8659 1
8660 1
8661 0
8662 0
8663 1
8664 1
8665 1
8666 0
8667 0
8668 0
8669 1
8670 0
8671 2
8672 1
8673 1
8674 0
8675 0
8676 1
8677 1
8678 1
8679 2
8680 1
8681 1
8682 0
8683 2
8684 0
8685 1
8686 1
8687 1
8688 0
8689 0
8690 1
8691 0
8692 1
8693 0
8694 1
8695 0
8696 0
8697 1
8698 1
8699 1
8700 1
8701 1
8702 1
8703 1
8704 0
8705 1
8706 1
8707 0
8708 0
8709 0
8710 0
8711 1
8712 1
8713 1
8714 1
8715 0
8716 1
8717 2
8718 1
8719 0
8720 1
8721 1
8722 1
8723 1
8724 1
8725 0
8726 0
8727 1
8728 1
8729 0
8730 1
8731 0
8732 1
8733 1
8734 1
8735 1
8736 0
8737 0
8738 0
8739 0
8740 0
8741 0
8742 1
8743 0
8744 1
8745 1
8746 1
8747 0
8748 1
8749 0
8750 1
8751 1
8752 0
8753 1
8754 0
8755 0
8756 0
8757 1
8758 1
8759 0
8760 0
8761 1
8762 0
8763 0
8764 1
8765 0
8766 0
8767 1
8768 1
8769 1
8770 0
8771 1
8772 1
8773 1
8774 1
8775 0
8776 1
8777 1
8778 1
8779 0
8780 1
8781 1
8782 1
8783 0
8784 0
8785 0
8786 0
8787 1
8788 0
8789 0
8790 0
8791 1
8792 1
8793 0
8794 1
8795 1
8796 1
8797 0
8798 1
8799 0
8800 0
8801 1
8802 0
8803 0
8804 0
8805 1
8806 0
8807 1
8808 1
8809 0
8810 0
8811 1
8812 1
8813 0
8814 0
8815 0
8816 1
8817 1
8818 0
8819 1
8820 1
8821 0
8822 0
8823 0
8824 1
8825 0
8826 0
8827 1
8828 1
8829 1
8830 0
8831 0
8832 0
8833 0
8834 0
8835 0
8836 1
8837 1
8838 1
8839 0
8840 1
8841 1
8842 1
8843 1
8844 1
8845 0
8846 0
8847 0
8848 1
8849 0
8850 1
8851 1
8852 0
8853 0
8854 1
8855 0
8856 1
8857 1
8858 1
8859 2
8860 1
8861 1
8862 1
8863 1
8864 2
8865 1
8866 0
8867 1
8868 1
8869 0
8870 1
8871 0
8872 1
8873 1
8874 1
8875 0
8876 0
8877 1
8878 0
8879 1
8880 1
8881 0
8882 0
8883 0
8884 0
8885 0
8886 1
8887 1
8888 0
8889 0
8890 1
8891 0
8892 0
8893 1
8894 1
8895 1
8896 0
8897 0
8898 1
8899 0
8900 1
8901 0
8902 1
8903 0
8904 0
8905 0
8906 0
8907 0
8908 0
8909 0
8910 0
8911 0
8912 0
8913 0
8914 0
8915 0
8916 0
8917 0
8918 0
8919 0
8920 1
8921 0
8922 0
8923 0
8924 0
8925 0
8926 0
8927 0
8928 0
8929 0
8930 0
8931 0
8932 0
8933 0
8934 0
8935 0
8936 0
8937 0
8938 0
8939 0
8940 0
8941 0
8942 0
8943 0
8944 0
8945 0
8946 0
8947 0
8948 0
8949 0
8950 0
8951 0
8952 0
8953 0
8954 0
8955 0
8956 0
8957 0
8958 0
8959 0
8960 0
8961 0
8962 0
8963 0
8964 0
8965 0
8966 0
8967 0
8968 0
8969 0
8970 0
8971 0
8972 0
8973 0
8974 0
8975 0
8976 0
8977 0
8978 0
8979 0
8980 0
8981 0
8982 0
8983 0
8984 0
8985 0
8986 0
8987 0
8988 0
8989 0
8990 0
8991 0
8992 0
8993 0
8994 0
8995 0
8996 0
8997 0
8998 0
8999 0
9000 0
9001 0
9002 0
9003 1
9004 1
9005 1
9006 1
9007 1
9008 1
9009 0
9010 1
9011 0
9012 1
9013 1
9014 1
9015 0
9016 0
9017 1
9018 1
9019 0
9020 1
9021 0
9022 1
9023 0
9024 0
9025 0
9026 0
9027 0
9028 0
9029 0
9030 0
9031 0
9032 0
9033 0
9034 1
9035 0
9036 0
9037 1
9038 0
9039 0
9040 0
9041 0
9042 0
9043 0
9044 0
9045 0
9046 0
9047 0
9048 0
9049 0
9050 0
9051 0
9052 0
9053 0
9054 0
9055 0
9056 0
9057 0
9058 0
9059 0
9060 1
9061 0
9062 0
9063 0
9064 0
9065 0
9066 0
9067 0
9068 0
9069 0
9070 0
9071 0
9072 0
9073 0
9074 1
9075 0
9076 1
9077 0
9078 1
9079 1
9080 1
9081 1
9082 0
9083 1
9084 1
9085 1
9086 1
9087 1
9088 1
9089 0
9090 0
9091 0
9092 1
9093 0
9094 0
9095 1
9096 0
9097 1
9098 0
9099 1
9100 0
9101 0
9102 1
9103 1
9104 1
9105 1
9106 1
9107 1
9108 1
9109 0
9110 0
9111 1
9112 0
9113 0
9114 0
9115 0
9116 0
9117 0
9118 0
9119 0
9120 0
9121 1
9122 1
9123 0
9124 0
9125 1
9126 1
9127 1
9128 1
9129 0
9130 1
9131 1
9132 1
9133 0
9134 0
9135 0
9136 0
9137 2
9138 0
9139 0
9140 0
9141 0
9142 1
9143 0
9144 0
9145 0
9146 0
9147 0
9148 0
9149 0
9150 0
9151 0
9152 1
9153 0
9154 0
9155 1
9156 0
9157 0
9158 1
9159 0
9160 0
9161 1
9162 1
9163 1
9164 0
9165 0
9166 0
9167 1
9168 0
9169 0
9170 1
9171 0
9172 1
9173 0
9174 0
9175 0
9176 0
9177 1
9178 0
9179 1
9180 1
9181 0
9182 0
9183 1
9184 1
9185 1
9186 0
9187 0
9188 1
9189 0
9190 1
9191 0
9192 0
9193 0
9194 1
9195 0
9196 0
9197 1
9198 0
9199 0
9200 0
9201 1
9202 0
9203 0
9204 0
9205 0
9206 1
9207 1
9208 0
9209 1
9210 2
9211 0
9212 1
9213 1
9214 0
9215 0
9216 0
9217 1
9218 0
9219 1
9220 1
9221 1
9222 0
9223 1
9224 1
9225 1
9226 1
9227 0
9228 0
9229 1
9230 0
9231 1
9232 0
9233 0
9234 0
9235 1
9236 1
9237 0
9238 1
9239 0
9240 0
9241 1
9242 1
9243 1
9244 0
9245 1
9246 1
9247 1
9248 1
9249 0
9250 0
9251 0
9252 0
9253 1
9254 1
9255 0
9256 0
9257 0
9258 1
9259 1
9260 1
9261 1
9262 0
9263 1
9264 1
9265 0
9266 0
9267 0
9268 1
9269 0
9270 0
9271 0
9272 0
9273 0
9274 0
9275 0
9276 1
9277 1
9278 0
9279 0
9280 0
9281 1
9282 1
9283 0
9284 0
9285 0
9286 2
9287 1
9288 1
9289 1
9290 0
9291 0
9292 1
9293 0
9294 1
9295 1
9296 0
9297 1
9298 1
9299 1
9300 1
9301 0
9302 1
9303 0
9304 1
9305 1
9306 0
9307 0
9308 1
9309 1
9310 1
9311 0
9312 0
9313 0
9314 0
9315 1
9316 1
9317 0
9318 0
9319 0
9320 0
9321 1
9322 0
9323 0
9324 0
9325 0
9326 1
9327 1
9328 1
9329 1
9330 0
9331 0
9332 0
9333 1
9334 0
9335 0
9336 1
9337 0
9338 1
9339 0
9340 1
9341 0
9342 1
9343 0
9344 1
9345 1
9346 1
9347 1
9348 1
9349 1
9350 1
9351 1
9352 0
9353 1
9354 2
9355 1
9356 0
9357 0
9358 0
9359 0
9360 0
9361 0
9362 0
9363 1
9364 0
9365 0
9366 1
9367 1
9368 1
9369 1
9370 1
9371 1
9372 1
9373 1
9374 0
9375 0
9376 0
9377 0
9378 1
9379 0
9380 0
9381 0
9382 0
9383 1
9384 1
9385 0
9386 0
9387 1
9388 1
9389 0
9390 0
9391 1
9392 1
9393 0
9394 0
9395 1
9396 0
9397 1
9398 1
9399 0
9400 0
9401 0
9402 1
9403 1
9404 0
9405 0
9406 0
9407 0
9408 0
9409 0
9410 0
9411 1
9412 0
9413 1
9414 0
9415 0
9416 0
9417 0
9418 1
9419 1
9420 1
9421 0
9422 1
9423 1
9424 0
9425 1
9426 1
9427 0
9428 0
9429 0
9430 1
9431 1
9432 1
9433 0
9434 1
9435 1
9436 1
9437 1
9438 0
9439 1
9440 1
9441 1
9442 0
9443 0
9444 0
9445 0
9446 0
9447 0
9448 0
9449 0
9450 0
9451 0
9452 0
9453 0
9454 0
9455 0
9456 0
9457 0
9458 0
9459 0
9460 0
9461 0
9462 0
9463 0
9464 0
9465 0
9466 0
9467 0
9468 0
9469 0
9470 0
9471 0
9472 0
9473 0
9474 0
9475 0
9476 0
9477 0
9478 0
9479 0
9480 0
9481 0
9482 0
9483 0
9484 0
9485 1
9486 1
9487 1
9488 0
9489 1
9490 0
9491 0
9492 0
9493 0
9494 0
9495 0
9496 0
9497 0
9498 0
9499 0
9500 0
9501 0
9502 0
9503 1
9504 1
9505 1
9506 1
9507 0
9508 1
9509 1
9510 1
9511 1
9512 1
9513 1
9514 1
9515 1
9516 1
9517 0
9518 0
9519 0
9520 0
9521 0
9522 1
9523 0
9524 1
9525 0
9526 1
9527 1
9528 0
9529 1
9530 1
9531 0
9532 1
9533 0
9534 0
9535 1
9536 1
9537 0
9538 1
9539 1
9540 0
9541 0
9542 1
9543 1
9544 0
9545 1
9546 1
9547 0
9548 0
9549 0
9550 1
9551 1
9552 0
9553 1
9554 0
9555 0
9556 1
9557 1
9558 0
9559 0
9560 1
9561 1
9562 0
9563 1
9564 1
9565 1
9566 0
9567 0
9568 1
9569 1
9570 1
9571 0
9572 0
9573 1
9574 1
9575 1
9576 1
9577 1
9578 0
9579 1
9580 1
9581 1
9582 0
9583 0
9584 0
9585 0
9586 0
9587 0
9588 0
9589 0
9590 0
9591 1
9592 1
9593 1
9594 1
9595 1
9596 1
9597 0
9598 0
9599 0
9600 1
9601 0
9602 0
9603 1
9604 0
9605 0
9606 0
9607 1
9608 0
9609 1
9610 1
9611 1
9612 0
9613 1
9614 1
9615 0
9616 0
9617 1
9618 1
9619 0
9620 0
9621 0
9622 0
9623 0
9624 0
9625 1
9626 0
9627 0
9628 1
9629 0
9630 0
9631 1
9632 0
9633 0
9634 0
9635 0
9636 0
9637 1
9638 0
9639 1
9640 0
9641 0
9642 1
9643 1
9644 0
9645 1
9646 0
9647 1
9648 0
9649 1
9650 1
9651 1
9652 1
9653 1
9654 1
9655 1
9656 0
9657 1
9658 1
9659 1
9660 1
9661 1
9662 0
9663 0
9664 1
9665 0
9666 0
9667 1
9668 1
9669 0
9670 0
9671 1
9672 1
9673 1
9674 0
9675 1
9676 1
9677 2
9678 1
9679 1
9680 0
9681 0
9682 1
9683 1
9684 1
9685 1
9686 1
9687 1
9688 1
9689 1
9690 1
9691 1
9692 0
9693 1
9694 1
9695 0
9696 1
9697 1
9698 0
9699 1
9700 0
9701 1
9702 1
9703 0
9704 1
9705 0
9706 1
9707 1
9708 0
9709 0
9710 0
9711 0
9712 1
9713 1
9714 1
9715 1
9716 0
9717 1
9718 1
9719 1
9720 1
9721 1
9722 1
9723 1
9724 1
9725 0
9726 1
9727 1
9728 0
9729 1
9730 1
9731 1
9732 1
9733 0
9734 0
9735 0
9736 1
9737 1
9738 1
9739 1
9740 0
9741 1
9742 1
9743 1
9744 0
9745 1
9746 0
9747 0
9748 0
9749 1
9750 1
9751 0
9752 0
9753 0
9754 1
9755 0
9756 1
9757 1
9758 1
9759 0
9760 1
9761 1
9762 1
9763 1
9764 1
9765 1
9766 1
9767 0
9768 1
9769 1
9770 0
9771 0
9772 0
9773 0
9774 0
9775 1
9776 0
9777 0
9778 0
9779 0
9780 0
9781 0
9782 0
9783 0
9784 0
9785 0
9786 0
9787 0
9788 0
9789 0
9790 0
9791 0
9792 0
9793 0
9794 0
9795 0
9796 0
9797 0
9798 1
9799 1
9800 0
9801 0
9802 1
9803 1
9804 1
9805 1
9806 0
9807 0
9808 1
9809 0
9810 1
9811 1
9812 0
9813 0
9814 1
9815 1
9816 0
9817 0
9818 1
9819 0
9820 0
9821 0
9822 0
9823 0
9824 0
9825 0
9826 0
9827 0
9828 0
9829 0
9830 0
9831 0
9832 0
9833 0
9834 0
9835 0
9836 0
9837 0
9838 0
9839 0
9840 0
9841 0
9842 0
9843 1
9844 0
9845 0
9846 0
9847 0
9848 0
9849 0
9850 0
9851 0
9852 0
9853 0
9854 0
9855 1
9856 0
9857 1
9858 0
9859 1
9860 1
9861 1
9862 1
9863 0
9864 0
9865 1
9866 1
9867 0
9868 1
9869 0
9870 0
9871 0
9872 0
9873 0
9874 0
9875 0
9876 0
9877 0
9878 0
9879 0
9880 0
9881 0
9882 0
9883 0
9884 0
9885 0
9886 0
9887 1
9888 1
9889 0
9890 0
9891 0
9892 0
9893 0
9894 0
9895 0
9896 0
9897 0
9898 0
9899 0
9900 0
9901 0
9902 0
9903 0
9904 0
9905 0
9906 0
9907 0
9908 0
9909 0
9910 0
9911 0
9912 1
9913 0
9914 0
9915 0
9916 0
9917 0
9918 0
9919 0
9920 0
9921 0
9922 0
9923 0
9924 0
9925 0
9926 0
9927 0
9928 1
9929 1
9930 0
9931 0
9932 1
9933 0
9934 0
9935 0
9936 0
9937 0
9938 0
9939 0
9940 0
9941 0
9942 0
9943 0
9944 0
9945 0
9946 0
9947 0
9948 0
9949 0
9950 0
9951 1
9952 1
9953 1
9954 0
9955 0
9956 1
9957 1
9958 0
9959 1
9960 1
9961 1
9962 1
9963 0
9964 1
9965 1
9966 0
9967 1
9968 1
9969 1
9970 1
9971 1
9972 1
9973 1
9974 0
9975 1
9976 0
9977 0
9978 1
9979 1
9980 1
9981 1
9982 1
9983 1
9984 1
9985 0
9986 1
9987 1
9988 1
9989 1
9990 1
9991 0
9992 1
9993 0
9994 0
9995 0
9996 0
9997 0
9998 0
9999 0
10000 0
10001 1
