1 0
2 1
3 1
4 1
5 1
6 1
7 1
8 1
9 1
10 2
11 1
12 1
13 1
14 1
15 1
16 0
17 1
18 1
19 1
20 1
21 1
22 1
23 1
24 1
25 0
26 1
27 1
28 1
29 1
30 0
31 0
32 0
33 1
34 1
35 1
36 1
37 1
38 1
39 1
40 0
41 1
42 0
43 0
44 1
45 1
46 1
47 0
48 1
49 1
50 1
51 1
52 0
53 1
54 1
55 1
56 1
57 1
58 0
59 1
60 1
61 1
62 1
63 1
64 1
65 1
66 0
67 1
68 1
69 0
70 1
71 1
72 1
73 0
74 0
75 0
76 1
77 0
78 1
79 1
80 1
81 0
82 0
83 1
84 1
85 1
86 1
87 0
88 1
89 1
90 1
91 1
92 1
93 0
94 1
95 1
96 1
97 0
98 1
99 1
100 1
101 1
102 1
103 1
104 1
105 1
106 1
107 0
108 1
109 1
110 0
111 1
112 1
113 0
114 0
115 1
116 2
117 1
118 1
119 1
120 1
121 1
122 0
123 1
124 0
125 1
126 1
127 1
128 1
129 0
130 0
131 0
132 0
133 1
134 1
135 1
136 1
137 1
138 1
139 1
140 0
141 1
142 1
143 1
144 1
145 1
146 1
147 1
148 1
149 1
150 1
151 1
152 1
153 1
154 1
155 1
156 0
157 1
158 1
159 1
160 1
161 1
162 1
163 0
164 1
165 1
166 1
167 1
168 1
169 0
170 2
171 1
172 1
173 1
174 1
175 1
176 1
177 0
178 0
179 0
180 1
181 1
182 1
183 1
184 1
185 0
186 1
187 0
188 0
189 0
190 0
191 1
192 1
193 1
194 1
195 0
196 1
197 1
198 1
199 1
200 0
201 1
202 1
203 0
204 1
205 1
206 1
207 0
208 1
209 1
210 1
211 1
212 1
213 1
214 1
215 1
216 0
217 2
218 1
219 1
220 1
221 1
222 1
223 1
224 2
225 0
226 1
227 1
228 1
229 1
230 1
231 0
232 1
233 0
234 1
235 1
236 1
237 1
238 0
239 1
240 2
241 1
242 1
243 1
244 1
245 2
246 1
247 2
248 1
249 0
250 2
251 1
252 1
253 0
254 0
255 1
256 1
257 1
258 1
259 1
260 0
261 1
262 1
263 1
264 1
265 0
266 1
267 1
268 0
269 2
270 0
271 0
272 2
273 0
274 0
275 1
276 1
277 0
278 0
279 0
280 0
281 0
282 1
283 1
284 2
285 1
286 2
287 2
288 1
289 1
290 1
291 2
292 0
293 0
294 1
295 0
296 1
297 0
298 1
299 1
300 0
301 2
302 2
303 0
304 2
305 0
306 1
307 2
308 2
309 2
310 1
311 1
312 1
313 2
314 2
315 1
316 0
317 1
318 1
319 1
320 1
321 1
322 0
323 2
324 1
325 1
326 0
327 1
328 1
329 0
330 1
331 1
332 1
333 1
334 1
335 1
336 1
337 1
338 1
339 1
340 0
341 0
342 1
343 1
344 0
345 0
346 1
347 1
348 1
349 1
350 1
351 0
352 1
353 1
354 0
355 1
356 0
357 1
358 2
359 1
360 1
361 0
362 1
363 1
364 1
365 1
366 0
367 0
368 1
369 1
370 0
371 1
372 0
373 1
374 1
375 0
376 0
377 1
378 1
379 1
380 1
381 2
382 1
383 1
384 0
385 1
386 1
387 1
388 1
389 0
390 1
391 1
392 0
393 0
394 0
395 1
396 1
397 1
398 0
399 1
400 1
401 1
402 1
403 1
404 1
405 0
406 0
407 1
408 1
409 1
410 1
411 1
412 0
413 0
414 1
415 0
416 0
417 0
418 1
419 0
420 0
421 1
422 0
423 0
424 0
425 1
426 0
427 1
428 1
429 1
430 0
431 0
432 1
433 0
434 0
435 0
436 1
437 0
438 1
439 1
440 1
441 1
442 1
443 1
444 0
445 1
446 0
447 1
448 1
449 1
450 1
451 1
452 1
453 0
454 0
455 1
456 1
457 0
458 1
459 2
460 0
461 1
462 0
463 1
464 1
465 1
466 0
467 1
468 1
469 1
470 1
471 1
472 1
473 1
474 1
475 1
476 1
477 0
478 1
479 1
480 1
481 1
482 2
483 1
484 0
485 1
486 0
487 1
488 1
489 1
490 1
491 1
492 1
493 1
494 0
495 0
496 1
497 1
498 0
499 0
500 1
501 0
502 1
503 1
504 1
505 1
506 0
507 0
508 1
509 0
510 0
511 1
512 1
513 0
514 1
515 0
516 0
517 0
518 0
519 1
520 0
521 0
522 0
523 0
524 1
525 0
526 1
527 0
528 0
529 0
530 1
531 1
532 0
533 1
534 1
535 0
536 1
537 0
538 1
539 1
540 1
541 0
542 1
543 1
544 1
545 1
546 1
547 0
548 1
549 1
550 1
551 1
552 1
553 1
554 0
555 0
556 1
557 1
558 1
559 1
560 0
561 1
562 1
563 1
564 0
565 1
566 0
567 1
568 0
569 0
570 0
571 1
572 0
573 1
574 0
575 0
576 1
577 0
578 0
579 1
580 0
581 1
582 0
583 0
584 1
585 0
586 0
587 0
588 0
589 0
590 1
591 1
592 0
593 0
594 1
595 1
596 0
597 0
598 1
599 1
600 0
601 0
602 1
603 1
604 0
605 1
606 0
607 1
608 0
609 0
610 0
611 1
612 0
613 0
614 1
615 1
616 1
617 1
618 1
619 1
620 1
621 1
622 0
623 0
624 1
625 0
626 1
627 1
628 0
629 1
630 1
631 1
632 1
633 1
634 1
635 1
636 1
637 1
638 1
639 1
640 1
641 2
642 1
643 1
644 1
645 1
646 1
647 1
648 1
649 1
650 1
651 1
652 1
653 0
654 1
655 1
656 1
657 1
658 1
659 0
660 1
661 1
662 0
663 0
664 1
665 1
666 0
667 1
668 1
669 1
670 1
671 1
672 0
673 1
674 0
675 1
676 1
677 1
678 1
679 1
680 0
681 1
682 1
683 1
684 0
685 1
686 1
687 1
688 1
689 0
690 1
691 0
692 1
693 1
694 1
695 1
696 0
697 1
698 1
699 0
700 1
701 1
702 1
703 1
704 1
705 1
706 0
707 0
708 0
709 1
710 1
711 0
712 1
713 1
714 1
715 1
716 0
717 1
718 0
719 0
720 0
721 1
722 0
723 1
724 1
725 1
726 1
727 1
728 1
729 1
730 0
731 0
732 1
733 1
734 0
735 1
736 1
737 1
738 0
739 1
740 1
741 1
742 1
743 1
744 1
745 1
746 0
747 1
748 2
749 1
750 1
751 1
752 1
753 1
754 1
755 1
756 1
757 1
758 1
759 0
760 0
761 0
762 1
763 1
764 0
765 1
766 0
767 1
768 1
769 1
770 1
771 1
772 0
773 1
774 0
775 1
776 1
777 1
778 1
779 1
780 0
781 1
782 0
783 1
784 1
785 0
786 1
787 1
788 1
789 1
790 0
791 1
792 0
793 0
794 1
795 1
796 0
797 1
798 1
799 1
800 1
801 1
802 1
803 1
804 1
805 2
806 1
807 1
808 1
809 1
810 1
811 1
812 1
813 0
814 1
815 1
816 1
817 1
818 1
819 1
820 1
821 0
822 0
823 1
824 1
825 1
826 1
827 1
828 1
829 1
830 1
831 1
832 1
833 1
834 1
835 1
836 1
837 1
838 1
839 1
840 1
841 0
842 1
843 0
844 0
845 1
846 1
847 1
848 1
849 1
850 1
851 1
852 1
853 1
854 0
855 0
856 1
857 1
858 1
859 1
860 1
861 1
862 0
863 1
864 2
865 1
866 1
867 1
868 0
869 1
870 1
871 0
872 0
873 1
874 1
875 1
876 0
877 1
878 1
879 0
880 1
881 0
882 0
883 1
884 0
885 0
886 0
887 0
888 0
889 0
890 1
891 0
892 0
893 0
894 0
895 1
896 0
897 1
898 1
899 1
900 1
901 0
902 0
903 0
904 0
905 0
906 0
907 0
908 0
909 0
910 1
911 0
912 1
913 0
914 1
915 1
916 1
917 1
918 0
919 1
920 1
921 0
922 0
923 0
924 1
925 0
926 1
927 1
928 1
929 0
930 1
931 1
932 1
933 1
934 1
935 1
936 0
937 1
938 1
939 1
940 0
941 1
942 1
943 1
944 1
945 1
946 1
947 1
948 0
949 1
950 1
951 1
952 1
953 1
954 1
955 1
956 1
957 1
958 0
959 1
960 0
961 1
962 1
963 1
964 0
965 1
966 0
967 0
968 0
969 1
970 1
971 1
972 1
973 0
974 1
975 0
976 0
977 1
978 0
979 1
980 0
981 1
982 0
983 1
984 0
985 0
986 0
987 1
988 1
989 1
990 1
991 0
992 0
993 0
994 0
995 0
996 0
997 0
998 0
999 0
1000 0
1001 0
1002 1
1003 0
1004 0
1005 0
1006 1
1007 1
1008 0
1009 0
1010 1
1011 0
1012 0
1013 1
1014 1
1015 1
1016 1
1017 1
1018 1
1019 0
1020 1
1021 1
1022 1
1023 1
1024 1
1025 1
1026 1
1027 1
1028 0
1029 1
1030 0
1031 0
1032 1
1033 0
1034 0
1035 0
1036 0
1037 1
1038 1
1039 1
1040 0
1041 1
1042 0
1043 1
1044 0
1045 0
1046 0
1047 1
1048 1
1049 0
1050 0
1051 0
1052 0
1053 0
1054 0
1055 1
1056 1
1057 1
1058 0
1059 1
1060 0
1061 0
1062 1
1063 0
1064 1
1065 1
1066 1
1067 1
1068 1
1069 0
1070 1
1071 1
1072 1
1073 2
1074 1
1075 1
1076 1
1077 0
1078 1
1079 2
1080 1
1081 2
1082 0
1083 0
1084 1
1085 1
1086 1
1087 1
1088 1
1089 1
1090 1
1091 1
1092 1
1093 1
1094 0
1095 1
1096 1
1097 0
1098 0
1099 1
1100 1
1101 1
1102 1
1103 1
1104 0
1105 2
1106 0
1107 1
1108 1
1109 2
1110 1
1111 1
1112 1
1113 1
1114 1
1115 1
1116 1
1117 1
1118 1
1119 1
1120 1
1121 1
1122 2
1123 1
1124 1
1125 1
1126 1
1127 0
1128 1
1129 1
1130 1
1131 1
1132 1
1133 1
1134 1
1135 1
1136 1
1137 1
1138 1
1139 1
1140 1
1141 2
1142 1
1143 1
1144 1
1145 1
1146 1
1147 1
1148 1
1149 0
1150 1
1151 0
1152 0
1153 0
1154 0
1155 1
1156 0
1157 0
1158 1
1159 1
1160 1
1161 0
1162 0
1163 1
1164 1
1165 1
1166 1
1167 2
1168 0
1169 1
1170 1
1171 1
1172 1
1173 1
1174 0
1175 1
1176 0
1177 1
1178 1
1179 1
1180 1
1181 1
1182 0
1183 1
1184 0
1185 0
1186 1
1187 1
1188 1
1189 0
1190 0
1191 1
1192 1
1193 1
1194 0
1195 1
1196 1
1197 2
1198 1
1199 1
1200 0
1201 1
1202 1
1203 1
1204 1
1205 1
1206 1
1207 1
1208 1
1209 0
1210 0
1211 0
1212 1
1213 1
1214 1
1215 2
1216 2
1217 0
1218 0
1219 2
1220 1
1221 1
1222 1
1223 1
1224 1
1225 1
1226 1
1227 1
1228 1
1229 1
1230 1
1231 1
1232 2
1233 1
1234 1
1235 2
1236 1
1237 1
1238 1
1239 1
1240 1
1241 1
1242 0
1243 1
1244 1
1245 1
1246 1
1247 1
1248 2
1249 1
1250 1
1251 2
1252 1
1253 1
1254 0
1255 1
1256 0
1257 2
1258 1
1259 1
1260 1
1261 1
1262 0
1263 2
1264 1
1265 2
1266 2
1267 1
1268 1
1269 1
1270 2
1271 2
1272 1
1273 0
1274 1
1275 0
1276 1
1277 1
1278 1
1279 1
1280 1
1281 0
1282 0
1283 1
1284 1
1285 1
1286 1
1287 1
1288 2
1289 1
1290 1
1291 2
1292 1
1293 1
1294 0
1295 1
1296 1
1297 1
1298 1
1299 0
1300 1
1301 1
1302 1
1303 0
1304 1
1305 1
1306 1
1307 1
1308 1
1309 1
1310 1
1311 0
1312 1
1313 1
1314 1
1315 0
1316 1
1317 1
1318 1
1319 1
1320 1
1321 1
1322 1
1323 1
1324 1
1325 0
1326 1
1327 1
1328 0
1329 1
1330 1
1331 1
1332 1
1333 1
1334 1
1335 1
1336 0
1337 2
1338 1
1339 1
1340 1
1341 1
1342 1
1343 0
1344 1
1345 1
1346 1
1347 1
1348 1
1349 1
1350 1
1351 0
1352 1
1353 1
1354 1
1355 1
1356 1
1357 1
1358 1
1359 0
1360 0
1361 1
1362 1
1363 1
1364 1
1365 1
1366 0
1367 1
1368 0
1369 1
1370 1
1371 1
1372 1
1373 1
1374 0
1375 1
1376 1
1377 1
1378 0
1379 1
1380 0
1381 1
1382 1
1383 1
1384 2
1385 0
1386 0
1387 0
1388 1
1389 1
1390 1
1391 1
1392 1
1393 1
1394 1
1395 1
1396 1
1397 1
1398 1
1399 0
1400 1
1401 1
1402 1
1403 1
1404 0
1405 1
1406 1
1407 1
1408 1
1409 0
1410 1
1411 1
1412 1
1413 1
1414 1
1415 1
1416 1
1417 1
1418 1
1419 1
1420 1
1421 0
1422 1
1423 1
1424 0
1425 1
1426 1
1427 1
1428 1
1429 1
1430 1
1431 1
1432 0
1433 1
1434 1
1435 0
1436 1
1437 1
1438 1
1439 0
1440 1
1441 1
1442 1
1443 0
1444 1
1445 2
1446 1
1447 1
1448 1
1449 1
1450 0
1451 0
1452 1
1453 1
1454 1
1455 0
1456 1
1457 1
1458 1
1459 1
1460 0
1461 0
1462 1
1463 1
1464 1
1465 1
1466 0
1467 1
1468 1
1469 1
1470 0
1471 1
1472 0
1473 0
1474 0
1475 0
1476 1
1477 1
1478 1
1479 1
1480 1
1481 1
1482 1
1483 0
1484 0
1485 1
1486 1
1487 0
1488 0
1489 1
1490 1
1491 1
1492 0
1493 1
1494 1
1495 1
1496 1
1497 1
1498 1
1499 0
1500 1
1501 1
1502 1
1503 1
1504 1
1505 0
1506 0
1507 1
1508 1
1509 1
1510 1
1511 0
1512 1
1513 0
1514 0
1515 1
1516 1
1517 1
1518 1
1519 1
1520 1
1521 1
1522 2
1523 1
1524 1
1525 1
1526 0
1527 1
1528 1
1529 1
1530 0
1531 0
1532 0
1533 0
1534 1
1535 0
1536 0
1537 0
1538 0
1539 0
1540 1
1541 1
1542 1
1543 1
1544 0
1545 0
1546 1
1547 1
1548 0
1549 1
1550 0
1551 0
1552 0
1553 0
1554 0
1555 0
1556 1
1557 0
1558 0
1559 1
1560 1
1561 1
1562 0
1563 1
1564 1
1565 1
1566 0
1567 0
1568 1
1569 0
1570 0
1571 1
1572 1
1573 0
1574 1
1575 2
1576 2
1577 1
1578 1
1579 1
1580 1
1581 1
1582 0
1583 2
1584 2
1585 1
1586 1
1587 1
1588 1
1589 1
1590 1
1591 1
1592 1
1593 1
1594 1
1595 1
1596 0
1597 2
1598 1
1599 1
1600 1
1601 1
1602 1
1603 1
1604 1
1605 0
1606 0
1607 0
1608 0
1609 1
1610 0
1611 0
1612 1
1613 0
1614 0
1615 1
1616 0
1617 0
1618 1
1619 0
1620 1
1621 1
1622 1
1623 2
1624 2
1625 1
1626 2
1627 1
1628 1
1629 1
1630 0
1631 1
1632 2
1633 2
1634 1
1635 2
1636 1
1637 1
1638 1
1639 2
1640 1
1641 1
1642 0
1643 1
1644 1
1645 2
1646 1
1647 1
1648 0
1649 2
1650 1
1651 1
1652 1
1653 1
1654 2
1655 0
1656 0
1657 0
1658 1
1659 0
1660 1
1661 1
1662 0
1663 1
1664 2
1665 1
1666 2
1667 2
1668 0
1669 2
1670 2
1671 0
1672 0
1673 1
1674 0
1675 1
1676 0
1677 1
1678 1
1679 1
1680 1
1681 0
1682 1
1683 1
1684 1
1685 2
1686 1
1687 1
1688 1
1689 1
1690 1
1691 2
1692 1
1693 1
1694 1
1695 1
1696 1
1697 0
1698 1
1699 0
1700 1
1701 1
1702 1
1703 2
1704 1
1705 1
1706 1
1707 0
1708 1
1709 0
1710 1
1711 1
1712 2
1713 2
1714 0
1715 0
1716 1
1717 2
1718 1
1719 1
1720 1
1721 2
1722 1
1723 1
1724 1
1725 1
1726 1
1727 0
1728 1
1729 1
1730 1
1731 1
1732 0
1733 1
1734 0
1735 1
1736 2
1737 1
1738 0
1739 0
1740 1
1741 2
1742 1
1743 1
1744 1
1745 1
1746 1
1747 0
1748 2
1749 1
1750 1
1751 1
1752 1
1753 0
1754 0
1755 0
1756 1
1757 0
1758 1
1759 1
1760 0
1761 0
1762 1
1763 2
1764 1
1765 1
1766 0
1767 1
1768 1
1769 0
1770 2
1771 1
1772 2
1773 2
1774 1
1775 1
1776 0
1777 1
1778 0
1779 1
1780 1
1781 1
1782 1
1783 0
1784 1
1785 0
1786 1
1787 1
1788 1
1789 1
1790 1
1791 1
1792 1
1793 0
1794 2
1795 0
1796 2
1797 1
1798 1
1799 2
1800 0
1801 1
1802 1
1803 1
1804 1
1805 1
1806 1
1807 1
1808 2
1809 1
1810 0
1811 0
1812 2
1813 1
1814 0
1815 2
1816 1
1817 1
1818 0
1819 0
1820 1
1821 0
1822 1
1823 0
1824 1
1825 0
1826 1
1827 2
1828 0
1829 1
1830 1
1831 2
1832 2
1833 1
1834 2
1835 1
1836 1
1837 2
1838 1
1839 2
1840 1
1841 0
1842 1
1843 0
1844 0
1845 0
1846 1
1847 0
1848 1
1849 0
1850 0
1851 1
1852 1
1853 1
1854 1
1855 0
1856 1
1857 1
1858 0
1859 1
1860 1
1861 1
1862 0
1863 1
1864 0
1865 1
1866 2
1867 0
1868 1
1869 2
1870 1
1871 1
1872 1
1873 1
1874 0
1875 1
1876 2
1877 1
1878 0
1879 1
1880 0
1881 1
1882 0
1883 1
1884 1
1885 1
1886 0
1887 0
1888 2
1889 1
1890 2
1891 2
1892 1
1893 1
1894 2
1895 1
1896 1
1897 1
1898 1
1899 1
1900 1
1901 1
1902 1
1903 1
1904 1
1905 0
1906 2
1907 2
1908 1
1909 1
1910 1
1911 0
1912 2
1913 1
1914 0
1915 0
1916 1
1917 1
1918 1
1919 1
1920 1
1921 0
1922 0
1923 2
1924 1
1925 1
1926 1
1927 0
1928 0
1929 1
1930 1
1931 1
1932 1
1933 1
1934 1
1935 0
1936 1
1937 0
1938 1
1939 2
1940 1
1941 1
1942 1
1943 1
1944 0
1945 2
1946 0
1947 0
1948 0
1949 1
1950 1
1951 0
1952 1
1953 2
1954 1
1955 1
1956 0
1957 1
1958 2
1959 2
1960 1
1961 0
1962 0
1963 0
1964 2
1965 0
1966 1
1967 0
1968 0
1969 1
1970 0
1971 1
1972 1
1973 1
1974 1
1975 1
1976 1
1977 1
1978 1
1979 1
1980 1
1981 1
1982 0
1983 1
1984 1
1985 1
1986 1
1987 2
1988 0
1989 0
1990 2
1991 1
1992 1
1993 1
1994 1
1995 0
1996 2
1997 2
1998 1
1999 1
2000 2
2001 0
2002 1
2003 0
2004 0
2005 0
2006 1
2007 1
2008 2
2009 0
2010 1
2011 1
2012 1
2013 1
2014 1
2015 2
2016 0
2017 1
2018 1
2019 1
2020 1
2021 1
2022 1
2023 3
2024 2
2025 1
2026 1
2027 1
2028 1
2029 0
2030 0
2031 1
2032 0
2033 1
2034 1
2035 1
2036 1
2037 0
2038 2
2039 0
2040 1
2041 1
2042 0
2043 1
2044 1
2045 1
2046 0
2047 2
2048 1
2049 1
2050 1
2051 1
2052 0
2053 0
2054 1
2055 0
2056 2
2057 1
2058 0
2059 2
2060 0
2061 0
2062 0
2063 0
2064 0
2065 1
2066 0
2067 2
2068 0
2069 0
2070 1
2071 1
2072 0
2073 1
2074 1
2075 1
2076 1
2077 1
2078 0
2079 2
2080 1
2081 1
2082 0
2083 0
2084 0
2085 1
2086 1
2087 1
2088 1
2089 2
2090 2
2091 1
2092 2
2093 0
2094 1
2095 0
2096 1
2097 0
2098 2
2099 0
2100 2
2101 1
2102 1
2103 0
2104 1
2105 0
2106 1
2107 2
2108 0
2109 1
2110 1
2111 0
2112 1
2113 1
2114 1
2115 1
2116 0
2117 1
2118 0
2119 0
2120 1
2121 0
2122 1
2123 1
2124 1
2125 2
2126 1
2127 0
2128 1
2129 0
2130 0
2131 0
2132 0
2133 1
2134 1
2135 0
2136 2
2137 1
2138 0
2139 0
2140 1
2141 1
2142 0
2143 0
2144 2
2145 1
2146 1
2147 0
2148 1
2149 1
2150 0
2151 1
2152 2
2153 0
2154 1
2155 0
2156 1
2157 1
2158 1
2159 0
2160 1
2161 1
2162 0
2163 1
2164 0
2165 1
2166 1
2167 2
2168 1
2169 0
2170 1
2171 1
2172 0
2173 0
2174 1
2175 2
2176 1
2177 0
2178 1
2179 0
2180 0
2181 0
2182 1
2183 0
2184 0
2185 1
2186 2
2187 2
2188 1
2189 1
2190 1
2191 1
2192 0
2193 2
2194 1
2195 0
2196 0
2197 0
2198 1
2199 1
2200 1
2201 1
2202 1
2203 1
2204 1
2205 1
2206 2
2207 0
2208 0
2209 0
2210 1
2211 1
2212 1
2213 0
2214 1
2215 1
2216 0
2217 1
2218 1
2219 1
2220 1
2221 1
2222 1
2223 2
2224 1
2225 1
2226 1
2227 1
2228 2
2229 1
2230 0
2231 0
2232 0
2233 0
2234 1
2235 1
2236 2
2237 0
2238 0
2239 1
2240 1
2241 1
2242 1
2243 1
2244 1
2245 1
2246 1
2247 0
2248 1
2249 1
2250 1
2251 0
2252 1
2253 2
2254 1
2255 1
2256 1
2257 2
2258 1
2259 1
2260 1
2261 1
2262 1
2263 0
2264 0
2265 1
2266 0
2267 0
2268 1
2269 0
2270 1
2271 1
2272 0
2273 1
2274 1
2275 0
2276 1
2277 1
2278 1
2279 0
2280 0
2281 0
2282 1
2283 1
2284 1
2285 0
2286 0
2287 1
2288 1
2289 1
2290 1
2291 1
2292 0
2293 1
2294 1
2295 1
2296 1
2297 1
2298 1
2299 1
2300 1
2301 1
2302 2
2303 0
2304 1
2305 1
2306 2
2307 1
2308 1
2309 0
2310 2
2311 1
2312 2
2313 1
2314 2
2315 1
2316 1
2317 0
2318 1
2319 0
2320 1
2321 0
2322 1
2323 1
2324 1
2325 1
2326 1
2327 1
2328 1
2329 1
2330 0
2331 2
2332 0
2333 1
2334 1
2335 1
2336 1
2337 0
2338 0
2339 0
2340 1
2341 1
2342 0
2343 0
2344 2
2345 1
2346 0
2347 0
2348 0
2349 1
2350 1
2351 1
2352 0
2353 0
2354 1
2355 1
2356 1
2357 0
2358 1
2359 1
2360 0
2361 1
2362 1
2363 2
2364 1
2365 0
2366 2
2367 2
2368 2
2369 0
2370 0
2371 0
2372 0
2373 1
2374 1
2375 1
2376 1
2377 1
2378 1
2379 1
2380 2
2381 0
2382 1
2383 1
2384 1
2385 0
2386 1
2387 0
2388 1
2389 0
2390 0
2391 0
2392 0
2393 1
2394 2
2395 1
2396 0
2397 1
2398 1
2399 2
2400 2
2401 1
2402 2
2403 1
2404 0
2405 0
2406 0
2407 0
2408 0
2409 2
2410 1
2411 1
2412 0
2413 1
2414 0
2415 1
2416 0
2417 2
2418 1
2419 1
2420 2
2421 0
2422 1
2423 0
2424 2
2425 2
2426 1
2427 2
2428 1
2429 1
2430 1
2431 1
2432 1
2433 0
2434 1
2435 1
2436 0
2437 0
2438 0
2439 1
2440 1
2441 1
2442 1
2443 0
2444 1
2445 1
2446 1
2447 2
2448 0
2449 0
2450 1
2451 1
2452 0
2453 0
2454 2
2455 1
2456 1
2457 1
2458 1
2459 1
2460 1
2461 1
2462 1
2463 2
2464 0
2465 1
2466 1
2467 0
2468 2
2469 0
2470 1
2471 0
2472 1
2473 2
2474 1
2475 2
2476 1
2477 1
2478 1
2479 1
2480 0
2481 1
2482 1
2483 1
2484 1
2485 0
2486 0
2487 1
2488 1
2489 1
2490 1
2491 0
2492 2
2493 1
2494 1
2495 1
2496 1
2497 2
2498 1
2499 0
2500 0
2501 1
2502 1
2503 1
2504 1
2505 1
2506 0
2507 0
2508 0
2509 1
2510 1
2511 1
2512 1
2513 1
2514 1
2515 0
2516 1
2517 1
2518 0
2519 1
2520 1
2521 0
2522 2
2523 1
2524 2
2525 2
2526 1
2527 1
2528 0
2529 1
2530 1
2531 1
2532 1
2533 0
2534 0
2535 0
2536 0
2537 1
2538 0
2539 1
2540 1
2541 2
2542 2
2543 1
2544 1
2545 1
2546 1
2547 0
2548 0
2549 1
2550 2
2551 0
2552 1
2553 0
2554 1
2555 1
2556 1
2557 1
2558 0
2559 1
2560 1
2561 0
2562 1
2563 1
2564 2
2565 1
2566 1
2567 2
2568 2
2569 2
2570 2
2571 1
2572 1
2573 1
2574 1
2575 1
2576 1
2577 0
2578 0
2579 1
2580 1
2581 1
2582 0
2583 1
2584 1
2585 1
2586 2
2587 1
2588 0
2589 1
2590 0
2591 1
2592 0
2593 1
2594 1
2595 1
2596 1
2597 1
2598 1
2599 0
2600 1
2601 0
2602 1
2603 1
2604 1
2605 2
2606 0
2607 1
2608 0
2609 0
2610 1
2611 1
2612 1
2613 1
2614 2
2615 1
2616 2
2617 1
2618 0
2619 3
2620 1
2621 1
2622 1
2623 1
2624 1
2625 1
2626 1
2627 1
2628 1
2629 1
2630 0
2631 1
2632 0
2633 0
2634 1
2635 1
2636 1
2637 1
2638 2
2639 1
2640 0
2641 0
2642 1
2643 1
2644 1
2645 1
2646 2
2647 0
2648 1
2649 0
2650 1
2651 1
2652 0
2653 1
2654 1
2655 1
2656 2
2657 0
2658 1
2659 1
2660 0
2661 1
2662 1
2663 2
2664 2
2665 0
2666 1
2667 1
2668 1
2669 1
2670 1
2671 1
2672 1
2673 2
2674 0
2675 1
2676 0
2677 1
2678 1
2679 2
2680 1
2681 2
2682 0
2683 0
2684 1
2685 2
2686 2
2687 0
2688 0
2689 1
2690 2
2691 2
2692 0
2693 1
2694 0
2695 1
2696 1
2697 1
2698 0
2699 1
2700 2
2701 2
2702 2
2703 1
2704 1
2705 0
2706 1
2707 0
2708 1
2709 1
2710 2
2711 0
2712 1
2713 2
2714 1
2715 2
2716 2
2717 1
2718 0
2719 1
2720 1
2721 1
2722 1
2723 0
2724 1
2725 1
2726 0
2727 1
2728 0
2729 1
2730 1
2731 0
2732 0
2733 1
2734 0
2735 0
2736 1
2737 1
2738 1
2739 0
2740 2
2741 0
2742 0
2743 0
2744 0
2745 0
2746 1
2747 1
2748 1
2749 0
2750 0
2751 1
2752 1
2753 1
2754 1
2755 2
2756 1
2757 0
2758 2
2759 1
2760 2
2761 2
2762 1
2763 1
2764 1
2765 1
2766 1
2767 1
2768 1
2769 0
2770 1
2771 1
2772 1
2773 0
2774 1
2775 1
2776 1
2777 0
2778 2
2779 2
2780 2
2781 0
2782 1
2783 0
2784 1
2785 2
2786 2
2787 1
2788 0
2789 1
2790 1
2791 1
2792 1
2793 0
2794 1
2795 1
2796 0
2797 0
2798 2
2799 1
2800 1
2801 1
2802 1
2803 0
2804 0
2805 1
2806 1
2807 1
2808 0
2809 0
2810 1
2811 0
2812 1
2813 1
2814 0
2815 1
2816 1
2817 1
2818 1
2819 0
2820 1
2821 0
2822 0
2823 0
2824 1
2825 1
2826 1
2827 0
2828 1
2829 0
2830 1
2831 2
2832 1
2833 1
2834 0
2835 1
2836 1
2837 1
2838 2
2839 1
2840 0
2841 1
2842 2
2843 1
2844 1
2845 2
2846 1
2847 1
2848 0
2849 1
2850 1
2851 1
2852 0
2853 1
2854 1
2855 1
2856 1
2857 1
2858 1
2859 1
2860 1
2861 1
2862 1
2863 1
2864 1
2865 0
2866 0
2867 0
2868 1
2869 1
2870 1
2871 2
2872 0
2873 2
2874 0
2875 0
2876 1
2877 1
2878 0
2879 1
2880 2
2881 0
2882 0
2883 0
2884 0
2885 1
2886 1
2887 1
2888 0
2889 1
2890 0
2891 0
2892 0
2893 1
2894 1
2895 2
2896 0
2897 0
2898 1
2899 0
2900 1
2901 1
2902 1
2903 1
2904 1
2905 1
2906 1
2907 1
2908 0
2909 2
2910 1
2911 1
2912 1
2913 1
2914 1
2915 1
2916 0
2917 1
2918 1
2919 1
2920 1
2921 0
2922 0
2923 1
2924 1
2925 1
2926 1
2927 0
2928 1
2929 1
2930 1
2931 1
2932 2
2933 1
2934 1
2935 0
2936 1
2937 0
2938 0
2939 1
2940 1
2941 1
2942 1
2943 0
2944 0
2945 1
2946 1
2947 1
2948 0
2949 1
2950 1
2951 0
2952 0
2953 1
2954 2
2955 2
2956 2
2957 1
2958 0
2959 1
2960 0
2961 1
2962 1
2963 0
2964 0
2965 0
2966 2
2967 0
2968 2
2969 1
2970 0
2971 2
2972 0
2973 0
2974 1
2975 1
2976 1
2977 1
2978 0
2979 1
2980 0
2981 1
2982 1
2983 1
2984 1
2985 0
2986 0
2987 0
2988 1
2989 1
2990 1
2991 0
2992 1
2993 0
2994 0
2995 1
2996 1
2997 1
2998 0
2999 2
3000 1
3001 1
3002 2
3003 1
3004 1
3005 0
3006 1
3007 0
3008 0
3009 1
3010 2
3011 1
3012 1
3013 1
3014 1
3015 1
3016 1
3017 0
3018 1
3019 1
3020 2
3021 1
3022 0
3023 1
3024 1
3025 1
3026 1
3027 1
3028 1
3029 0
3030 1
3031 2
3032 1
3033 1
3034 1
3035 1
3036 1
3037 1
3038 0
3039 1
3040 2
3041 2
3042 1
3043 1
3044 1
3045 0
3046 0
3047 1
3048 0
3049 0
3050 1
3051 1
3052 1
3053 1
3054 1
3055 0
3056 0
3057 2
3058 1
3059 2
3060 1
3061 1
3062 0
3063 1
3064 0
3065 2
3066 1
3067 1
3068 1
3069 1
3070 1
3071 2
3072 1
3073 1
3074 1
3075 0
3076 1
3077 1
3078 0
3079 2
3080 1
3081 1
3082 1
3083 0
3084 1
3085 0
3086 2
3087 0
3088 0
3089 0
3090 1
3091 1
3092 1
3093 1
3094 0
3095 1
3096 0
3097 0
3098 0
3099 1
3100 1
3101 2
3102 2
3103 1
3104 2
3105 1
3106 2
3107 1
3108 1
3109 0
3110 1
3111 1
3112 1
3113 1
3114 0
3115 0
3116 1
3117 1
3118 0
3119 1
3120 2
3121 1
3122 0
3123 1
3124 1
3125 1
3126 0
3127 1
3128 1
3129 1
3130 0
3131 0
3132 1
3133 0
3134 1
3135 2
3136 1
3137 1
3138 1
3139 1
3140 1
3141 2
3142 2
3143 1
3144 1
3145 1
3146 1
3147 1
3148 1
3149 1
3150 0
3151 0
3152 0
3153 0
3154 0
3155 1
3156 1
3157 1
3158 1
3159 1
3160 1
3161 0
3162 0
3163 1
3164 0
3165 0
3166 0
3167 0
3168 0
3169 1
3170 0
3171 1
3172 2
3173 1
3174 2
3175 1
3176 1
3177 1
3178 1
3179 1
3180 0
3181 1
3182 1
3183 1
3184 2
3185 1
3186 1
3187 2
3188 1
3189 1
3190 0
3191 1
3192 1
3193 1
3194 1
3195 1
3196 1
3197 1
3198 0
3199 2
3200 0
3201 1
3202 1
3203 0
3204 1
3205 1
3206 0
3207 1
3208 0
3209 1
3210 0
3211 2
3212 0
3213 0
3214 1
3215 0
3216 1
3217 1
3218 0
3219 0
3220 0
3221 1
3222 1
3223 0
3224 2
3225 1
3226 1
3227 1
3228 1
3229 1
3230 2
3231 0
3232 1
3233 1
3234 1
3235 2
3236 0
3237 1
3238 0
3239 1
3240 2
3241 2
3242 1
3243 0
3244 2
3245 2
3246 1
3247 1
3248 1
3249 0
3250 1
3251 1
3252 1
3253 0
3254 1
3255 1
3256 1
3257 1
3258 0
3259 1
3260 1
3261 0
3262 2
3263 0
3264 1
3265 0
3266 0
3267 1
3268 2
3269 1
3270 1
3271 0
3272 0
3273 1
3274 0
3275 1
3276 0
3277 1
3278 1
3279 1
3280 1
3281 1
3282 0
3283 0
3284 1
3285 0
3286 1
3287 0
3288 1
3289 1
3290 1
3291 0
3292 1
3293 1
3294 1
3295 1
3296 0
3297 0
3298 1
3299 0
3300 1
3301 2
3302 0
3303 1
3304 1
3305 2
3306 1
3307 0
3308 1
3309 2
3310 1
3311 1
3312 1
3313 0
3314 1
3315 1
3316 1
3317 1
3318 1
3319 2
3320 1
3321 1
3322 1
3323 0
3324 1
3325 1
3326 1
3327 0
3328 0
3329 2
3330 0
3331 1
3332 0
3333 2
3334 1
3335 2
3336 1
3337 1
3338 0
3339 1
3340 0
3341 0
3342 0
3343 1
3344 1
3345 1
3346 1
3347 0
3348 1
3349 1
3350 1
3351 2
3352 1
3353 0
3354 1
3355 1
3356 0
3357 1
3358 0
3359 1
3360 0
3361 1
3362 1
3363 0
3364 1
3365 1
3366 1
3367 0
3368 2
3369 1
3370 1
3371 1
3372 1
3373 1
3374 1
3375 0
3376 1
3377 0
3378 1
3379 1
3380 1
3381 0
3382 1
3383 1
3384 1
3385 1
3386 1
3387 1
3388 1
3389 1
3390 0
3391 1
3392 1
3393 1
3394 1
3395 1
3396 1
3397 1
3398 1
3399 1
3400 1
3401 0
3402 2
3403 1
3404 1
3405 1
3406 0
3407 1
3408 1
3409 1
3410 1
3411 1
3412 1
3413 1
3414 0
3415 1
3416 1
3417 0
3418 2
3419 1
3420 1
3421 0
3422 1
3423 1
3424 0
3425 1
3426 1
3427 1
3428 1
3429 1
3430 2
3431 2
3432 0
3433 2
3434 1
3435 1
3436 2
3437 0
3438 1
3439 1
3440 1
3441 2
3442 1
3443 1
3444 0
3445 1
3446 1
3447 2
3448 0
3449 0
3450 1
3451 1
3452 1
3453 1
3454 0
3455 2
3456 1
3457 1
3458 1
3459 1
3460 1
3461 0
3462 1
3463 2
3464 2
3465 1
3466 0
3467 1
3468 2
3469 0
3470 1
3471 0
3472 0
3473 1
3474 2
3475 2
3476 1
3477 0
3478 1
3479 0
3480 1
3481 1
3482 1
3483 1
3484 1
3485 0
3486 2
3487 1
3488 2
3489 1
3490 0
3491 0
3492 1
3493 1
3494 2
3495 1
3496 0
3497 2
3498 1
3499 1
3500 0
3501 0
3502 1
3503 1
3504 1
3505 1
3506 0
3507 2
3508 1
3509 1
3510 2
3511 1
3512 1
3513 0
3514 0
3515 1
3516 0
3517 1
3518 1
3519 1
3520 1
3521 0
3522 0
3523 1
3524 1
3525 1
3526 0
3527 1
3528 1
3529 2
3530 2
3531 1
3532 1
3533 0
3534 0
3535 1
3536 1
3537 1
3538 2
3539 0
3540 1
3541 1
3542 1
3543 1
3544 0
3545 0
3546 0
3547 1
3548 0
3549 2
3550 1
3551 1
3552 0
3553 1
3554 1
3555 1
3556 1
3557 0
3558 1
3559 2
3560 0
3561 0
3562 0
3563 1
3564 1
3565 1
3566 0
3567 0
3568 0
3569 0
3570 1
3571 0
3572 1
3573 1
3574 2
3575 1
3576 1
3577 0
3578 1
3579 1
3580 1
3581 1
3582 1
3583 1
3584 1
3585 0
3586 1
3587 1
3588 0
3589 1
3590 0
3591 0
3592 1
3593 0
3594 1
3595 1
3596 1
3597 1
3598 1
3599 1
3600 0
3601 1
3602 0
3603 1
3604 2
3605 1
3606 1
3607 0
3608 1
3609 1
3610 1
3611 2
3612 0
3613 0
3614 1
3615 1
3616 1
3617 1
3618 0
3619 0
3620 2
3621 1
3622 1
3623 2
3624 0
3625 2
3626 1
3627 1
3628 2
3629 1
3630 0
3631 0
3632 2
3633 2
3634 0
3635 1
3636 1
3637 1
3638 1
3639 2
3640 1
3641 1
3642 2
3643 1
3644 1
3645 1
3646 0
3647 0
3648 1
3649 0
3650 1
3651 1
3652 0
3653 1
3654 2
3655 0
3656 0
3657 1
3658 1
3659 1
3660 1
3661 1
3662 1
3663 1
3664 1
3665 0
3666 1
3667 2
3668 1
3669 1
3670 1
3671 0
3672 0
3673 1
3674 1
3675 1
3676 1
3677 2
3678 1
3679 1
3680 1
3681 2
3682 1
3683 2
3684 0
3685 1
3686 1
3687 1
3688 1
3689 0
3690 0
3691 1
3692 0
3693 2
3694 1
3695 1
3696 1
3697 0
3698 1
3699 1
3700 0
3701 1
3702 1
3703 0
3704 0
3705 1
3706 0
3707 1
3708 1
3709 1
3710 1
3711 1
3712 1
3713 2
3714 1
3715 1
3716 1
3717 1
3718 1
3719 0
3720 0
3721 1
3722 0
3723 1
3724 1
3725 1
3726 1
3727 2
3728 1
3729 1
3730 0
3731 0
3732 0
3733 1
3734 0
3735 2
3736 1
3737 1
3738 1
3739 1
3740 1
3741 2
3742 2
3743 1
3744 1
3745 1
3746 0
3747 0
3748 0
3749 2
3750 1
3751 1
3752 0
3753 1
3754 1
3755 2
3756 0
3757 2
3758 1
3759 1
3760 0
3761 1
3762 1
3763 0
3764 0
3765 0
3766 0
3767 0
3768 0
3769 0
3770 0
3771 0
3772 0
3773 0
3774 0
3775 0
3776 0
3777 0
3778 0
3779 0
3780 0
3781 0
3782 0
3783 0
3784 0
3785 0
3786 0
3787 0
3788 0
3789 0
3790 0
3791 0
3792 0
3793 0
3794 0
3795 0
3796 0
3797 0
3798 0
3799 0
3800 0
3801 0
3802 0
3803 0
3804 0
3805 0
3806 0
3807 0
3808 0
3809 0
3810 0
3811 0
3812 0
3813 0
3814 0
3815 0
3816 0
3817 0
3818 0
3819 0
3820 0
3821 0
3822 0
3823 0
3824 0
3825 0
3826 0
3827 0
3828 0
3829 0
3830 0
3831 0
3832 0
3833 0
3834 0
3835 0
3836 0
3837 0
3838 1
3839 1
3840 1
3841 1
3842 1
3843 1
3844 1
3845 1
3846 1
3847 1
3848 1
3849 1
3850 0
3851 2
3852 0
3853 0
3854 2
3855 0
3856 1
3857 1
3858 0
3859 0
3860 0
3861 1
3862 0
3863 0
3864 0
3865 0
3866 0
3867 0
3868 0
3869 0
3870 0
3871 0
3872 0
3873 0
3874 0
3875 0
3876 0
3877 0
3878 0
3879 0
3880 0
3881 2
3882 0
3883 0
3884 0
3885 0
3886 0
3887 0
3888 0
3889 0
3890 0
3891 0
3892 0
3893 0
3894 0
3895 1
3896 1
3897 0
3898 2
3899 0
3900 2
3901 1
3902 1
3903 1
3904 1
3905 1
3906 1
3907 0
3908 0
3909 1
3910 2
3911 1
3912 2
3913 1
3914 1
3915 1
3916 1
3917 1
3918 0
3919 0
3920 3
3921 1
3922 1
3923 2
3924 1
3925 1
3926 1
3927 0
3928 1
3929 1
3930 2
3931 0
3932 1
3933 1
3934 1
3935 1
3936 1
3937 0
3938 0
3939 2
3940 1
3941 0
3942 1
3943 1
3944 0
3945 1
3946 1
3947 1
3948 1
3949 1
3950 1
3951 1
3952 1
3953 0
3954 1
3955 1
3956 1
3957 0
3958 0
3959 1
3960 1
3961 1
3962 0
3963 1
3964 2
3965 1
3966 1
3967 1
3968 0
3969 1
3970 0
3971 1
3972 1
3973 1
3974 0
3975 0
3976 1
3977 1
3978 1
3979 1
3980 1
3981 2
3982 0
3983 1
3984 0
3985 0
3986 1
3987 1
3988 1
3989 0
3990 1
3991 3
3992 1
3993 0
3994 1
3995 1
3996 0
3997 1
3998 0
3999 1
4000 1
4001 1
4002 0
4003 1
4004 1
4005 1
4006 1
4007 1
4008 0
4009 1
4010 1
4011 1
4012 2
4013 1
4014 1
4015 2
4016 2
4017 1
4018 1
4019 1
4020 1
4021 1
4022 1
4023 1
4024 0
4025 0
4026 1
4027 1
4028 0
4029 1
4030 1
4031 0
4032 0
4033 1
4034 0
4035 1
4036 0
4037 0
4038 1
4039 0
4040 1
4041 0
4042 0
4043 1
4044 0
4045 2
4046 0
4047 1
4048 0
4049 1
4050 1
4051 0
4052 1
4053 0
4054 1
4055 1
4056 0
4057 1
4058 0
4059 1
4060 1
4061 1
4062 1
4063 0
4064 1
4065 1
4066 0
4067 1
4068 1
4069 0
4070 2
4071 1
4072 1
4073 2
4074 1
4075 0
4076 0
4077 1
4078 2
4079 1
4080 0
4081 1
4082 0
4083 1
4084 1
4085 2
4086 1
4087 0
4088 0
4089 0
4090 1
4091 1
4092 1
4093 1
4094 1
4095 0
4096 1
4097 1
4098 1
4099 1
4100 1
4101 1
4102 1
4103 1
4104 1
4105 1
4106 0
4107 1
4108 1
4109 1
4110 2
4111 2
4112 1
4113 0
4114 1
4115 1
4116 1
4117 1
4118 1
4119 0
4120 0
4121 1
4122 1
4123 1
4124 0
4125 1
4126 0
4127 0
4128 1
4129 1
4130 1
4131 1
4132 2
4133 2
4134 0
4135 0
4136 1
4137 1
4138 1
4139 2
4140 1
4141 0
4142 1
4143 2
4144 0
4145 1
4146 1
4147 1
4148 2
4149 1
4150 0
4151 1
4152 1
4153 1
4154 1
4155 0
4156 0
4157 2
4158 2
4159 1
4160 1
4161 1
4162 1
4163 0
4164 0
4165 1
4166 1
4167 1
4168 0
4169 1
4170 0
4171 0
4172 1
4173 0
4174 0
4175 0
4176 1
4177 1
4178 0
4179 1
4180 1
4181 1
4182 0
4183 2
4184 1
4185 1
4186 1
4187 0
4188 0
4189 2
4190 1
4191 0
4192 1
4193 0
4194 1
4195 2
4196 1
4197 0
4198 1
4199 0
4200 0
4201 1
4202 1
4203 0
4204 1
4205 1
4206 0
4207 0
4208 0
4209 1
4210 0
4211 1
4212 0
4213 0
4214 1
4215 1
4216 0
4217 0
4218 1
4219 1
4220 1
4221 0
4222 1
4223 1
4224 1
4225 0
4226 0
4227 1
4228 1
4229 1
4230 2
4231 1
4232 1
4233 0
4234 0
4235 0
4236 1
4237 1
4238 1
4239 0
4240 1
4241 1
4242 1
4243 1
4244 1
4245 0
4246 0
4247 0
4248 1
4249 1
4250 1
4251 1
4252 1
4253 2
4254 1
4255 1
4256 0
4257 0
4258 1
4259 0
4260 0
4261 2
4262 1
4263 1
4264 1
4265 0
4266 1
4267 1
4268 1
4269 1
4270 0
4271 1
4272 0
4273 1
4274 2
4275 0
4276 0
4277 1
4278 1
4279 0
4280 0
4281 0
4282 1
4283 0
4284 1
4285 1
4286 1
4287 1
4288 0
4289 0
4290 1
4291 1
4292 0
4293 1
4294 0
4295 0
4296 1
4297 1
4298 1
4299 1
4300 1
4301 1
4302 2
4303 0
4304 0
4305 0
4306 0
4307 0
4308 0
4309 0
4310 1
4311 1
4312 2
4313 1
4314 0
4315 1
4316 1
4317 1
4318 1
4319 1
4320 0
4321 1
4322 0
4323 2
4324 0
4325 1
4326 0
4327 0
4328 0
4329 0
4330 1
4331 1
4332 1
4333 1
4334 2
4335 1
4336 0
4337 1
4338 0
4339 2
4340 0
4341 2
4342 1
4343 1
4344 2
4345 2
4346 1
4347 1
4348 2
4349 1
4350 0
4351 1
4352 1
4353 0
4354 0
4355 0
4356 2
4357 0
4358 1
4359 1
4360 1
4361 1
4362 1
4363 0
4364 0
4365 0
4366 1
4367 0
4368 1
4369 1
4370 0
4371 0
4372 1
4373 2
4374 0
4375 2
4376 0
4377 1
4378 0
4379 0
4380 0
4381 1
4382 1
4383 1
4384 1
4385 2
4386 1
4387 1
4388 0
4389 1
4390 0
4391 1
4392 1
4393 0
4394 2
4395 2
4396 1
4397 0
4398 0
4399 1
4400 1
4401 1
4402 1
4403 0
4404 1
4405 1
4406 1
4407 1
4408 2
4409 1
4410 2
4411 1
4412 2
4413 1
4414 0
4415 1
4416 1
4417 2
4418 2
4419 1
4420 1
4421 1
4422 0
4423 1
4424 1
4425 0
4426 0
4427 1
4428 1
4429 1
4430 1
4431 1
4432 1
4433 1
4434 2
4435 1
4436 1
4437 1
4438 1
4439 1
4440 1
4441 1
4442 0
4443 1
4444 1
4445 0
4446 0
4447 0
4448 1
4449 0
4450 0
4451 0
4452 0
4453 1
4454 1
4455 1
4456 2
4457 1
4458 1
4459 2
4460 0
4461 0
4462 0
4463 1
4464 1
4465 2
4466 1
4467 1
4468 2
4469 1
4470 1
4471 1
4472 2
4473 1
4474 1
4475 2
4476 1
4477 1
4478 0
4479 0
4480 2
4481 1
4482 1
4483 1
4484 1
4485 0
4486 0
4487 1
4488 1
4489 1
4490 2
4491 1
4492 1
4493 0
4494 1
4495 0
4496 1
4497 2
4498 1
4499 1
4500 1
4501 1
4502 2
4503 0
4504 1
4505 1
4506 0
4507 0
4508 1
4509 0
4510 1
4511 1
4512 1
4513 1
4514 1
4515 0
4516 0
4517 1
4518 2
4519 0
4520 1
4521 1
4522 0
4523 2
4524 1
4525 1
4526 1
4527 1
4528 1
4529 1
4530 1
4531 1
4532 1
4533 1
4534 1
4535 0
4536 1
4537 1
4538 2
4539 0
4540 0
4541 2
4542 1
4543 1
4544 3
4545 0
4546 2
4547 2
4548 0
4549 1
4550 0
4551 1
4552 1
4553 1
4554 1
4555 1
4556 1
4557 0
4558 2
4559 1
4560 1
4561 1
4562 2
4563 0
4564 1
4565 1
4566 1
4567 2
4568 1
4569 1
4570 0
4571 2
4572 1
4573 1
4574 0
4575 1
4576 1
4577 1
4578 1
4579 0
4580 0
4581 1
4582 1
4583 1
4584 0
4585 1
4586 1
4587 1
4588 1
4589 1
4590 1
4591 0
4592 0
4593 1
4594 1
4595 1
4596 1
4597 0
4598 0
4599 1
4600 1
4601 0
4602 0
4603 1
4604 2
4605 1
4606 1
4607 0
4608 1
4609 1
4610 1
4611 1
4612 0
4613 1
4614 1
4615 1
4616 1
4617 0
4618 1
4619 1
4620 1
4621 1
4622 1
4623 0
4624 1
4625 1
4626 1
4627 1
4628 1
4629 1
4630 1
4631 1
4632 1
4633 1
4634 1
4635 1
4636 1
4637 1
4638 1
4639 1
4640 1
4641 1
4642 1
4643 0
4644 0
4645 0
4646 0
4647 1
4648 1
4649 0
4650 0
4651 1
4652 1
4653 0
4654 0
4655 0
4656 1
4657 0
4658 0
4659 0
4660 0
4661 0
4662 0
4663 0
4664 0
4665 0
4666 0
4667 1
4668 0
4669 0
4670 0
4671 0
4672 0
4673 0
4674 0
4675 1
4676 0
4677 1
4678 0
4679 0
4680 1
4681 1
4682 1
4683 0
4684 0
4685 0
4686 1
4687 0
4688 0
4689 0
4690 0
4691 0
4692 1
4693 0
4694 0
4695 0
4696 0
4697 0
4698 0
4699 0
4700 0
4701 1
4702 1
4703 0
4704 0
4705 1
4706 1
4707 1
4708 0
4709 1
4710 1
4711 1
4712 1
4713 0
4714 1
4715 1
4716 0
4717 1
4718 1
4719 1
4720 1
4721 1
4722 1
4723 1
4724 1
4725 0
4726 1
4727 0
4728 0
4729 1
4730 0
4731 1
4732 0
4733 1
4734 1
4735 1
4736 1
4737 1
4738 0
4739 1
4740 1
4741 1
4742 1
4743 1
4744 0
4745 1
4746 1
4747 1
4748 0
4749 1
4750 1
4751 1
4752 0
4753 1
4754 0
4755 0
4756 1
4757 0
4758 1
4759 1
4760 1
4761 1
4762 0
4763 1
4764 1
4765 1
4766 1
4767 0
4768 0
4769 1
4770 1
4771 1
4772 1
4773 1
4774 1
4775 0
4776 0
4777 1
4778 1
4779 1
4780 0
4781 0
4782 0
4783 0
4784 0
4785 1
4786 1
4787 0
4788 1
4789 1
4790 0
4791 0
4792 1
4793 1
4794 1
4795 1
4796 0
4797 1
4798 1
4799 1
4800 1
4801 1
4802 1
4803 1
4804 1
4805 1
4806 1
4807 0
4808 1
4809 1
4810 1
4811 1
4812 1
4813 1
4814 1
4815 1
4816 1
4817 1
4818 1
4819 1
4820 1
4821 1
4822 1
4823 0
4824 0
4825 1
4826 0
4827 1
4828 1
4829 2
4830 1
4831 0
4832 1
4833 0
4834 0
4835 1
4836 1
4837 1
4838 1
4839 1
4840 1
4841 1
4842 1
4843 1
4844 0
4845 1
4846 1
4847 1
4848 0
4849 0
4850 1
4851 1
4852 0
4853 0
4854 0
4855 1
4856 0
4857 0
4858 1
4859 1
4860 1
4861 1
4862 1
4863 1
4864 1
4865 1
4866 1
4867 1
4868 1
4869 1
4870 0
4871 0
4872 1
4873 1
4874 1
4875 1
4876 1
4877 1
4878 1
4879 1
4880 1
4881 1
4882 0
4883 1
4884 1
4885 1
4886 0
4887 0
4888 1
4889 0
4890 1
4891 1
4892 1
4893 1
4894 1
4895 0
4896 1
4897 0
4898 1
4899 0
4900 0
4901 1
4902 1
4903 1
4904 1
4905 2
4906 1
4907 1
4908 1
4909 1
4910 1
4911 0
4912 1
4913 1
4914 1
4915 0
4916 1
4917 1
4918 1
4919 1
4920 0
4921 0
4922 1
4923 1
4924 1
4925 1
4926 1
4927 2
4928 1
4929 1
4930 1
4931 1
4932 0
4933 1
4934 0
4935 1
4936 0
4937 1
4938 1
4939 1
4940 1
4941 1
4942 1
4943 1
4944 0
4945 1
4946 0
4947 1
4948 1
4949 1
4950 1
4951 1
4952 1
4953 1
4954 1
4955 0
4956 0
4957 1
4958 0
4959 0
4960 1
4961 1
4962 2
4963 0
4964 1
4965 0
4966 1
4967 1
4968 1
4969 0
4970 1
4971 0
4972 0
4973 1
4974 1
4975 0
4976 0
4977 1
4978 1
4979 1
4980 0
4981 0
4982 1
4983 1
4984 1
4985 1
4986 1
4987 1
4988 0
4989 1
4990 1
4991 0
4992 1
4993 1
4994 1
4995 0
4996 0
4997 0
4998 1
4999 0
5000 0
5001 1
5002 0
5003 1
5004 0
5005 0
5006 0
5007 0
5008 1
5009 0
5010 0
5011 0
5012 1
5013 1
5014 2
5015 1
5016 1
5017 2
5018 1
5019 1
5020 2
5021 0
5022 1
5023 1
5024 1
5025 1
5026 1
5027 1
5028 1
5029 1
5030 0
5031 1
5032 1
5033 0
5034 2
5035 0
5036 0
5037 2
5038 1
5039 1
5040 0
5041 1
5042 1
5043 2
5044 2
5045 1
5046 2
5047 1
5048 1
5049 1
5050 1
5051 1
5052 2
5053 1
5054 0
5055 0
5056 1
5057 1
5058 1
5059 1
5060 1
5061 1
5062 1
5063 1
5064 2
5065 0
5066 0
5067 0
5068 0
5069 1
5070 0
5071 1
5072 1
5073 1
5074 0
5075 1
5076 1
5077 1
5078 1
5079 0
5080 0
5081 1
5082 1
5083 0
5084 0
5085 1
5086 1
5087 1
5088 2
5089 1
5090 0
5091 1
5092 1
5093 2
5094 2
5095 0
5096 2
5097 1
5098 0
5099 1
5100 1
5101 1
5102 1
5103 1
5104 1
5105 0
5106 1
5107 0
5108 1
5109 1
5110 0
5111 1
5112 1
5113 0
5114 1
5115 1
5116 0
5117 1
5118 2
5119 0
5120 0
5121 0
5122 1
5123 1
5124 1
5125 1
5126 1
5127 1
5128 1
5129 1
5130 2
5131 2
5132 0
5133 1
5134 2
5135 1
5136 1
5137 0
5138 0
5139 1
5140 1
5141 1
5142 1
5143 1
5144 1
5145 0
5146 1
5147 1
5148 1
5149 0
5150 1
5151 0
5152 0
5153 1
5154 0
5155 0
5156 1
5157 1
5158 0
5159 1
5160 0
5161 1
5162 1
5163 0
5164 1
5165 0
5166 1
5167 1
5168 2
5169 1
5170 1
5171 0
5172 1
5173 0
5174 1
5175 1
5176 1
5177 2
5178 1
5179 0
5180 1
5181 1
5182 1
5183 1
5184 0
5185 1
5186 0
5187 1
5188 1
5189 1
5190 2
5191 0
5192 2
5193 0
5194 1
5195 0
5196 1
5197 0
5198 0
5199 1
5200 0
5201 1
5202 1
5203 1
5204 0
5205 0
5206 2
5207 1
5208 1
5209 0
5210 1
5211 0
5212 1
5213 1
5214 1
5215 1
5216 0
5217 1
5218 1
5219 0
5220 1
5221 0
5222 1
5223 0
5224 1
5225 1
5226 1
5227 2
5228 1
5229 0
5230 1
5231 1
5232 0
5233 1
5234 1
5235 1
5236 1
5237 1
5238 1
5239 1
5240 1
5241 1
5242 1
5243 0
5244 1
5245 0
5246 0
5247 2
5248 1
5249 0
5250 1
5251 1
5252 1
5253 1
5254 1
5255 1
5256 1
5257 1
5258 1
5259 1
5260 0
5261 1
5262 0
5263 1
5264 1
5265 1
5266 2
5267 1
5268 1
5269 1
5270 0
5271 1
5272 0
5273 1
5274 1
5275 0
5276 1
5277 2
5278 0
5279 2
5280 0
5281 2
5282 1
5283 0
5284 0
5285 1
5286 1
5287 1
5288 2
5289 1
5290 0
5291 2
5292 1
5293 0
5294 1
5295 1
5296 0
5297 0
5298 1
5299 2
5300 1
5301 1
5302 1
5303 1
5304 1
5305 0
5306 2
5307 2
5308 1
5309 1
5310 1
5311 2
5312 1
5313 1
5314 0
5315 1
5316 0
5317 0
5318 0
5319 0
5320 1
5321 0
5322 1
5323 1
5324 1
5325 0
5326 1
5327 1
5328 1
5329 0
5330 0
5331 2
5332 0
5333 1
5334 1
5335 1
5336 1
5337 1
5338 1
5339 1
5340 1
5341 2
5342 0
5343 1
5344 1
5345 0
5346 1
5347 1
5348 2
5349 1
5350 0
5351 1
5352 1
5353 0
5354 1
5355 0
5356 0
5357 0
5358 0
5359 0
5360 1
5361 1
5362 2
5363 1
5364 2
5365 0
5366 0
5367 1
5368 1
5369 0
5370 2
5371 0
5372 0
5373 1
5374 0
5375 1
5376 0
5377 0
5378 1
5379 1
5380 1
5381 0
5382 1
5383 2
5384 1
5385 2
5386 1
5387 1
5388 2
5389 0
5390 0
5391 1
5392 0
5393 1
5394 1
5395 1
5396 1
5397 2
5398 0
5399 1
5400 1
5401 1
5402 1
5403 1
5404 0
5405 1
5406 0
5407 1
5408 0
5409 0
5410 1
5411 1
5412 1
5413 1
5414 1
5415 1
5416 1
5417 1
5418 0
5419 2
5420 0
5421 1
5422 1
5423 0
5424 0
5425 0
5426 1
5427 1
5428 2
5429 0
5430 0
5431 0
5432 2
5433 2
5434 1
5435 1
5436 0
5437 0
5438 1
5439 1
5440 2
5441 1
5442 1
5443 1
5444 1
5445 1
5446 0
5447 1
5448 1
5449 1
5450 1
5451 1
5452 1
5453 1
5454 1
5455 1
5456 2
5457 0
5458 1
5459 1
5460 0
5461 0
5462 1
5463 0
5464 0
5465 0
5466 1
5467 1
5468 2
5469 1
5470 1
5471 0
5472 2
5473 1
5474 1
5475 1
5476 1
5477 1
5478 1
5479 1
5480 1
5481 1
5482 0
5483 1
5484 0
5485 1
5486 2
5487 2
5488 1
5489 1
5490 0
5491 1
5492 1
5493 0
5494 2
5495 1
5496 2
5497 1
5498 1
5499 1
5500 0
5501 0
5502 1
5503 1
5504 1
5505 0
5506 0
5507 1
5508 1
5509 1
5510 2
5511 1
5512 1
5513 1
5514 0
5515 2
5516 1
5517 0
5518 1
5519 0
5520 1
5521 2
5522 2
5523 1
5524 2
5525 0
5526 2
5527 1
5528 2
5529 0
5530 1
5531 1
5532 1
5533 1
5534 1
5535 2
5536 1
5537 1
5538 2
5539 1
5540 1
5541 1
5542 1
5543 1
5544 1
5545 1
5546 1
5547 1
5548 1
5549 1
5550 0
5551 2
5552 1
5553 1
5554 1
5555 0
5556 1
5557 2
5558 0
5559 0
5560 1
5561 0
5562 1
5563 1
5564 1
5565 1
5566 0
5567 0
5568 0
5569 1
5570 1
5571 1
5572 1
5573 1
5574 1
5575 2
5576 1
5577 2
5578 1
5579 2
5580 0
5581 0
5582 1
5583 1
5584 1
5585 0
5586 1
5587 0
5588 1
5589 1
5590 1
5591 1
5592 0
5593 0
5594 1
5595 1
5596 1
5597 1
5598 1
5599 1
5600 0
5601 2
5602 1
5603 1
5604 0
5605 2
5606 1
5607 1
5608 0
5609 1
5610 1
5611 1
5612 1
5613 0
5614 1
5615 1
5616 1
5617 1
5618 1
5619 1
5620 2
5621 0
5622 2
5623 1
5624 1
5625 2
5626 0
5627 1
5628 1
5629 0
5630 0
5631 0
5632 0
5633 1
5634 0
5635 1
5636 0
5637 0
5638 2
5639 1
5640 0
5641 0
5642 1
5643 2
5644 1
5645 1
5646 0
5647 0
5648 0
5649 1
5650 2
5651 0
5652 1
5653 1
5654 0
5655 1
5656 2
5657 2
5658 1
5659 1
5660 1
5661 0
5662 1
5663 1
5664 0
5665 1
5666 2
5667 0
5668 0
5669 2
5670 1
5671 2
5672 1
5673 1
5674 1
5675 0
5676 1
5677 1
5678 1
5679 0
5680 1
5681 2
5682 1
5683 0
5684 1
5685 1
5686 1
5687 1
5688 1
5689 2
5690 0
5691 0
5692 0
5693 2
5694 1
5695 1
5696 0
5697 1
5698 1
5699 1
5700 1
5701 1
5702 2
5703 2
5704 1
5705 0
5706 0
5707 1
5708 0
5709 1
5710 1
5711 1
5712 1
5713 0
5714 1
5715 1
5716 0
5717 0
5718 2
5719 1
5720 1
5721 1
5722 0
5723 1
5724 1
5725 0
5726 1
5727 0
5728 1
5729 1
5730 1
5731 1
5732 1
5733 2
5734 2
5735 0
5736 2
5737 0
5738 0
5739 1
5740 1
5741 0
5742 1
5743 1
5744 1
5745 1
5746 1
5747 0
5748 1
5749 1
5750 1
5751 1
5752 1
5753 1
5754 1
5755 2
5756 1
5757 1
5758 1
5759 1
5760 2
5761 2
5762 2
5763 0
5764 0
5765 1
5766 0
5767 0
5768 0
5769 1
5770 1
5771 1
5772 1
5773 0
5774 1
5775 1
5776 0
5777 0
5778 0
5779 2
5780 1
5781 1
5782 1
5783 1
5784 0
5785 0
5786 1
5787 0
5788 2
5789 1
5790 1
5791 1
5792 1
5793 1
5794 1
5795 1
5796 1
5797 1
5798 1
5799 0
5800 2
5801 1
5802 2
5803 1
5804 1
5805 2
5806 0
5807 0
5808 0
5809 0
5810 0
5811 2
5812 0
5813 1
5814 1
5815 1
5816 1
5817 1
5818 0
5819 1
5820 1
5821 1
5822 0
5823 1
5824 1
5825 1
5826 0
5827 1
5828 1
5829 0
5830 1
5831 1
5832 1
5833 0
5834 1
5835 1
5836 0
5837 1
5838 1
5839 0
5840 1
5841 1
5842 2
5843 1
5844 1
5845 1
5846 1
5847 1
5848 0
5849 0
5850 1
5851 1
5852 1
5853 2
5854 1
5855 2
5856 1
5857 1
5858 2
5859 1
5860 0
5861 1
5862 1
5863 1
5864 1
5865 1
5866 0
5867 0
5868 0
5869 1
5870 0
5871 2
5872 1
5873 2
5874 1
5875 0
5876 1
5877 2
5878 1
5879 2
5880 1
5881 0
5882 2
5883 1
5884 1
5885 1
5886 2
5887 1
5888 1
5889 0
5890 1
5891 2
5892 1
5893 1
5894 1
5895 1
5896 1
5897 0
5898 1
5899 0
5900 1
5901 1
5902 1
5903 1
5904 1
5905 0
5906 1
5907 1
5908 1
5909 1
5910 1
5911 2
5912 1
5913 0
5914 2
5915 1
5916 1
5917 2
5918 0
5919 1
5920 1
5921 0
5922 1
5923 0
5924 1
5925 1
5926 0
5927 1
5928 0
5929 0
5930 1
5931 0
5932 1
5933 1
5934 1
5935 1
5936 1
5937 1
5938 1
5939 1
5940 0
5941 2
5942 1
5943 1
5944 0
5945 0
5946 0
5947 1
5948 1
5949 0
5950 0
5951 1
5952 1
5953 1
5954 2
5955 0
5956 2
5957 0
5958 1
5959 2
5960 1
5961 1
5962 1
5963 2
5964 0
5965 2
5966 1
5967 0
5968 2
5969 1
5970 0
5971 1
5972 1
5973 0
5974 0
5975 1
5976 1
5977 1
5978 0
5979 0
5980 1
5981 2
5982 0
5983 1
5984 0
5985 1
5986 2
5987 0
5988 1
5989 1
5990 1
5991 1
5992 1
5993 0
5994 1
5995 2
5996 2
5997 1
5998 1
5999 1
6000 2
6001 2
6002 2
6003 1
6004 2
6005 0
6006 2
6007 0
6008 1
6009 1
6010 2
6011 1
6012 1
6013 1
6014 0
6015 0
6016 0
6017 2
6018 1
6019 1
6020 1
6021 1
6022 1
6023 1
6024 1
6025 1
6026 0
6027 0
6028 2
6029 1
6030 1
6031 0
6032 1
6033 0
6034 1
6035 1
6036 1
6037 2
6038 1
6039 0
6040 1
6041 1
6042 1
6043 1
6044 1
6045 0
6046 0
6047 0
6048 1
6049 1
6050 0
6051 1
6052 1
6053 1
6054 0
6055 1
6056 0
6057 0
6058 2
6059 2
6060 1
6061 0
6062 0
6063 0
6064 1
6065 1
6066 1
6067 1
6068 0
6069 0
6070 1
6071 0
6072 0
6073 0
6074 1
6075 1
6076 0
6077 1
6078 1
6079 0
6080 0
6081 0
6082 1
6083 1
6084 1
6085 1
6086 0
6087 1
6088 0
6089 1
6090 0
6091 1
6092 1
6093 0
6094 0
6095 2
6096 0
6097 1
6098 0
6099 1
6100 1
6101 1
6102 1
6103 0
6104 1
6105 1
6106 1
6107 1
6108 0
6109 1
6110 0
6111 1
6112 1
6113 0
6114 1
6115 1
6116 1
6117 0
6118 0
6119 0
6120 1
6121 1
6122 2
6123 0
6124 1
6125 0
6126 0
6127 1
6128 1
6129 1
6130 0
6131 2
6132 1
6133 0
6134 1
6135 0
6136 1
6137 1
6138 0
6139 1
6140 0
6141 1
6142 1
6143 1
6144 0
6145 0
6146 1
6147 0
6148 0
6149 0
6150 1
6151 1
6152 0
6153 0
6154 0
6155 1
6156 1
6157 1
6158 0
6159 1
6160 0
6161 1
6162 1
6163 0
6164 1
6165 1
6166 0
6167 1
6168 0
6169 0
6170 1
6171 1
6172 0
6173 1
6174 0
6175 0
6176 1
6177 1
6178 0
6179 1
6180 0
6181 2
6182 0
6183 1
6184 1
6185 1
6186 0
6187 0
6188 0
6189 0
6190 0
6191 0
6192 0
6193 0
6194 1
6195 1
6196 0
6197 1
6198 1
6199 1
6200 1
6201 0
6202 1
6203 1
6204 1
6205 0
6206 2
6207 0
6208 1
6209 1
6210 1
6211 0
6212 1
6213 0
6214 0
6215 1
6216 1
6217 1
6218 0
6219 0
6220 1
6221 1
6222 1
6223 1
6224 1
6225 1
6226 1
6227 0
6228 0
6229 1
6230 1
6231 0
6232 1
6233 1
6234 2
6235 1
6236 0
6237 1
6238 2
6239 1
6240 1
6241 1
6242 1
6243 1
6244 0
6245 0
6246 1
6247 1
6248 1
6249 0
6250 0
6251 0
6252 0
6253 1
6254 1
6255 1
6256 1
6257 1
6258 1
6259 1
6260 1
6261 1
6262 0
6263 0
6264 1
6265 1
6266 1
6267 1
6268 1
6269 2
6270 1
6271 1
6272 1
6273 0
6274 1
6275 1
6276 1
6277 0
6278 1
6279 1
6280 1
6281 1
6282 1
6283 1
6284 1
6285 1
6286 1
6287 1
6288 0
6289 1
6290 0
6291 0
6292 1
6293 1
6294 1
6295 1
6296 2
6297 1
6298 1
6299 0
6300 1
6301 1
6302 1
6303 1
6304 0
6305 0
6306 0
6307 0
6308 1
6309 0
6310 1
6311 1
6312 1
6313 1
6314 0
6315 1
6316 1
6317 2
6318 0
6319 1
6320 1
6321 0
6322 1
6323 1
6324 1
6325 2
6326 1
6327 1
6328 0
6329 1
6330 2
6331 1
6332 2
6333 1
6334 1
6335 2
6336 1
6337 1
6338 0
6339 2
6340 0
6341 1
6342 0
6343 0
6344 1
6345 0
6346 1
6347 1
6348 0
6349 1
6350 1
6351 1
6352 0
6353 1
6354 0
6355 0
6356 1
6357 1
6358 1
6359 0
6360 1
6361 2
6362 1
6363 1
6364 1
6365 1
6366 1
6367 0
6368 1
6369 1
6370 0
6371 1
6372 0
6373 1
6374 0
6375 0
6376 1
6377 0
6378 1
6379 1
6380 0
6381 0
6382 1
6383 1
6384 0
6385 1
6386 0
6387 1
6388 0
6389 1
6390 0
6391 1
6392 0
6393 1
6394 0
6395 1
6396 1
6397 0
6398 1
6399 1
6400 0
6401 1
6402 1
6403 0
6404 0
6405 1
6406 1
6407 1
6408 2
6409 1
6410 1
6411 0
6412 0
6413 1
6414 1
6415 1
6416 2
6417 1
6418 1
6419 1
6420 1
6421 1
6422 1
6423 1
6424 1
6425 1
6426 1
6427 1
6428 1
6429 2
6430 1
6431 0
6432 1
6433 2
6434 0
6435 1
6436 1
6437 1
6438 0
6439 1
6440 0
6441 1
6442 1
6443 1
6444 1
6445 0
6446 1
6447 0
6448 1
6449 1
6450 1
6451 1
6452 0
6453 1
6454 1
6455 1
6456 1
6457 1
6458 0
6459 1
6460 0
6461 1
6462 0
6463 1
6464 1
6465 0
6466 1
6467 1
6468 1
6469 1
6470 1
6471 1
6472 0
6473 0
6474 1
6475 0
6476 0
6477 1
6478 0
6479 2
6480 0
6481 1
6482 1
6483 0
6484 1
6485 1
6486 1
6487 0
6488 1
6489 0
6490 0
6491 0
6492 1
6493 1
6494 1
6495 1
6496 1
6497 1
6498 0
6499 0
6500 0
6501 0
6502 0
6503 1
6504 1
6505 1
6506 0
6507 0
6508 1
6509 0
6510 1
6511 1
6512 1
6513 2
6514 1
6515 1
6516 1
6517 2
6518 1
6519 0
6520 1
6521 1
6522 1
6523 1
6524 0
6525 1
6526 0
6527 0
6528 2
6529 0
6530 1
6531 0
6532 0
6533 1
6534 1
6535 0
6536 0
6537 1
6538 0
6539 1
6540 1
6541 0
6542 1
6543 1
6544 1
6545 0
6546 1
6547 1
6548 1
6549 2
6550 0
6551 1
6552 0
6553 0
6554 1
6555 0
6556 1
6557 1
6558 1
6559 1
6560 1
6561 2
6562 0
6563 0
6564 0
6565 0
6566 1
6567 0
6568 0
6569 1
6570 0
6571 1
6572 1
6573 1
6574 0
6575 1
6576 1
6577 1
6578 0
6579 1
6580 0
6581 1
6582 0
6583 1
6584 2
6585 0
6586 1
6587 1
6588 1
6589 1
6590 1
6591 0
6592 2
6593 1
6594 1
6595 1
6596 1
6597 0
6598 1
6599 2
6600 2
6601 1
6602 2
6603 1
6604 0
6605 0
6606 2
6607 0
6608 1
6609 1
6610 0
6611 1
6612 0
6613 0
6614 1
6615 0
6616 1
6617 1
6618 1
6619 1
6620 1
6621 0
6622 0
6623 0
6624 1
6625 2
6626 1
6627 1
6628 0
6629 1
6630 0
6631 1
6632 0
6633 1
6634 2
6635 0
6636 1
6637 1
6638 0
6639 0
6640 1
6641 1
6642 0
6643 1
6644 1
6645 0
6646 1
6647 0
6648 1
6649 2
6650 1
6651 1
6652 0
6653 1
6654 1
6655 1
6656 1
6657 0
6658 0
6659 1
6660 1
6661 0
6662 1
6663 1
6664 1
6665 1
6666 0
6667 1
6668 0
6669 1
6670 0
6671 1
6672 0
6673 0
6674 0
6675 0
6676 1
6677 1
6678 1
6679 0
6680 0
6681 1
6682 1
6683 0
6684 1
6685 0
6686 0
6687 0
6688 1
6689 1
6690 1
6691 0
6692 0
6693 1
6694 1
6695 1
6696 1
6697 1
6698 1
6699 2
6700 0
6701 0
6702 0
6703 1
6704 1
6705 1
6706 1
6707 1
6708 0
6709 1
6710 1
6711 1
6712 0
6713 1
6714 1
6715 0
6716 0
6717 1
6718 2
6719 0
6720 1
6721 1
6722 1
6723 1
6724 1
6725 1
6726 0
6727 0
6728 2
6729 1
6730 0
6731 1
6732 1
6733 0
6734 1
6735 1
6736 1
6737 0
6738 1
6739 0
6740 0
6741 0
6742 0
6743 1
6744 1
6745 1
6746 1
6747 1
6748 1
6749 0
6750 1
6751 0
6752 0
6753 2
6754 1
6755 0
6756 1
6757 0
6758 0
6759 1
6760 1
6761 1
6762 1
6763 0
6764 1
6765 0
6766 1
6767 0
6768 1
6769 0
6770 0
6771 1
6772 1
6773 1
6774 0
6775 0
6776 1
6777 0
6778 1
6779 0
6780 0
6781 1
6782 1
6783 1
6784 1
6785 1
6786 0
6787 1
6788 0
6789 1
6790 0
6791 0
6792 1
6793 2
6794 2
6795 0
6796 0
6797 1
6798 1
6799 1
6800 0
6801 1
6802 1
6803 1
6804 1
6805 1
6806 1
6807 1
6808 1
6809 1
6810 1
6811 1
6812 0
6813 1
6814 1
6815 1
6816 0
6817 1
6818 1
6819 0
6820 1
6821 0
6822 0
6823 1
6824 0
6825 1
6826 0
6827 1
6828 0
6829 1
6830 1
6831 1
6832 0
6833 1
6834 1
6835 0
6836 0
6837 1
6838 1
6839 1
6840 2
6841 0
6842 1
6843 0
6844 1
6845 1
6846 0
6847 1
6848 0
6849 0
6850 2
6851 1
6852 0
6853 1
6854 1
6855 1
6856 2
6857 2
6858 0
6859 1
6860 1
6861 1
6862 0
6863 0
6864 1
6865 1
6866 1
6867 1
6868 1
6869 2
6870 1
6871 1
6872 1
6873 1
6874 1
6875 2
6876 1
6877 0
6878 1
6879 1
6880 1
6881 0
6882 0
6883 0
6884 1
6885 0
6886 1
6887 0
6888 1
6889 0
6890 1
6891 0
6892 0
6893 1
6894 1
6895 1
6896 1
6897 0
6898 1
6899 2
6900 1
6901 1
6902 0
6903 1
6904 1
6905 2
6906 1
6907 1
6908 1
6909 1
6910 1
6911 1
6912 1
6913 1
6914 1
6915 1
6916 1
6917 0
6918 1
6919 1
6920 0
6921 1
6922 1
6923 1
6924 2
6925 1
6926 0
6927 1
6928 1
6929 1
6930 0
6931 0
6932 0
6933 1
6934 0
6935 1
6936 2
6937 1
6938 1
6939 1
6940 0
6941 1
6942 2
6943 1
6944 2
6945 1
6946 2
6947 1
6948 1
6949 1
6950 1
6951 1
6952 0
6953 1
6954 1
6955 1
6956 1
6957 1
6958 1
6959 1
6960 1
6961 0
6962 0
6963 1
6964 1
6965 0
6966 2
6967 1
6968 1
6969 1
6970 0
6971 0
6972 0
6973 1
6974 1
6975 1
6976 1
6977 1
6978 0
6979 1
6980 1
6981 0
6982 1
6983 1
6984 0
6985 0
6986 1
6987 1
6988 1
6989 0
6990 2
6991 1
6992 0
6993 1
6994 1
6995 1
6996 1
6997 1
6998 1
6999 1
7000 0
7001 0
7002 1
7003 1
7004 0
7005 1
7006 1
7007 0
7008 0
7009 0
7010 1
7011 1
7012 1
7013 1
7014 1
7015 1
7016 1
7017 0
7018 1
7019 1
7020 0
7021 1
7022 1
7023 1
7024 1
7025 1
7026 0
7027 0
7028 1
7029 1
7030 1
7031 1
7032 1
7033 0
7034 1
7035 2
7036 1
7037 1
7038 1
7039 0
7040 1
7041 0
7042 1
7043 1
7044 1
7045 2
7046 1
7047 0
7048 1
7049 1
7050 1
7051 2
7052 1
7053 0
7054 0
7055 0
7056 1
7057 2
7058 0
7059 0
7060 0
7061 0
7062 1
7063 1
7064 0
7065 0
7066 1
7067 1
7068 1
7069 1
7070 0
7071 1
7072 1
7073 0
7074 1
7075 1
7076 1
7077 0
7078 0
7079 0
7080 1
7081 0
7082 0
7083 0
7084 0
7085 0
7086 1
7087 0
7088 1
7089 1
7090 0
7091 0
7092 1
7093 0
7094 1
7095 0
7096 1
7097 1
7098 1
7099 1
7100 1
7101 0
7102 1
7103 1
7104 1
7105 0
7106 1
7107 1
7108 0
7109 1
7110 1
7111 1
7112 1
7113 0
7114 2
7115 0
7116 1
7117 0
7118 1
7119 1
7120 1
7121 1
7122 1
7123 1
7124 1
7125 1
7126 1
7127 1
7128 1
7129 0
7130 1
7131 1
7132 1
7133 1
7134 0
7135 1
7136 1
7137 1
7138 0
7139 1
7140 0
7141 1
7142 1
7143 1
7144 0
7145 1
7146 1
7147 1
7148 2
7149 1
7150 1
7151 1
7152 1
7153 1
7154 1
7155 1
7156 1
7157 0
7158 1
7159 0
7160 1
7161 1
7162 1
7163 0
7164 0
7165 1
7166 1
7167 1
7168 1
7169 0
7170 0
7171 1
7172 1
7173 0
7174 1
7175 1
7176 2
7177 1
7178 1
7179 1
7180 2
7181 1
7182 0
7183 0
7184 1
7185 0
7186 0
7187 1
7188 1
7189 0
7190 1
7191 1
7192 0
7193 0
7194 0
7195 1
7196 0
7197 0
7198 1
7199 0
7200 0
7201 1
7202 1
7203 1
7204 0
7205 1
7206 0
7207 1
7208 0
7209 0
7210 0
7211 1
7212 1
7213 0
7214 1
7215 1
7216 1
7217 1
7218 1
7219 1
7220 1
7221 1
7222 0
7223 0
7224 0
7225 0
7226 1
7227 1
7228 1
7229 1
7230 1
7231 0
7232 0
7233 1
7234 0
7235 0
7236 1
7237 1
7238 1
7239 1
7240 1
7241 1
7242 1
7243 0
7244 1
7245 1
7246 1
7247 1
7248 0
7249 1
7250 1
7251 1
7252 1
7253 1
7254 0
7255 1
7256 0
7257 0
7258 0
7259 0
7260 0
7261 0
7262 1
7263 1
7264 1
7265 1
7266 0
7267 0
7268 0
7269 1
7270 1
7271 1
7272 1
7273 1
7274 2
7275 1
7276 1
7277 2
7278 1
7279 1
7280 1
7281 1
7282 2
7283 1
7284 1
7285 1
7286 1
7287 1
7288 1
7289 1
7290 1
7291 1
7292 1
7293 1
7294 1
7295 0
7296 2
7297 2
7298 1
7299 0
7300 0
7301 1
7302 0
7303 1
7304 2
7305 1
7306 0
7307 1
7308 1
7309 1
7310 1
7311 0
7312 0
7313 0
7314 1
7315 0
7316 0
7317 1
7318 0
7319 2
7320 1
7321 1
7322 0
7323 0
7324 1
7325 0
7326 1
7327 1
7328 1
7329 1
7330 1
7331 0
7332 1
7333 2
7334 0
7335 1
7336 1
7337 2
7338 0
7339 1
7340 1
7341 1
7342 0
7343 1
7344 1
7345 1
7346 1
7347 1
7348 0
7349 1
7350 0
7351 0
7352 1
7353 1
7354 1
7355 1
7356 0
7357 0
7358 0
7359 0
7360 1
7361 1
7362 1
7363 1
7364 1
7365 0
7366 1
7367 0
7368 0
7369 1
7370 0
7371 1
7372 1
7373 0
7374 0
7375 0
7376 1
7377 0
7378 0
7379 1
7380 1
7381 1
7382 0
7383 1
7384 1
7385 1
7386 2
7387 1
7388 0
7389 1
7390 1
7391 0
7392 1
7393 1
7394 0
7395 1
7396 1
7397 1
7398 1
7399 1
7400 0
7401 0
7402 1
7403 1
7404 0
7405 1
7406 2
7407 0
7408 0
7409 1
7410 1
7411 0
7412 1
7413 1
7414 1
7415 1
7416 1
7417 1
7418 1
7419 1
7420 1
7421 0
7422 1
7423 1
7424 1
7425 1
7426 2
7427 0
7428 1
7429 1
7430 0
7431 0
7432 0
7433 2
7434 1
7435 1
7436 1
7437 1
7438 1
7439 1
7440 1
7441 0
7442 0
7443 1
7444 1
7445 1
7446 0
7447 1
7448 1
7449 0
7450 1
7451 1
7452 0
7453 0
7454 0
7455 1
7456 2
7457 1
7458 0
7459 0
7460 1
7461 1
7462 1
7463 1
7464 1
7465 0
7466 0
7467 1
7468 0
7469 0
7470 1
7471 1
7472 1
7473 1
7474 1
7475 0
7476 1
7477 1
7478 1
7479 1
7480 1
7481 1
7482 1
7483 1
7484 0
7485 1
7486 1
7487 1
7488 2
7489 1
7490 1
7491 1
7492 1
7493 0
7494 1
7495 0
7496 1
7497 1
7498 1
7499 1
7500 1
7501 1
7502 1
7503 0
7504 0
7505 0
7506 1
7507 1
7508 1
7509 0
7510 0
7511 1
7512 1
7513 2
7514 1
7515 1
7516 1
7517 1
7518 0
7519 1
7520 0
7521 2
7522 0
7523 1
7524 1
7525 0
7526 1
7527 1
7528 1
7529 1
7530 0
7531 1
7532 1
7533 1
7534 1
7535 1
7536 1
7537 0
7538 1
7539 1
7540 1
7541 1
7542 1
7543 1
7544 0
7545 1
7546 0
7547 1
7548 0
7549 2
7550 1
7551 1
7552 0
7553 0
7554 1
7555 1
7556 1
7557 1
7558 0
7559 1
7560 1
7561 2
7562 1
7563 1
7564 1
7565 1
7566 0
7567 0
7568 1
7569 0
7570 0
7571 0
7572 2
7573 0
7574 0
7575 1
7576 1
7577 1
7578 1
7579 0
7580 1
7581 0
7582 1
7583 0
7584 1
7585 1
7586 0
7587 1
7588 1
7589 0
7590 1
7591 1
7592 1
7593 2
7594 0
7595 1
7596 0
7597 2
7598 1
7599 1
7600 0
7601 1
7602 1
7603 1
7604 1
7605 1
7606 1
7607 1
7608 1
7609 2
7610 0
7611 1
7612 1
7613 1
7614 1
7615 0
7616 0
7617 0
7618 0
7619 0
7620 1
7621 0
7622 1
7623 1
7624 2
7625 2
7626 1
7627 0
7628 1
7629 1
7630 0
7631 2
7632 1
7633 1
7634 1
7635 1
7636 1
7637 1
7638 1
7639 1
7640 1
7641 0
7642 1
7643 0
7644 0
7645 1
7646 0
7647 1
7648 1
7649 1
7650 1
7651 0
7652 1
7653 1
7654 0
7655 0
7656 0
7657 1
7658 1
7659 1
7660 1
7661 1
7662 1
7663 1
7664 2
7665 2
7666 1
7667 0
7668 0
7669 1
7670 1
7671 1
7672 0
7673 1
7674 1
7675 1
7676 1
7677 0
7678 1
7679 1
7680 1
7681 1
7682 0
7683 1
7684 1
7685 0
7686 1
7687 1
7688 0
7689 1
7690 1
7691 1
7692 0
7693 0
7694 1
7695 0
7696 0
7697 1
7698 1
7699 1
7700 1
7701 0
7702 0
7703 0
7704 1
7705 1
7706 1
7707 1
7708 2
7709 1
7710 0
7711 1
7712 0
7713 0
7714 0
7715 2
7716 0
7717 1
7718 1
7719 0
7720 1
7721 1
7722 0
7723 0
7724 1
7725 1
7726 1
7727 1
7728 1
7729 1
7730 1
7731 1
7732 1
7733 1
7734 1
7735 1
7736 0
7737 0
7738 1
7739 1
7740 1
7741 1
7742 1
7743 0
7744 1
7745 1
7746 0
7747 1
7748 1
7749 0
7750 1
7751 1
7752 1
7753 1
7754 1
7755 0
7756 1
7757 1
7758 1
7759 1
7760 1
7761 1
7762 1
7763 1
7764 0
7765 0
7766 1
7767 1
7768 0
7769 1
7770 1
7771 1
7772 0
7773 2
7774 0
7775 1
7776 1
7777 1
7778 1
7779 1
7780 0
7781 0
7782 0
7783 0
7784 1
7785 0
7786 0
7787 0
7788 1
7789 1
7790 1
7791 1
7792 1
7793 1
7794 2
7795 1
7796 0
7797 1
7798 1
7799 1
7800 1
7801 1
7802 1
7803 1
7804 1
7805 1
7806 1
7807 0
7808 1
7809 1
7810 1
7811 0
7812 1
7813 0
7814 1
7815 2
7816 1
7817 1
7818 1
7819 1
7820 0
7821 1
7822 0
7823 1
7824 1
7825 0
7826 2
7827 2
7828 1
7829 0
7830 1
7831 1
7832 1
7833 1
7834 1
7835 1
7836 1
7837 0
7838 0
7839 0
7840 0
7841 1
7842 1
7843 1
7844 1
7845 1
7846 0
7847 1
7848 1
7849 0
7850 2
7851 0
7852 0
7853 0
7854 0
7855 0
7856 1
7857 0
7858 1
7859 0
7860 0
7861 1
7862 0
7863 1
7864 1
7865 1
7866 2
7867 0
7868 1
7869 0
7870 1
7871 1
7872 2
7873 1
7874 1
7875 1
7876 1
7877 0
7878 1
7879 0
7880 1
7881 0
7882 1
7883 1
7884 1
7885 2
7886 0
7887 1
7888 0
7889 1
7890 1
7891 0
7892 0
7893 1
7894 0
7895 2
7896 1
7897 1
7898 1
7899 1
7900 1
7901 1
7902 1
7903 0
7904 1
7905 1
7906 1
7907 1
7908 1
7909 0
7910 0
7911 0
7912 1
7913 1
7914 0
7915 1
7916 0
7917 1
7918 1
7919 1
7920 1
7921 1
7922 0
7923 1
7924 1
7925 1
7926 1
7927 1
7928 1
7929 0
7930 2
7931 1
7932 0
7933 1
7934 1
7935 0
7936 1
7937 1
7938 2
7939 1
7940 0
7941 1
7942 0
7943 1
7944 2
7945 1
7946 1
7947 1
7948 1
7949 0
7950 0
7951 0
7952 1
7953 1
7954 1
7955 0
7956 0
7957 1
7958 0
7959 0
7960 0
7961 1
7962 0
7963 0
7964 2
7965 0
7966 2
7967 2
7968 2
7969 0
7970 1
7971 1
7972 0
7973 1
7974 0
7975 1
7976 1
7977 1
7978 1
7979 0
7980 2
7981 0
7982 1
7983 1
7984 1
7985 1
7986 1
7987 1
7988 0
7989 1
7990 1
7991 1
7992 1
7993 0
7994 1
7995 0
7996 0
7997 1
7998 1
7999 1
8000 2
8001 1
8002 0
8003 0
8004 1
8005 1
8006 1
8007 1
8008 1
8009 0
8010 2
8011 1
8012 0
8013 0
8014 0
8015 0
8016 0
8017 1
8018 0
8019 1
8020 1
8021 0
8022 0
8023 1
8024 0
8025 1
8026 1
8027 1
8028 1
8029 0
8030 1
8031 0
8032 1
8033 1
8034 1
8035 0
8036 1
8037 1
8038 1
8039 1
8040 1
8041 0
8042 1
8043 0
8044 0
8045 1
8046 1
8047 1
8048 0
8049 1
8050 0
8051 0
8052 1
8053 0
8054 1
8055 0
8056 1
8057 0
8058 0
8059 0
8060 1
8061 1
8062 2
8063 1
8064 1
8065 1
8066 1
8067 1
8068 0
8069 1
8070 0
8071 1
8072 1
8073 1
8074 1
8075 1
8076 0
8077 0
8078 2
8079 1
8080 0
8081 1
8082 1
8083 0
8084 1
8085 1
8086 1
8087 1
8088 1
8089 1
8090 1
8091 1
8092 0
8093 1
8094 1
8095 1
8096 1
8097 0
8098 0
8099 0
8100 1
8101 1
8102 0
8103 1
8104 0
8105 1
8106 1
8107 0
8108 1
8109 1
8110 1
8111 0
8112 1
8113 1
8114 1
8115 0
8116 1
8117 1
8118 0
8119 0
8120 1
8121 1
8122 1
8123 0
8124 0
8125 0
8126 0
8127 0
8128 1
8129 1
8130 0
8131 0
8132 1
8133 0
8134 0
8135 0
8136 1
8137 0
8138 1
8139 1
8140 1
8141 0
8142 1
8143 1
8144 1
8145 0
8146 0
8147 1
8148 1
8149 1
8150 0
8151 0
8152 1
8153 1
8154 1
8155 1
8156 0
8157 2
8158 1
8159 1
8160 0
8161 1
8162 1
8163 1
8164 0
8165 2
8166 0
8167 1
8168 1
8169 0
8170 1
8171 1
8172 1
8173 1
8174 1
8175 1
8176 1
8177 0
8178 1
8179 1
8180 1
8181 1
8182 1
8183 1
8184 1
8185 0
8186 1
8187 1
8188 0
8189 1
8190 1
8191 0
8192 0
8193 1
8194 0
8195 1
8196 0
8197 0
8198 1
8199 1
8200 0
8201 1
8202 1
8203 1
8204 0
8205 0
8206 1
8207 1
8208 1
8209 1
8210 1
8211 1
8212 0
8213 0
8214 2
8215 0
8216 0
8217 1
8218 1
8219 1
8220 1
8221 0
8222 1
8223 1
8224 1
8225 0
8226 0
8227 0
8228 0
8229 0
8230 1
8231 1
8232 0
8233 0
8234 1
8235 0
8236 1
8237 0
8238 1
8239 1
8240 0
8241 0
8242 1
8243 0
8244 0
8245 2
8246 1
8247 1
8248 1
8249 0
8250 2
8251 0
8252 1
8253 1
8254 1
8255 1
8256 0
8257 1
8258 1
8259 0
8260 1
8261 1
8262 1
8263 1
8264 0
8265 1
8266 1
8267 1
8268 0
8269 1
8270 1
8271 1
8272 1
8273 1
8274 1
8275 0
8276 1
8277 1
8278 1
8279 1
8280 1
8281 1
8282 2
8283 2
8284 2
8285 1
8286 1
8287 1
8288 1
8289 1
8290 1
8291 1
8292 1
8293 1
8294 0
8295 1
8296 1
8297 1
8298 1
8299 1
8300 1
8301 1
8302 1
8303 0
8304 0
8305 0
8306 0
8307 1
8308 0
8309 1
8310 0
8311 1
8312 1
8313 0
8314 0
8315 1
8316 0
8317 1
8318 1
8319 0
8320 0
8321 1
8322 1
8323 1
8324 1
8325 0
8326 0
8327 0
8328 1
8329 1
8330 1
8331 1
8332 0
8333 1
8334 1
8335 2
8336 1
8337 1
8338 1
8339 0
8340 1
8341 0
8342 1
8343 1
8344 0
8345 0
8346 0
8347 0
8348 1
8349 0
8350 0
8351 1
8352 2
8353 1
8354 0
8355 1
8356 1
8357 0
8358 1
8359 1
8360 1
8361 0
8362 0
8363 1
8364 1
8365 1
8366 0
8367 1
8368 0
8369 1
8370 1
8371 0
8372 1
8373 0
8374 0
8375 0
8376 1
8377 1
8378 1
8379 0
8380 1
8381 0
8382 1
8383 0
8384 1
8385 0
8386 0
8387 1
8388 1
8389 1
8390 0
8391 1
8392 0
8393 1
8394 0
8395 0
8396 0
8397 0
8398 1
8399 1
8400 0
8401 1
8402 1
8403 0
8404 1
8405 1
8406 1
8407 0
8408 1
8409 0
8410 1
8411 1
8412 0
8413 1
8414 0
8415 0
8416 0
8417 2
8418 0
8419 1
8420 1
8421 1
8422 2
8423 1
8424 1
8425 1
8426 0
8427 2
8428 0
8429 0
8430 1
8431 0
8432 1
8433 1
8434 1
8435 0
8436 2
8437 1
8438 1
8439 1
8440 1
8441 0
8442 2
8443 0
8444 0
8445 1
8446 1
8447 0
8448 0
8449 2
8450 1
8451 1
8452 0
8453 0
8454 1
8455 1
8456 0
8457 0
8458 1
8459 1
8460 1
8461 1
8462 1
8463 1
8464 0
8465 1
8466 0
8467 0
8468 1
8469 1
8470 1
8471 1
8472 0
8473 1
8474 0
8475 1
8476 0
8477 1
8478 1
8479 0
8480 1
8481 1
8482 1
8483 1
8484 1
8485 0
8486 0
8487 1
8488 1
8489 1
8490 1
8491 0
8492 0
8493 0
8494 1
8495 1
8496 1
8497 0
8498 1
8499 1
8500 1
8501 1
8502 0
8503 1
8504 0
8505 1
8506 1
8507 1
8508 1
8509 1
8510 1
8511 1
8512 0
8513 0
8514 0
8515 1
8516 1
8517 0
8518 0
8519 1
8520 1
8521 0
8522 1
8523 0
8524 0
8525 1
8526 0
8527 0
8528 1
8529 1
8530 0
8531 1
8532 0
8533 1
8534 2
8535 1
8536 1
8537 0
8538 0
8539 1
8540 0
8541 0
8542 0
8543 1
8544 1
8545 2
8546 0
8547 0
8548 0
8549 0
8550 1
8551 0
8552 2
8553 1
8554 0
8555 1
8556 2
8557 0
8558 1
8559 0
8560 1
8561 1
8562 1
8563 1
8564 2
8565 1
8566 1
8567 1
8568 1
8569 1
8570 0
8571 1
8572 0
8573 0
8574 1
8575 0
8576 1
8577 1
8578 1
8579 1
8580 1
8581 2
8582 1
8583 0
8584 1
8585 1
8586 1
8587 1
8588 0
8589 1
8590 0
8591 2
8592 0
8593 0
8594 2
8595 1
8596 1
8597 1
8598 2
8599 1
8600 2
8601 1
8602 0
8603 1
8604 0
8605 1
8606 2
8607 0
8608 1
8609 0
8610 2
8611 0
8612 1
8613 1
8614 1
8615 1
8616 1
8617 1
8618 1
8619 0
8620 1
8621 0
8622 0
8623 0
8624 1
8625 1
8626 0
8627 0
8628 1
8629 0
8630 1
8631 1
8632 0
8633 0
8634 0
8635 0
8636 1
8637 0
8638 0
8639 0
8640 2
8641 1
8642 1
8643 0
8644 1
8645 0
8646 0
8647 0
8648 1
8649 1
8650 1
8651 1
8652 0
8653 1
8654 0
8655 0
8656 2
8657 1
8658 2
8659 1
8660 1
8661 1
8662 0
8663 0
8664 1
8665 1
8666 1
8667 1
8668 2
8669 1
8670 0
8671 1
8672 2
8673 1
8674 0
8675 1
8676 1
8677 1
8678 1
8679 0
8680 1
8681 2
8682 1
8683 1
8684 2
8685 1
8686 1
8687 1
8688 1
8689 0
8690 0
8691 1
8692 1
8693 0
8694 0
8695 0
8696 0
8697 0
8698 0
8699 0
8700 0
8701 1
8702 1
8703 1
8704 2
8705 1
8706 1
8707 0
8708 1
8709 2
8710 1
8711 1
8712 1
8713 0
8714 1
8715 2
8716 1
8717 0
8718 1
8719 1
8720 1
8721 0
8722 1
8723 0
8724 1
8725 1
8726 0
8727 0
8728 2
8729 1
8730 0
8731 1
8732 1
8733 1
8734 0
8735 1
8736 0
8737 2
8738 1
8739 0
8740 1
8741 0
8742 1
8743 1
8744 1
8745 0
8746 0
8747 0
8748 1
8749 1
8750 0
8751 1
8752 0
8753 0
8754 1
8755 1
8756 1
8757 1
8758 0
8759 1
8760 0
8761 1
8762 1
8763 1
8764 0
8765 1
8766 1
8767 1
8768 0
8769 1
8770 1
8771 1
8772 1
8773 1
8774 0
8775 0
8776 1
8777 2
8778 2
8779 0
8780 1
8781 0
8782 1
8783 1
8784 0
8785 0
8786 2
8787 2
8788 2
8789 0
8790 1
8791 1
8792 0
8793 0
8794 1
8795 1
8796 1
8797 1
8798 1
8799 1
8800 0
8801 0
8802 1
8803 0
8804 0
8805 0
8806 1
8807 1
8808 1
8809 1
8810 1
8811 1
8812 0
8813 1
8814 1
8815 0
8816 1
8817 1
8818 0
8819 0
8820 0
8821 1
8822 0
8823 1
8824 0
8825 1
8826 0
8827 0
8828 0
8829 1
8830 1
8831 1
8832 1
8833 1
8834 1
8835 0
8836 1
8837 1
8838 1
8839 1
8840 1
8841 0
8842 1
8843 0
8844 1
8845 0
8846 0
8847 0
8848 1
8849 1
8850 1
8851 1
8852 0
8853 0
8854 0
8855 0
8856 1
8857 0
8858 1
8859 1
8860 0
8861 0
8862 0
8863 1
8864 1
8865 0
8866 0
8867 0
8868 1
8869 0
8870 0
8871 1
8872 1
8873 1
8874 0
8875 0
8876 0
8877 1
8878 2
8879 1
8880 0
8881 1
8882 1
8883 2
8884 1
8885 1
8886 0
8887 0
8888 0
8889 1
8890 1
8891 0
8892 1
8893 1
8894 1
8895 1
8896 1
8897 1
8898 1
8899 1
8900 0
8901 1
8902 1
8903 0
8904 1
8905 1
8906 1
8907 0
8908 1
8909 2
8910 1
8911 0
8912 1
8913 1
8914 1
8915 1
8916 1
8917 1
8918 0
8919 0
8920 0
8921 1
8922 1
8923 1
8924 1
8925 1
8926 1
8927 1
8928 1
8929 1
8930 1
8931 0
8932 2
8933 1
8934 0
8935 1
8936 1
8937 1
8938 1
8939 1
8940 1
8941 0
8942 0
8943 1
8944 1
8945 0
8946 1
8947 0
8948 1
8949 1
8950 0
8951 1
8952 1
8953 0
8954 1
8955 1
8956 1
8957 0
8958 1
8959 1
8960 1
8961 0
8962 1
8963 1
8964 1
8965 0
8966 0
8967 0
8968 1
8969 1
8970 0
8971 0
8972 1
8973 0
8974 2
8975 1
8976 0
8977 0
8978 1
8979 0
8980 0
8981 1
8982 0
8983 1
8984 1
8985 2
8986 0
8987 0
8988 0
8989 0
8990 0
8991 1
8992 1
8993 1
8994 0
8995 0
8996 0
8997 1
8998 1
8999 0
9000 0
9001 2
9002 0
9003 1
9004 0
9005 1
9006 2
9007 1
9008 0
9009 1
9010 1
9011 0
9012 1
9013 1
9014 0
9015 0
9016 1
9017 1
9018 0
9019 1
9020 1
9021 0
9022 1
9023 1
9024 1
9025 0
9026 1
9027 1
9028 1
9029 1
9030 1
9031 1
9032 1
9033 1
9034 2
9035 1
9036 0
9037 1
9038 2
9039 1
9040 0
9041 0
9042 0
9043 0
9044 1
9045 2
9046 0
9047 1
9048 1
9049 1
9050 0
9051 2
9052 1
9053 1
9054 1
9055 1
9056 0
9057 0
9058 0
9059 1
9060 1
9061 1
9062 0
9063 0
9064 1
9065 0
9066 1
9067 0
9068 1
9069 0
9070 1
9071 1
9072 1
9073 0
9074 2
9075 1
9076 1
9077 0
9078 1
9079 1
9080 1
9081 1
9082 2
9083 1
9084 1
9085 0
9086 1
9087 1
9088 0
9089 0
9090 1
9091 0
9092 1
9093 1
9094 0
9095 0
9096 1
9097 0
9098 2
9099 1
9100 0
9101 1
9102 1
9103 1
9104 2
9105 0
9106 1
9107 1
9108 2
9109 0
9110 0
9111 0
9112 0
9113 1
9114 1
9115 0
9116 0
9117 0
9118 1
9119 0
9120 1
9121 0
9122 1
9123 1
9124 0
9125 1
9126 1
9127 0
9128 0
9129 1
9130 1
9131 0
9132 1
9133 0
9134 1
9135 1
9136 1
9137 1
9138 1
9139 1
9140 1
9141 2
9142 1
9143 0
9144 1
9145 1
9146 0
9147 1
9148 0
9149 1
9150 0
9151 1
9152 1
9153 0
9154 1
9155 0
9156 1
9157 1
9158 1
9159 1
9160 0
9161 1
9162 0
9163 1
9164 1
9165 0
9166 0
9167 1
9168 1
9169 0
9170 1
9171 0
9172 1
9173 1
9174 1
9175 0
9176 1
9177 0
9178 1
9179 1
9180 1
9181 0
9182 0
9183 1
9184 0
9185 1
9186 0
9187 1
9188 1
9189 1
9190 0
9191 1
9192 0
9193 0
9194 1
9195 1
9196 1
9197 0
9198 1
9199 1
9200 1
9201 1
9202 1
9203 0
9204 0
9205 1
9206 0
9207 0
9208 0
9209 0
9210 1
9211 1
9212 0
9213 0
9214 0
9215 1
9216 0
9217 1
9218 1
9219 0
9220 1
9221 0
9222 1
9223 1
9224 1
9225 1
9226 1
9227 0
9228 0
9229 0
9230 2
9231 1
9232 1
9233 1
9234 0
9235 0
9236 0
9237 0
9238 0
9239 0
9240 1
9241 1
9242 1
9243 1
9244 1
9245 1
9246 2
9247 0
9248 1
9249 1
9250 1
9251 1
9252 1
9253 2
9254 0
9255 0
9256 0
9257 0
9258 1
9259 0
9260 1
9261 0
9262 1
9263 1
9264 0
9265 1
9266 0
9267 1
9268 0
9269 1
9270 1
9271 0
9272 0
9273 2
9274 1
9275 1
9276 1
9277 1
9278 1
9279 0
9280 1
9281 1
9282 0
9283 1
9284 1
9285 1
9286 2
9287 0
9288 0
9289 0
9290 0
9291 1
9292 1
9293 1
9294 0
9295 1
9296 1
9297 0
9298 0
9299 1
9300 0
9301 1
9302 1
9303 1
9304 1
9305 1
9306 0
9307 1
9308 1
9309 0
9310 1
9311 0
9312 1
9313 1
9314 1
9315 1
9316 1
9317 0
9318 1
9319 0
9320 0
9321 1
9322 0
9323 0
9324 1
9325 0
9326 0
9327 1
9328 0
9329 1
9330 1
9331 0
9332 1
9333 1
9334 1
9335 1
9336 1
9337 1
9338 1
9339 1
9340 2
9341 0
9342 0
9343 0
9344 0
9345 1
9346 1
9347 0
9348 1
9349 0
9350 1
9351 1
9352 0
9353 1
9354 0
9355 1
9356 1
9357 1
9358 1
9359 1
9360 2
9361 1
9362 1
9363 2
9364 1
9365 1
9366 0
9367 1
9368 0
9369 0
9370 2
9371 0
9372 1
9373 2
9374 0
9375 1
9376 1
9377 0
9378 1
9379 1
9380 1
9381 0
9382 0
9383 0
9384 1
9385 0
9386 0
9387 1
9388 1
9389 0
9390 0
9391 0
9392 1
9393 1
9394 0
9395 2
9396 1
9397 1
9398 0
9399 1
9400 1
9401 1
9402 1
9403 1
9404 0
9405 1
9406 0
9407 1
9408 0
9409 0
9410 1
9411 1
9412 0
9413 1
9414 1
9415 1
9416 1
9417 1
9418 1
9419 0
9420 1
9421 1
9422 2
9423 1
9424 0
9425 0
9426 1
9427 0
9428 0
9429 1
9430 1
9431 1
9432 1
9433 0
9434 0
9435 1
9436 1
9437 1
9438 2
9439 1
9440 1
9441 0
9442 0
9443 0
9444 1
9445 1
9446 1
9447 0
9448 0
9449 1
9450 2
9451 1
9452 0
9453 0
9454 1
9455 1
9456 1
9457 2
9458 2
9459 2
9460 0
9461 0
9462 0
9463 1
9464 1
9465 0
9466 0
9467 1
9468 0
9469 0
9470 0
9471 0
9472 1
9473 1
9474 1
9475 1
9476 0
9477 1
9478 0
9479 1
9480 1
9481 0
9482 0
9483 0
9484 0
9485 1
9486 1
9487 1
9488 1
9489 1
9490 0
9491 1
9492 0
9493 0
9494 1
9495 1
9496 2
9497 0
9498 0
9499 1
9500 1
9501 1
9502 0
9503 0
9504 0
9505 0
9506 0
9507 1
9508 1
9509 2
9510 1
9511 0
9512 3
9513 1
9514 0
9515 1
9516 1
9517 2
9518 1
9519 1
9520 1
9521 0
9522 1
9523 0
9524 0
9525 0
9526 1
9527 1
9528 1
9529 0
9530 1
9531 1
9532 1
9533 1
9534 2
9535 1
9536 1
9537 1
9538 2
9539 1
9540 1
9541 1
9542 0
9543 1
9544 1
9545 0
9546 1
9547 1
9548 1
9549 0
9550 1
9551 1
9552 0
9553 1
9554 1
9555 1
9556 1
9557 1
9558 0
9559 0
9560 0
9561 1
9562 2
9563 0
9564 1
9565 0
9566 0
9567 1
9568 2
9569 1
9570 1
9571 0
9572 0
9573 1
9574 1
9575 0
9576 0
9577 0
9578 0
9579 1
9580 1
9581 1
9582 1
9583 1
9584 0
9585 1
9586 1
9587 1
9588 2
9589 1
9590 1
9591 1
9592 0
9593 1
9594 0
9595 1
9596 1
9597 1
9598 0
9599 2
9600 0
9601 1
9602 0
9603 0
9604 0
9605 0
9606 0
9607 0
9608 1
9609 0
9610 1
9611 0
9612 0
9613 0
9614 1
9615 1
9616 0
9617 0
9618 1
9619 0
9620 0
9621 0
9622 2
9623 1
9624 1
9625 1
9626 1
9627 0
9628 0
9629 0
9630 0
9631 0
9632 1
9633 1
9634 1
9635 0
9636 0
9637 0
9638 0
9639 1
9640 1
9641 1
9642 2
9643 1
9644 0
9645 1
9646 1
9647 0
9648 1
9649 0
9650 1
9651 1
9652 0
9653 1
9654 1
9655 1
9656 1
9657 0
9658 1
9659 2
9660 0
9661 0
9662 0
9663 0
9664 0
9665 1
9666 2
9667 1
9668 1
9669 1
9670 0
9671 1
9672 1
9673 2
9674 1
9675 0
9676 0
9677 1
9678 0
9679 1
9680 0
9681 1
9682 1
9683 1
9684 0
9685 0
9686 1
9687 1
9688 1
9689 0
9690 0
9691 0
9692 0
9693 1
9694 0
9695 1
9696 1
9697 1
9698 1
9699 0
9700 1
9701 1
9702 1
9703 1
9704 1
9705 1
9706 0
9707 0
9708 1
9709 2
9710 1
9711 1
9712 1
9713 1
9714 0
9715 0
9716 1
9717 1
9718 0
9719 0
9720 0
9721 0
9722 0
9723 1
9724 2
9725 0
9726 1
9727 0
9728 1
9729 0
9730 1
9731 1
9732 0
9733 0
9734 1
9735 1
9736 1
9737 1
9738 1
9739 1
9740 2
9741 0
9742 1
9743 0
9744 1
9745 0
9746 0
9747 0
9748 2
9749 0
9750 0
9751 0
9752 1
9753 0
9754 0
9755 0
9756 1
9757 1
9758 1
9759 1
9760 1
9761 1
9762 0
9763 1
9764 1
9765 0
9766 1
9767 0
9768 1
9769 0
9770 1
9771 0
9772 1
9773 0
9774 0
9775 0
9776 1
9777 1
9778 1
9779 1
9780 1
9781 1
9782 1
9783 0
9784 0
9785 0
9786 0
9787 1
9788 1
9789 1
9790 1
9791 0
9792 0
9793 1
9794 0
9795 1
9796 0
9797 0
9798 1
9799 1
9800 2
9801 0
9802 0
9803 2
9804 0
9805 0
9806 0
9807 1
9808 1
9809 1
9810 0
9811 2
9812 0
9813 1
9814 0
9815 1
9816 1
9817 0
9818 2
9819 1
9820 1
9821 2
9822 1
9823 2
9824 0
9825 1
9826 1
9827 1
9828 1
9829 0
9830 0
9831 1
9832 1
9833 1
9834 1
9835 1
9836 1
9837 1
9838 0
9839 0
9840 2
9841 0
9842 0
9843 1
9844 0
9845 1
9846 1
9847 1
9848 0
9849 0
9850 0
9851 0
9852 0
9853 0
9854 0
9855 1
9856 1
9857 0
9858 0
9859 2
9860 2
9861 1
9862 0
9863 0
9864 0
9865 2
9866 0
9867 1
9868 1
9869 0
9870 0
9871 0
9872 2
9873 0
9874 0
9875 1
9876 0
9877 1
9878 1
9879 0
9880 0
9881 0
9882 1
9883 0
9884 1
9885 0
9886 1
9887 0
9888 1
9889 1
9890 0
9891 1
9892 1
9893 1
9894 0
9895 0
9896 0
9897 0
9898 1
9899 0
9900 1
9901 1
9902 0
9903 0
9904 1
9905 1
9906 1
9907 1
9908 0
9909 0
9910 0
9911 0
9912 1
9913 0
9914 0
9915 1
9916 1
9917 0
9918 1
9919 1
9920 0
9921 2
9922 0
9923 0
9924 1
9925 2
9926 1
9927 2
9928 1
9929 2
9930 1
9931 1
9932 1
9933 1
9934 0
9935 1
9936 1
9937 1
9938 1
9939 1
9940 1
9941 2
9942 1
9943 1
9944 1
9945 1
9946 1
9947 1
9948 1
9949 1
9950 1
9951 1
9952 1
9953 1
9954 0
9955 1
9956 1
9957 2
9958 1
9959 0
9960 1
9961 0
9962 0
9963 0
9964 1
9965 0
9966 1
9967 0
9968 1
9969 1
9970 1
9971 0
9972 1
9973 1
9974 1
9975 1
9976 1
9977 0
9978 1
9979 1
9980 1
9981 1
9982 1
9983 1
9984 1
9985 1
9986 1
9987 2
9988 1
9989 0
9990 0
9991 1
9992 1
9993 1
9994 1
9995 0
9996 0
9997 1
9998 1
9999 1
10000 2
10001 1
