1 0
2 0
3 0
4 0
5 0
6 0
7 1
8 1
9 0
10 0
11 0
12 0
13 0
14 0
15 1
16 0
17 0
18 0
19 0
20 0
21 0
22 0
23 1
24 0
25 0
26 0
27 1
28 0
29 0
30 0
31 0
32 0
33 0
34 1
35 0
36 0
37 0
38 1
39 0
40 0
41 0
42 0
43 0
44 0
45 0
46 0
47 1
48 0
49 0
50 0
51 1
52 0
53 1
54 1
55 0
56 0
57 1
58 1
59 1
60 0
61 1
62 1
63 2
64 2
65 1
66 2
67 2
68 1
69 1
70 2
71 2
72 0
73 1
74 2
75 2
76 1
77 0
78 2
79 1
80 0
81 0
82 2
83 1
84 2
85 2
86 0
87 2
88 2
89 1
90 2
91 2
92 2
93 1
94 1
95 2
96 1
97 2
98 1
99 1
100 0
101 1
102 2
103 1
104 0
105 2
106 0
107 1
108 0
109 1
110 0
111 1
112 2
113 1
114 0
115 1
116 2
117 2
118 1
119 0
120 2
121 2
122 2
123 1
124 1
125 2
126 1
127 1
128 1
129 2
130 1
131 1
132 2
133 2
134 1
135 0
136 1
137 0
138 1
139 1
140 1
141 1
142 2
143 2
144 2
145 2
146 1
147 1
148 2
149 2
150 1
151 0
152 1
153 2
154 1
155 1
156 1
157 2
158 1
159 1
160 2
161 2
162 2
163 0
164 3
165 0
166 2
167 1
168 2
169 2
170 1
171 2
172 0
173 2
174 3
175 1
176 2
177 1
178 0
179 2
180 2
181 0
182 1
183 1
184 1
185 2
186 0
187 1
188 1
189 2
190 2
191 2
192 1
193 1
194 1
195 1
196 1
197 2
198 1
199 1
200 0
201 1
202 2
203 0
204 1
205 1
206 3
207 0
208 2
209 1
210 0
211 1
212 2
213 1
214 1
215 3
216 1
217 1
218 1
219 2
220 1
221 2
222 1
223 2
224 0
225 0
226 1
227 2
228 0
229 1
230 2
231 2
232 2
233 1
234 2
235 1
236 2
237 1
238 2
239 1
240 2
241 1
242 1
243 2
244 1
245 2
246 2
247 1
248 0
249 0
250 0
251 1
252 0
253 2
254 1
255 0
256 1
257 1
258 1
259 0
260 0
261 1
262 0
263 0
264 0
265 1
266 1
267 0
268 1
269 0
270 0
271 1
272 0
273 1
274 1
275 0
276 0
277 1
278 0
279 0
280 2
281 1
282 0
283 0
284 0
285 0
286 1
287 1
288 0
289 1
290 0
291 1
292 0
293 0
294 2
295 1
296 1
297 1
298 0
299 2
300 1
301 1
302 1
303 0
304 0
305 1
306 1
307 0
308 1
309 0
310 0
311 0
312 1
313 0
314 0
315 0
316 0
317 0
318 0
319 1
320 1
321 0
322 0
323 0
324 0
325 0
326 0
327 0
328 0
329 1
330 0
331 1
332 0
333 0
334 1
335 0
336 0
337 0
338 1
339 0
340 1
341 1
342 1
343 1
344 0
345 1
346 1
347 1
348 1
349 1
350 1
351 1
352 1
353 1
354 0
355 1
356 1
357 2
358 1
359 1
360 1
361 1
362 1
363 0
364 0
365 0
366 1
367 0
368 1
369 1
370 0
371 0
372 1
373 0
374 0
375 1
376 0
377 0
378 0
379 0
380 0
381 1
382 0
383 1
384 1
385 0
386 0
387 0
388 0
389 0
390 1
391 0
392 0
393 1
394 1
395 1
396 0
397 1
398 1
399 0
400 1
401 1
402 0
403 0
404 0
405 0
406 1
407 1
408 1
409 1
410 1
411 0
412 1
413 0
414 0
415 0
416 0
417 0
418 0
419 0
420 0
421 0
422 0
423 1
424 0
425 0
426 0
427 0
428 1
429 1
430 0
431 1
432 1
433 0
434 1
435 1
436 1
437 1
438 0
439 1
440 1
441 1
442 1
443 1
444 0
445 0
446 1
447 0
448 1
449 1
450 1
451 1
452 0
453 0
454 0
455 1
456 0
457 0
458 1
459 1
460 0
461 1
462 1
463 1
464 0
465 0
466 0
467 0
468 0
469 0
470 0
471 1
472 1
473 1
474 1
475 1
476 1
477 1
478 0
479 1
480 1
481 0
482 0
483 1
484 1
485 1
486 1
487 1
488 0
489 0
490 1
491 1
492 1
493 1
494 1
495 1
496 0
497 1
498 1
499 0
500 0
501 1
502 1
503 0
504 0
505 0
506 0
507 0
508 1
509 1
510 1
511 0
512 0
513 0
514 2
515 0
516 0
517 1
518 0
519 0
520 1
521 1
522 0
523 0
524 0
525 0
526 0
527 0
528 0
529 0
530 1
531 2
532 2
533 1
534 1
535 1
536 1
537 0
538 0
539 0
540 1
541 1
542 1
543 1
544 0
545 0
546 0
547 0
548 0
549 1
550 0
551 0
552 0
553 1
554 1
555 1
556 1
557 0
558 1
559 0
560 1
561 0
562 0
563 0
564 0
565 0
566 1
567 1
568 0
569 1
570 1
571 0
572 1
573 0
574 1
575 1
576 1
577 1
578 1
579 1
580 0
581 1
582 0
583 0
584 1
585 1
586 1
587 1
588 0
589 1
590 1
591 1
592 0
593 0
594 1
595 0
596 1
597 0
598 1
599 1
600 1
601 0
602 1
603 1
604 0
605 0
606 0
607 0
608 0
609 1
610 0
611 0
612 0
613 0
614 0
615 0
616 0
617 0
618 0
619 0
620 0
621 0
622 0
623 0
624 1
625 1
626 0
627 0
628 1
629 1
630 0
631 1
632 1
633 1
634 1
635 0
636 1
637 1
638 1
639 1
640 0
641 1
642 0
643 1
644 1
645 0
646 0
647 0
648 1
649 1
650 1
651 0
652 0
653 0
654 1
655 0
656 1
657 1
658 1
659 0
660 1
661 2
662 1
663 1
664 1
665 1
666 1
667 0
668 0
669 0
670 1
671 1
672 1
673 1
674 0
675 1
676 0
677 1
678 0
679 1
680 0
681 0
682 0
683 1
684 0
685 2
686 1
687 1
688 0
689 1
690 1
691 1
692 2
693 2
694 1
695 2
696 1
697 1
698 0
699 1
700 1
701 1
702 1
703 1
704 2
705 1
706 2
707 2
708 1
709 2
710 1
711 1
712 0
713 0
714 2
715 1
716 1
717 2
718 2
719 1
720 1
721 1
722 0
723 2
724 2
725 1
726 1
727 2
728 1
729 1
730 0
731 2
732 2
733 1
734 2
735 1
736 1
737 1
738 2
739 1
740 3
741 2
742 1
743 1
744 1
745 0
746 1
747 2
748 0
749 2
750 1
751 2
752 1
753 1
754 1
755 1
756 1
757 2
758 2
759 1
760 1
761 0
762 1
763 2
764 3
765 0
766 2
767 1
768 0
769 2
770 2
771 2
772 2
773 1
774 0
775 0
776 1
777 3
778 2
779 1
780 1
781 0
782 2
783 2
784 2
785 2
786 0
787 2
788 1
789 2
790 2
791 0
792 1
793 1
794 1
795 0
796 0
797 1
798 0
799 0
800 0
801 0
802 0
803 0
804 0
805 0
806 0
807 1
808 0
809 0
810 0
811 1
812 0
813 0
814 0
815 1
816 0
817 1
818 0
819 1
820 0
821 0
822 0
823 0
824 0
825 1
826 0
827 1
828 1
829 1
830 0
831 0
832 0
833 0
834 0
835 0
836 0
837 0
838 0
839 0
840 1
841 0
842 1
843 1
844 0
845 0
846 1
847 0
848 1
849 1
850 0
851 0
852 0
853 0
854 1
855 1
856 0
857 1
858 0
859 0
860 0
861 0
862 0
863 1
864 0
865 0
866 1
867 0
868 0
869 0
870 0
871 0
872 0
873 0
874 0
875 0
876 0
877 0
878 0
879 0
880 1
881 0
882 0
883 0
884 1
885 0
886 0
887 1
888 0
889 0
890 0
891 0
892 0
893 0
894 0
895 0
896 0
897 0
898 0
899 1
900 0
901 0
902 0
903 0
904 0
905 0
906 0
907 0
908 0
909 0
910 0
911 0
912 0
913 0
914 0
915 0
916 0
917 0
918 0
919 0
920 0
921 0
922 0
923 0
924 1
925 0
926 0
927 0
928 0
929 1
930 0
931 1
932 0
933 1
934 0
935 1
936 0
937 1
938 0
939 0
940 1
941 0
942 0
943 1
944 0
945 0
946 0
947 1
948 0
949 0
950 1
951 1
952 0
953 0
954 0
955 0
956 0
957 0
958 1
959 0
960 0
961 0
962 0
963 0
964 0
965 0
966 0
967 0
968 0
969 1
970 1
971 1
972 0
973 0
974 0
975 0
976 0
977 0
978 0
979 0
980 1
981 0
982 0
983 0
984 1
985 0
986 0
987 0
988 0
989 0
990 0
991 0
992 1
993 0
994 0
995 0
996 1
997 0
998 0
999 1
1000 1
1001 1
1002 0
1003 1
1004 0
1005 0
1006 1
1007 0
1008 0
1009 0
1010 0
1011 0
1012 1
1013 1
1014 0
1015 0
1016 0
1017 1
1018 1
1019 0
1020 1
1021 0
1022 1
1023 1
1024 1
1025 0
1026 1
1027 1
1028 1
1029 1
1030 0
1031 1
1032 1
1033 0
1034 0
1035 0
1036 0
1037 1
1038 0
1039 1
1040 0
1041 0
1042 0
1043 0
1044 0
1045 0
1046 0
1047 0
1048 0
1049 0
1050 0
1051 0
1052 0
1053 0
1054 1
1055 0
1056 0
1057 0
1058 1
1059 0
1060 1
1061 0
1062 0
1063 1
1064 0
1065 0
1066 1
1067 1
1068 0
1069 0
1070 0
1071 0
1072 1
1073 0
1074 1
1075 0
1076 1
1077 0
1078 1
1079 0
1080 1
1081 1
1082 0
1083 1
1084 1
1085 0
1086 0
1087 0
1088 1
1089 0
1090 1
1091 0
1092 1
1093 1
1094 0
1095 0
1096 1
1097 1
1098 1
1099 1
1100 0
1101 0
1102 0
1103 1
1104 1
1105 0
1106 0
1107 0
1108 1
1109 0
1110 1
1111 1
1112 1
1113 0
1114 0
1115 1
1116 1
1117 1
1118 0
1119 1
1120 1
1121 0
1122 0
1123 0
1124 1
1125 0
1126 0
1127 0
1128 0
1129 0
1130 0
1131 0
1132 0
1133 0
1134 0
1135 0
1136 0
1137 0
1138 1
1139 0
1140 0
1141 0
1142 0
1143 0
1144 0
1145 0
1146 0
1147 0
1148 0
1149 1
1150 0
1151 0
1152 0
1153 0
1154 0
1155 0
1156 0
1157 0
1158 0
1159 0
1160 0
1161 0
1162 0
1163 0
1164 0
1165 0
1166 0
1167 0
1168 1
1169 1
1170 1
1171 0
1172 0
1173 1
1174 1
1175 0
1176 0
1177 1
1178 0
1179 1
1180 1
1181 1
1182 1
1183 0
1184 1
1185 0
1186 1
1187 1
1188 0
1189 1
1190 1
1191 1
1192 1
1193 0
1194 0
1195 0
1196 0
1197 0
1198 0
1199 0
1200 1
1201 0
1202 0
1203 1
1204 1
1205 0
1206 1
1207 1
1208 1
1209 1
1210 1
1211 0
1212 0
1213 0
1214 1
1215 1
1216 0
1217 1
1218 0
1219 1
1220 1
1221 0
1222 0
1223 1
1224 1
1225 1
1226 0
1227 1
1228 0
1229 1
1230 0
1231 0
1232 0
1233 0
1234 0
1235 1
1236 0
1237 0
1238 1
1239 0
1240 0
1241 0
1242 1
1243 0
1244 0
1245 1
1246 0
1247 0
1248 0
1249 1
1250 1
1251 1
1252 0
1253 0
1254 1
1255 0
1256 1
1257 0
1258 0
1259 0
1260 0
1261 0
1262 0
1263 1
1264 0
1265 0
1266 1
1267 0
1268 0
1269 0
1270 0
1271 0
1272 0
1273 1
1274 0
1275 0
1276 0
1277 1
1278 0
1279 0
1280 1
1281 0
1282 0
1283 0
1284 0
1285 1
1286 0
1287 0
1288 0
1289 0
1290 0
1291 0
1292 0
1293 1
1294 0
1295 0
1296 0
1297 0
1298 0
1299 1
1300 0
1301 1
1302 1
1303 0
1304 0
1305 0
1306 0
1307 0
1308 1
1309 1
1310 0
1311 1
1312 0
1313 0
1314 0
1315 0
1316 0
1317 0
1318 0
1319 0
1320 1
1321 0
1322 0
1323 0
1324 0
1325 0
1326 0
1327 1
1328 0
1329 0
1330 0
1331 1
1332 0
1333 0
1334 1
1335 0
1336 0
1337 0
1338 0
1339 1
1340 1
1341 1
1342 0
1343 1
1344 1
1345 0
1346 0
1347 1
1348 1
1349 1
1350 1
1351 0
1352 0
1353 0
1354 0
1355 0
1356 0
1357 0
1358 0
1359 0
1360 0
1361 0
1362 0
1363 0
1364 0
1365 0
1366 0
1367 0
1368 0
1369 0
1370 0
1371 0
1372 0
1373 0
1374 0
1375 0
1376 0
1377 1
1378 0
1379 0
1380 0
1381 0
1382 0
1383 0
1384 0
1385 0
1386 0
1387 0
1388 0
1389 0
1390 0
1391 0
1392 1
1393 1
1394 0
1395 1
1396 0
1397 0
1398 0
1399 0
1400 0
1401 0
1402 0
1403 0
1404 0
1405 0
1406 0
1407 0
1408 0
1409 0
1410 1
1411 0
1412 0
1413 0
1414 0
1415 1
1416 0
1417 0
1418 1
1419 0
1420 0
1421 1
1422 0
1423 1
1424 0
1425 0
1426 0
1427 0
1428 0
1429 0
1430 1
1431 0
1432 0
1433 0
1434 0
1435 0
1436 0
1437 0
1438 1
1439 0
1440 0
1441 1
1442 0
1443 0
1444 1
1445 0
1446 1
1447 0
1448 0
1449 0
1450 0
1451 0
1452 0
1453 0
1454 1
1455 0
1456 0
1457 1
1458 0
1459 0
1460 0
1461 1
1462 0
1463 1
1464 0
1465 0
1466 1
1467 1
1468 0
1469 0
1470 0
1471 0
1472 1
1473 0
1474 0
1475 0
1476 0
1477 0
1478 0
1479 0
1480 0
1481 0
1482 1
1483 1
1484 0
1485 1
1486 0
1487 0
1488 0
1489 1
1490 0
1491 0
1492 0
1493 1
1494 0
1495 0
1496 1
1497 1
1498 1
1499 0
1500 0
1501 0
1502 0
1503 0
1504 0
1505 0
1506 0
1507 1
1508 0
1509 0
1510 0
1511 0
1512 1
1513 0
1514 1
1515 0
1516 1
1517 0
1518 0
1519 1
1520 0
1521 0
1522 1
1523 0
1524 0
1525 0
1526 2
1527 1
1528 1
1529 0
1530 2
1531 0
1532 1
1533 2
1534 1
1535 0
1536 0
1537 0
1538 1
1539 1
1540 0
1541 0
1542 1
1543 1
1544 1
1545 0
1546 0
1547 0
1548 0
1549 0
1550 0
1551 0
1552 0
1553 0
1554 1
1555 1
1556 1
1557 1
1558 0
1559 0
1560 0
1561 0
1562 0
1563 0
1564 0
1565 0
1566 0
1567 0
1568 0
1569 0
1570 0
1571 0
1572 0
1573 0
1574 0
1575 0
1576 0
1577 0
1578 1
1579 1
1580 1
1581 0
1582 1
1583 0
1584 1
1585 0
1586 0
1587 0
1588 2
1589 1
1590 2
1591 1
1592 2
1593 2
1594 1
1595 1
1596 1
1597 1
1598 1
1599 2
1600 1
1601 1
1602 2
1603 2
1604 1
1605 2
1606 0
1607 2
1608 1
1609 1
1610 1
1611 0
1612 3
1613 0
1614 2
1615 0
1616 2
1617 1
1618 2
1619 1
1620 1
1621 1
1622 2
1623 0
1624 2
1625 1
1626 2
1627 1
1628 1
1629 1
1630 2
1631 2
1632 1
1633 1
1634 1
1635 1
1636 2
1637 0
1638 1
1639 0
1640 2
1641 1
1642 0
1643 1
1644 0
1645 1
1646 1
1647 1
1648 1
1649 2
1650 1
1651 1
1652 1
1653 2
1654 0
1655 0
1656 1
1657 0
1658 2
1659 1
1660 0
1661 0
1662 1
1663 0
1664 1
1665 1
1666 0
1667 1
1668 1
1669 1
1670 0
1671 1
1672 2
1673 2
1674 1
1675 0
1676 0
1677 1
1678 1
1679 0
1680 2
1681 1
1682 0
1683 1
1684 0
1685 1
1686 0
1687 1
1688 2
1689 0
1690 1
1691 1
1692 2
1693 2
1694 0
1695 2
1696 1
1697 1
1698 2
1699 2
1700 1
1701 2
1702 0
1703 1
1704 1
1705 2
1706 1
1707 2
1708 2
1709 2
1710 2
1711 1
1712 2
1713 1
1714 0
1715 0
1716 1
1717 1
1718 1
1719 1
1720 0
1721 0
1722 1
1723 2
1724 2
1725 2
1726 2
1727 1
1728 1
1729 1
1730 2
1731 2
1732 2
1733 2
1734 1
1735 0
1736 1
1737 1
1738 1
1739 3
1740 1
1741 1
1742 1
1743 0
1744 1
1745 1
1746 2
1747 0
1748 1
1749 1
1750 1
1751 2
1752 1
1753 1
1754 1
1755 2
1756 0
1757 2
1758 1
1759 2
1760 0
1761 1
1762 1
1763 2
1764 1
1765 1
1766 1
1767 2
1768 1
1769 2
1770 1
1771 2
1772 2
1773 1
1774 0
1775 1
1776 1
1777 1
1778 2
1779 0
1780 2
1781 0
1782 1
1783 1
1784 1
1785 1
1786 1
1787 1
1788 1
1789 1
1790 1
1791 1
1792 0
1793 1
1794 2
1795 0
1796 1
1797 1
1798 2
1799 1
1800 1
1801 2
1802 1
1803 2
1804 1
1805 1
1806 1
1807 0
1808 1
1809 2
1810 1
1811 1
1812 2
1813 3
1814 1
1815 2
1816 0
1817 2
1818 2
1819 0
1820 1
1821 2
1822 3
1823 1
1824 1
1825 1
1826 1
1827 1
1828 0
1829 1
1830 1
1831 2
1832 1
1833 2
1834 1
1835 1
1836 1
1837 1
1838 0
1839 2
1840 1
1841 1
1842 1
1843 0
1844 2
1845 1
1846 1
1847 1
1848 2
1849 0
1850 2
1851 0
1852 1
1853 0
1854 1
1855 1
1856 1
1857 1
1858 2
1859 2
1860 1
1861 0
1862 1
1863 0
1864 2
1865 1
1866 1
1867 1
1868 1
1869 0
1870 1
1871 1
1872 2
1873 1
1874 1
1875 1
1876 2
1877 2
1878 1
1879 1
1880 1
1881 0
1882 1
1883 1
1884 1
1885 2
1886 2
1887 1
1888 1
1889 1
1890 2
1891 1
1892 0
1893 1
1894 1
1895 1
1896 2
1897 1
1898 2
1899 2
1900 2
1901 2
1902 1
1903 2
1904 0
1905 1
1906 1
1907 0
1908 1
1909 0
1910 1
1911 0
1912 0
1913 0
1914 1
1915 0
1916 0
1917 1
1918 0
1919 0
1920 0
1921 1
1922 0
1923 1
1924 1
1925 1
1926 0
1927 0
1928 0
1929 0
1930 0
1931 0
1932 0
1933 0
1934 1
1935 1
1936 0
1937 0
1938 0
1939 0
1940 0
1941 1
1942 1
1943 0
1944 0
1945 0
1946 1
1947 1
1948 1
1949 0
1950 0
1951 0
1952 0
1953 0
1954 1
1955 1
1956 1
1957 0
1958 2
1959 1
1960 2
1961 1
1962 1
1963 0
1964 1
1965 1
1966 2
1967 1
1968 1
1969 1
1970 2
1971 1
1972 1
1973 2
1974 1
1975 1
1976 1
1977 2
1978 2
1979 1
1980 1
1981 2
1982 1
1983 2
1984 0
1985 3
1986 2
1987 2
1988 1
1989 2
1990 0
1991 3
1992 1
1993 2
1994 1
1995 1
1996 1
1997 1
1998 1
1999 2
2000 0
2001 2
2002 2
2003 2
2004 1
2005 1
2006 0
2007 1
2008 1
2009 2
2010 1
2011 1
2012 2
2013 1
2014 2
2015 2
2016 1
2017 1
2018 1
2019 1
2020 2
2021 1
2022 1
2023 1
2024 1
2025 2
2026 1
2027 1
2028 1
2029 1
2030 1
2031 0
2032 0
2033 0
2034 0
2035 0
2036 0
2037 0
2038 0
2039 0
2040 0
2041 0
2042 0
2043 0
2044 0
2045 0
2046 0
2047 0
2048 0
2049 1
2050 0
2051 0
2052 0
2053 0
2054 0
2055 0
2056 1
2057 1
2058 0
2059 0
2060 0
2061 0
2062 0
2063 0
2064 1
2065 0
2066 1
2067 1
2068 0
2069 2
2070 1
2071 1
2072 1
2073 0
2074 0
2075 1
2076 1
2077 1
2078 1
2079 0
2080 1
2081 0
2082 1
2083 1
2084 0
2085 0
2086 0
2087 0
2088 1
2089 1
2090 1
2091 1
2092 1
2093 1
2094 0
2095 0
2096 1
2097 0
2098 1
2099 1
2100 1
2101 1
2102 1
2103 0
2104 0
2105 1
2106 0
2107 0
2108 0
2109 0
2110 0
2111 0
2112 0
2113 0
2114 0
2115 0
2116 0
2117 0
2118 1
2119 0
2120 0
2121 0
2122 1
2123 1
2124 0
2125 0
2126 1
2127 0
2128 0
2129 0
2130 0
2131 0
2132 0
2133 1
2134 0
2135 0
2136 0
2137 1
2138 0
2139 0
2140 0
2141 0
2142 1
2143 1
2144 0
2145 0
2146 1
2147 0
2148 0
2149 0
2150 1
2151 0
2152 0
2153 1
2154 0
2155 1
2156 0
2157 0
2158 0
2159 0
2160 1
2161 0
2162 0
2163 0
2164 0
2165 0
2166 0
2167 1
2168 0
2169 0
2170 1
2171 2
2172 0
2173 0
2174 1
2175 0
2176 0
2177 0
2178 0
2179 1
2180 0
2181 0
2182 0
2183 1
2184 1
2185 0
2186 1
2187 1
2188 0
2189 0
2190 1
2191 1
2192 0
2193 0
2194 1
2195 0
2196 1
2197 0
2198 0
2199 0
2200 0
2201 0
2202 1
2203 1
2204 1
2205 0
2206 1
2207 1
2208 0
2209 0
2210 1
2211 1
2212 1
2213 0
2214 0
2215 0
2216 0
2217 0
2218 0
2219 1
2220 1
2221 0
2222 0
2223 1
2224 1
2225 0
2226 0
2227 1
2228 0
2229 0
2230 2
2231 2
2232 2
2233 3
2234 1
2235 1
2236 1
2237 1
2238 2
2239 1
2240 1
2241 1
2242 1
2243 2
2244 1
2245 1
2246 1
2247 2
2248 1
2249 1
2250 1
2251 1
2252 0
2253 1
2254 0
2255 1
2256 1
2257 1
2258 0
2259 1
2260 2
2261 1
2262 1
2263 0
2264 0
2265 1
2266 0
2267 0
2268 1
2269 1
2270 0
2271 1
2272 0
2273 1
2274 0
2275 1
2276 0
2277 2
2278 1
2279 1
2280 0
2281 1
2282 1
2283 1
2284 2
2285 1
2286 1
2287 1
2288 1
2289 2
2290 2
2291 1
2292 1
2293 2
2294 1
2295 0
2296 2
2297 0
2298 2
2299 1
2300 1
2301 1
2302 0
2303 1
2304 0
2305 0
2306 2
2307 3
2308 1
2309 1
2310 1
2311 1
2312 2
2313 0
2314 1
2315 0
2316 2
2317 2
2318 2
2319 1
2320 1
2321 1
2322 1
2323 0
2324 2
2325 1
2326 1
2327 1
2328 1
2329 1
2330 0
2331 2
2332 2
2333 1
2334 1
2335 1
2336 2
2337 1
2338 0
2339 2
2340 2
2341 2
2342 1
2343 2
2344 1
2345 2
2346 1
2347 1
2348 1
2349 1
2350 2
2351 1
2352 1
2353 1
2354 1
2355 0
2356 0
2357 1
2358 1
2359 1
2360 1
2361 2
2362 2
2363 2
2364 1
2365 2
2366 1
2367 1
2368 0
2369 1
2370 1
2371 1
2372 2
2373 1
2374 1
2375 1
2376 1
2377 2
2378 2
2379 2
2380 1
2381 1
2382 1
2383 2
2384 1
2385 2
2386 0
2387 0
2388 0
2389 1
2390 1
2391 0
2392 1
2393 0
2394 0
2395 1
2396 1
2397 0
2398 0
2399 0
2400 1
2401 1
2402 0
2403 0
2404 1
2405 1
2406 0
2407 1
2408 0
2409 0
2410 1
2411 0
2412 0
2413 1
2414 0
2415 1
2416 1
2417 2
2418 0
2419 2
2420 2
2421 1
2422 2
2423 2
2424 1
2425 1
2426 1
2427 1
2428 2
2429 1
2430 2
2431 1
2432 1
2433 1
2434 2
2435 2
2436 1
2437 0
2438 1
2439 1
2440 1
2441 1
2442 1
2443 2
2444 0
2445 1
2446 1
2447 2
2448 2
2449 2
2450 2
2451 2
2452 2
2453 1
2454 0
2455 1
2456 2
2457 1
2458 2
2459 1
2460 1
2461 3
2462 2
2463 2
2464 0
2465 1
2466 2
2467 2
2468 0
2469 2
2470 1
2471 2
2472 2
2473 2
2474 1
2475 1
2476 2
2477 0
2478 1
2479 2
2480 2
2481 2
2482 2
2483 2
2484 1
2485 2
2486 1
2487 2
2488 2
2489 2
2490 1
2491 3
2492 1
2493 2
2494 1
2495 1
2496 1
2497 2
2498 0
2499 0
2500 1
2501 1
2502 1
2503 1
2504 1
2505 2
2506 1
2507 1
2508 2
2509 1
2510 1
2511 0
2512 0
2513 2
2514 2
2515 2
2516 2
2517 1
2518 0
2519 1
2520 2
2521 0
2522 1
2523 1
2524 1
2525 1
2526 1
2527 1
2528 0
2529 2
2530 1
2531 1
2532 0
2533 1
2534 1
2535 2
2536 2
2537 2
2538 0
2539 1
2540 1
2541 1
2542 2
2543 1
2544 0
2545 1
2546 2
2547 2
2548 1
2549 2
2550 0
2551 1
2552 2
2553 2
2554 0
2555 1
2556 0
2557 0
2558 1
2559 1
2560 1
2561 1
2562 3
2563 1
2564 1
2565 1
2566 0
2567 0
2568 0
2569 1
2570 2
2571 0
2572 1
2573 1
2574 2
2575 0
2576 2
2577 1
2578 2
2579 1
2580 1
2581 1
2582 1
2583 2
2584 2
2585 2
2586 2
2587 2
2588 1
2589 2
2590 0
2591 2
2592 2
2593 2
2594 1
2595 0
2596 2
2597 0
2598 1
2599 1
2600 1
2601 2
2602 1
2603 2
2604 2
2605 1
2606 1
2607 1
2608 2
2609 2
2610 2
2611 2
2612 1
2613 2
2614 1
2615 2
2616 2
2617 1
2618 1
2619 2
2620 2
2621 0
2622 1
2623 0
2624 2
2625 0
2626 1
2627 0
2628 0
2629 1
2630 2
2631 1
2632 0
2633 1
2634 1
2635 2
2636 2
2637 0
2638 1
2639 1
2640 2
2641 2
2642 0
2643 2
2644 1
2645 1
2646 2
2647 2
2648 2
2649 1
2650 1
2651 2
2652 1
2653 1
2654 2
2655 2
2656 2
2657 3
2658 1
2659 1
2660 2
2661 1
2662 2
2663 2
2664 2
2665 1
2666 0
2667 2
2668 1
2669 0
2670 2
2671 1
2672 2
2673 3
2674 1
2675 1
2676 1
2677 2
2678 0
2679 2
2680 1
2681 0
2682 1
2683 2
2684 2
2685 2
2686 2
2687 1
2688 1
2689 1
2690 2
2691 2
2692 2
2693 1
2694 1
2695 1
2696 2
2697 1
2698 1
2699 2
2700 2
2701 3
2702 2
2703 2
2704 1
2705 2
2706 2
2707 2
2708 1
2709 1
2710 2
2711 2
2712 1
2713 1
2714 1
2715 2
2716 1
2717 3
2718 1
2719 1
2720 1
2721 1
2722 2
2723 1
2724 0
2725 2
2726 2
2727 1
2728 1
2729 2
2730 1
2731 2
2732 1
2733 2
2734 2
2735 0
2736 3
2737 2
2738 2
2739 1
2740 2
2741 1
2742 1
2743 2
2744 1
2745 2
2746 2
2747 0
2748 1
2749 2
2750 1
2751 2
2752 0
2753 0
2754 2
2755 3
2756 1
2757 0
2758 0
2759 1
2760 1
2761 3
2762 2
2763 1
2764 1
2765 1
2766 1
2767 0
2768 2
2769 2
2770 1
2771 3
2772 3
2773 1
2774 2
2775 1
2776 2
2777 1
2778 1
2779 1
2780 1
2781 0
2782 1
2783 2
2784 1
2785 2
2786 2
2787 2
2788 1
2789 1
2790 1
2791 0
2792 1
2793 1
2794 0
2795 0
2796 1
2797 2
2798 0
2799 0
2800 0
2801 1
2802 0
2803 1
2804 1
2805 0
2806 1
2807 1
2808 0
2809 0
2810 0
2811 0
2812 0
2813 1
2814 0
2815 1
2816 0
2817 1
2818 0
2819 1
2820 1
2821 0
2822 0
2823 1
2824 0
2825 1
2826 0
2827 0
2828 1
2829 1
2830 1
2831 1
2832 0
2833 1
2834 0
2835 0
2836 1
2837 1
2838 0
2839 1
2840 1
2841 1
2842 1
2843 0
2844 0
2845 1
2846 2
2847 1
2848 2
2849 1
2850 0
2851 2
2852 2
2853 0
2854 1
2855 1
2856 0
2857 1
2858 1
2859 0
2860 2
2861 2
2862 0
2863 2
2864 2
2865 0
2866 2
2867 3
2868 0
2869 2
2870 1
2871 2
2872 1
2873 1
2874 2
2875 2
2876 2
2877 1
2878 1
2879 1
2880 1
2881 1
2882 1
2883 1
2884 2
2885 2
2886 0
2887 1
2888 1
2889 1
2890 0
2891 0
2892 0
2893 0
2894 0
2895 0
2896 0
2897 0
2898 0
2899 0
2900 0
2901 0
2902 1
2903 3
2904 1
2905 1
2906 0
2907 1
2908 3
2909 2
2910 0
2911 0
2912 0
2913 0
2914 0
2915 0
2916 0
2917 1
2918 0
2919 0
2920 0
2921 0
2922 1
2923 0
2924 0
2925 0
2926 1
2927 0
2928 1
2929 1
2930 0
2931 1
2932 1
2933 1
2934 1
2935 0
2936 1
2937 1
2938 1
2939 0
2940 0
2941 1
2942 0
2943 1
2944 0
2945 0
2946 1
2947 0
2948 0
2949 0
2950 0
2951 0
2952 0
2953 1
2954 1
2955 1
2956 3
2957 1
2958 3
2959 1
2960 1
2961 1
2962 0
2963 0
2964 1
2965 1
2966 0
2967 1
2968 1
2969 1
2970 1
2971 1
2972 1
2973 1
2974 2
2975 2
2976 2
2977 1
2978 2
2979 1
2980 1
2981 1
2982 1
2983 2
2984 2
2985 1
2986 2
2987 1
2988 2
2989 1
2990 2
2991 0
2992 1
2993 1
2994 2
2995 0
2996 1
2997 1
2998 0
2999 1
3000 1
3001 1
3002 2
3003 1
3004 1
3005 1
3006 1
3007 2
3008 1
3009 1
3010 1
3011 2
3012 1
3013 0
3014 2
3015 3
3016 1
3017 1
3018 0
3019 3
3020 1
3021 1
3022 1
3023 1
3024 1
3025 1
3026 2
3027 1
3028 2
3029 0
3030 2
3031 1
3032 1
3033 2
3034 1
3035 1
3036 0
3037 1
3038 0
3039 1
3040 1
3041 1
3042 1
3043 1
3044 1
3045 0
3046 2
3047 1
3048 2
3049 0
3050 0
3051 1
3052 2
3053 2
3054 1
3055 2
3056 0
3057 0
3058 2
3059 1
3060 1
3061 1
3062 0
3063 1
3064 0
3065 0
3066 1
3067 0
3068 0
3069 0
3070 0
3071 0
3072 0
3073 0
3074 1
3075 0
3076 1
3077 0
3078 0
3079 1
3080 0
3081 1
3082 1
3083 0
3084 1
3085 1
3086 1
3087 0
3088 0
3089 0
3090 1
3091 0
3092 1
3093 0
3094 0
3095 0
3096 0
3097 0
3098 1
3099 1
3100 1
3101 0
3102 0
3103 1
3104 1
3105 0
3106 0
3107 0
3108 0
3109 0
3110 0
3111 1
3112 1
3113 1
3114 1
3115 1
3116 0
3117 0
3118 0
3119 0
3120 0
3121 0
3122 1
3123 0
3124 1
3125 0
3126 0
3127 0
3128 0
3129 0
3130 0
3131 0
3132 0
3133 0
3134 0
3135 1
3136 0
3137 0
3138 0
3139 0
3140 0
3141 0
3142 0
3143 0
3144 0
3145 0
3146 0
3147 0
3148 1
3149 0
3150 0
3151 0
3152 0
3153 0
3154 0
3155 1
3156 0
3157 0
3158 0
3159 0
3160 0
3161 0
3162 0
3163 0
3164 0
3165 0
3166 1
3167 0
3168 0
3169 1
3170 1
3171 0
3172 0
3173 0
3174 0
3175 0
3176 1
3177 0
3178 0
3179 0
3180 1
3181 0
3182 0
3183 1
3184 1
3185 0
3186 0
3187 0
3188 1
3189 0
3190 0
3191 1
3192 0
3193 0
3194 0
3195 0
3196 0
3197 0
3198 1
3199 0
3200 1
3201 1
3202 0
3203 0
3204 1
3205 1
3206 1
3207 0
3208 0
3209 1
3210 1
3211 3
3212 2
3213 1
3214 1
3215 1
3216 2
3217 0
3218 1
3219 2
3220 1
3221 0
3222 0
3223 2
3224 1
3225 2
3226 1
3227 1
3228 2
3229 1
3230 0
3231 1
3232 1
3233 0
3234 1
3235 1
3236 0
3237 1
3238 0
3239 0
3240 2
3241 0
3242 0
3243 2
3244 0
3245 1
3246 1
3247 1
3248 0
3249 0
3250 1
3251 2
3252 2
3253 0
3254 0
3255 0
3256 0
3257 0
3258 0
3259 0
3260 1
3261 0
3262 1
3263 0
3264 0
3265 1
3266 1
3267 0
3268 0
3269 0
3270 1
3271 0
3272 1
3273 0
3274 1
3275 1
3276 0
3277 0
3278 1
3279 0
3280 1
3281 1
3282 0
3283 1
3284 0
3285 0
3286 0
3287 0
3288 1
3289 1
3290 0
3291 0
3292 0
3293 0
3294 0
3295 1
3296 1
3297 1
3298 1
3299 1
3300 2
3301 1
3302 1
3303 1
3304 1
3305 0
3306 0
3307 0
3308 0
3309 0
3310 0
3311 0
3312 0
3313 0
3314 1
3315 0
3316 0
3317 1
3318 1
3319 0
3320 0
3321 0
3322 1
3323 0
3324 0
3325 0
3326 1
3327 0
3328 0
3329 0
3330 0
3331 0
3332 0
3333 0
3334 0
3335 0
3336 1
3337 0
3338 0
3339 0
3340 0
3341 2
3342 2
3343 0
3344 1
3345 2
3346 1
3347 1
3348 2
3349 2
3350 0
3351 1
3352 2
3353 1
3354 1
3355 0
3356 0
3357 1
3358 3
3359 1
3360 1
3361 2
3362 1
3363 1
3364 1
3365 2
3366 2
3367 1
3368 1
3369 1
3370 1
3371 1
3372 1
3373 0
3374 2
3375 2
3376 1
3377 1
3378 2
3379 2
3380 2
3381 2
3382 1
3383 1
3384 2
3385 2
3386 1
3387 2
3388 0
3389 2
3390 2
3391 2
3392 1
3393 1
3394 2
3395 1
3396 1
3397 2
3398 1
3399 1
3400 2
3401 0
3402 1
3403 2
3404 1
3405 1
3406 1
3407 2
3408 1
3409 1
3410 2
3411 1
3412 1
3413 2
3414 1
3415 0
3416 1
3417 2
3418 1
3419 2
3420 1
3421 1
3422 1
3423 1
3424 0
3425 0
3426 0
3427 0
3428 1
3429 1
3430 1
3431 1
3432 2
3433 1
3434 2
3435 0
3436 2
3437 1
3438 1
3439 2
3440 0
3441 0
3442 1
3443 1
3444 2
3445 1
3446 0
3447 1
3448 1
3449 1
3450 1
3451 1
3452 2
3453 1
3454 1
3455 2
3456 2
3457 1
3458 1
3459 1
3460 1
3461 0
3462 0
3463 0
3464 1
3465 1
3466 1
3467 1
3468 0
3469 1
3470 1
3471 0
3472 1
3473 1
3474 1
3475 0
3476 1
3477 0
3478 1
3479 1
3480 1
3481 1
3482 0
3483 1
3484 2
3485 1
3486 2
3487 1
3488 1
3489 2
3490 0
3491 0
3492 0
3493 1
3494 1
3495 1
3496 1
3497 1
3498 1
3499 1
3500 1
3501 1
3502 1
3503 2
3504 1
3505 1
3506 1
3507 0
3508 2
3509 1
3510 0
3511 2
3512 0
3513 0
3514 1
3515 0
3516 1
3517 0
3518 1
3519 0
3520 0
3521 0
3522 0
3523 1
3524 1
3525 0
3526 0
3527 2
3528 1
3529 1
3530 2
3531 1
3532 2
3533 1
3534 2
3535 1
3536 2
3537 1
3538 0
3539 0
3540 0
3541 0
3542 1
3543 0
3544 0
3545 0
3546 0
3547 1
3548 0
3549 1
3550 0
3551 0
3552 1
3553 1
3554 0
3555 1
3556 2
3557 1
3558 2
3559 2
3560 1
3561 1
3562 0
3563 0
3564 1
3565 0
3566 0
3567 0
3568 0
3569 0
3570 2
3571 0
3572 0
3573 0
3574 1
3575 1
3576 0
3577 0
3578 0
3579 1
3580 0
3581 1
3582 1
3583 1
3584 1
3585 0
3586 0
3587 1
3588 0
3589 0
3590 1
3591 0
3592 1
3593 0
3594 0
3595 0
3596 0
3597 1
3598 0
3599 0
3600 1
3601 0
3602 0
3603 0
3604 0
3605 1
3606 1
3607 1
3608 0
3609 1
3610 1
3611 1
3612 2
3613 0
3614 1
3615 0
3616 2
3617 2
3618 2
3619 0
3620 0
3621 1
3622 2
3623 2
3624 1
3625 2
3626 1
3627 1
3628 1
3629 2
3630 0
3631 0
3632 1
3633 1
3634 1
3635 2
3636 1
3637 1
3638 2
3639 1
3640 2
3641 1
3642 2
3643 1
3644 2
3645 0
3646 1
3647 1
3648 1
3649 2
3650 2
3651 1
3652 2
3653 1
3654 0
3655 1
3656 1
3657 2
3658 1
3659 0
3660 1
3661 1
3662 1
3663 0
3664 1
3665 2
3666 1
3667 2
3668 1
3669 1
3670 1
3671 2
3672 3
3673 0
3674 1
3675 1
3676 1
3677 1
3678 1
3679 1
3680 0
3681 1
3682 1
3683 0
3684 1
3685 1
3686 2
3687 1
3688 0
3689 2
3690 1
3691 1
3692 1
3693 2
3694 2
3695 1
3696 0
3697 0
3698 0
3699 1
3700 1
3701 1
3702 2
3703 1
3704 1
3705 2
3706 2
3707 1
3708 1
3709 1
3710 1
3711 0
3712 2
3713 2
3714 0
3715 1
3716 1
3717 2
3718 2
3719 1
3720 2
3721 1
3722 1
3723 2
3724 0
3725 1
3726 2
3727 2
3728 0
3729 1
3730 1
3731 1
3732 1
3733 1
3734 0
3735 2
3736 1
3737 3
3738 0
3739 1
3740 0
3741 0
3742 1
3743 1
3744 1
3745 2
3746 2
3747 2
3748 0
3749 1
3750 0
3751 2
3752 2
3753 0
3754 3
3755 1
3756 2
3757 1
3758 1
3759 1
3760 1
3761 1
3762 1
3763 1
3764 2
3765 0
3766 1
3767 2
3768 1
3769 1
3770 0
3771 1
3772 2
3773 1
3774 2
3775 2
3776 2
3777 1
3778 1
3779 1
3780 0
3781 2
3782 2
3783 1
3784 1
3785 2
3786 1
3787 1
3788 2
3789 2
3790 1
3791 1
3792 0
3793 0
3794 1
3795 1
3796 1
3797 0
3798 1
3799 1
3800 2
3801 1
3802 1
3803 2
3804 2
3805 2
3806 2
3807 1
3808 1
3809 0
3810 2
3811 1
3812 1
3813 1
3814 2
3815 1
3816 1
3817 2
3818 0
3819 1
3820 1
3821 1
3822 1
3823 1
3824 1
3825 1
3826 1
3827 1
3828 0
3829 2
3830 2
3831 0
3832 1
3833 1
3834 1
3835 1
3836 0
3837 1
3838 1
3839 1
3840 1
3841 2
3842 1
3843 1
3844 0
3845 1
3846 1
3847 1
3848 2
3849 0
3850 1
3851 1
3852 0
3853 2
3854 0
3855 2
3856 1
3857 2
3858 1
3859 1
3860 1
3861 2
3862 1
3863 1
3864 1
3865 1
3866 3
3867 2
3868 1
3869 0
3870 1
3871 0
3872 1
3873 0
3874 1
3875 1
3876 1
3877 0
3878 1
3879 1
3880 0
3881 0
3882 1
3883 1
3884 0
3885 1
3886 1
3887 1
3888 2
3889 2
3890 2
3891 0
3892 2
3893 1
3894 2
3895 3
3896 0
3897 1
3898 1
3899 1
3900 2
3901 2
3902 2
3903 1
3904 1
3905 1
3906 1
3907 1
3908 2
3909 2
3910 1
3911 1
3912 1
3913 1
3914 1
3915 1
3916 1
3917 2
3918 1
3919 2
3920 1
3921 1
3922 2
3923 1
3924 2
3925 0
3926 2
3927 1
3928 1
3929 1
3930 1
3931 1
3932 1
3933 0
3934 2
3935 1
3936 0
3937 2
3938 1
3939 0
3940 1
3941 1
3942 2
3943 2
3944 3
3945 2
3946 2
3947 3
3948 1
3949 2
3950 0
3951 1
3952 0
3953 0
3954 1
3955 2
3956 1
3957 0
3958 0
3959 1
3960 0
3961 0
3962 1
3963 2
3964 2
3965 1
3966 0
3967 0
3968 0
3969 2
3970 2
3971 2
3972 2
3973 2
3974 2
3975 1
3976 1
3977 1
3978 1
3979 1
3980 1
3981 0
3982 0
3983 2
3984 1
3985 1
3986 1
3987 1
3988 1
3989 2
3990 2
3991 1
3992 2
3993 1
3994 1
3995 1
3996 0
3997 1
3998 2
3999 1
4000 2
4001 1
4002 1
4003 1
4004 1
4005 0
4006 1
4007 2
4008 1
4009 1
4010 1
4011 3
4012 1
4013 1
4014 1
4015 2
4016 1
4017 2
4018 2
4019 2
4020 1
4021 1
4022 1
4023 2
4024 1
4025 2
4026 3
4027 2
4028 1
4029 1
4030 0
4031 1
4032 1
4033 1
4034 1
4035 1
4036 1
4037 1
4038 1
4039 1
4040 0
4041 0
4042 1
4043 1
4044 1
4045 1
4046 1
4047 1
4048 1
4049 0
4050 1
4051 1
4052 0
4053 1
4054 1
4055 0
4056 1
4057 1
4058 1
4059 1
4060 1
4061 1
4062 1
4063 2
4064 2
4065 1
4066 1
4067 1
4068 1
4069 0
4070 1
4071 0
4072 0
4073 1
4074 2
4075 0
4076 1
4077 0
4078 1
4079 0
4080 0
4081 1
4082 1
4083 0
4084 0
4085 0
4086 0
4087 0
4088 0
4089 0
4090 0
4091 0
4092 0
4093 0
4094 0
4095 1
4096 0
4097 1
4098 0
4099 0
4100 0
4101 1
4102 1
4103 0
4104 1
4105 0
4106 1
4107 1
4108 1
4109 0
4110 0
4111 0
4112 0
4113 0
4114 1
4115 1
4116 1
4117 1
4118 0
4119 1
4120 2
4121 0
4122 0
4123 1
4124 1
4125 1
4126 0
4127 0
4128 0
4129 0
4130 0
4131 1
4132 0
4133 0
4134 0
4135 0
4136 0
4137 0
4138 1
4139 0
4140 0
4141 0
4142 0
4143 1
4144 0
4145 1
4146 0
4147 2
4148 1
4149 2
4150 2
4151 1
4152 1
4153 1
4154 1
4155 0
4156 1
4157 1
4158 1
4159 0
4160 0
4161 1
4162 2
4163 2
4164 1
4165 1
4166 2
4167 2
4168 2
4169 2
4170 1
4171 1
4172 1
4173 1
4174 1
4175 1
4176 1
4177 1
4178 1
4179 1
4180 1
4181 1
4182 2
4183 1
4184 0
4185 1
4186 1
4187 1
4188 1
4189 2
4190 0
4191 2
4192 1
4193 1
4194 1
4195 0
4196 1
4197 2
4198 0
4199 1
4200 0
4201 1
4202 0
4203 2
4204 2
4205 1
4206 1
4207 1
4208 1
4209 2
4210 0
4211 2
4212 2
4213 1
4214 1
4215 1
4216 1
4217 2
4218 1
4219 1
4220 0
4221 0
4222 0
4223 1
4224 1
4225 1
4226 1
4227 0
4228 0
4229 0
4230 1
4231 0
4232 0
4233 0
4234 1
4235 1
4236 1
4237 1
4238 1
4239 1
4240 1
4241 0
4242 0
4243 0
4244 0
4245 0
4246 1
4247 0
4248 0
4249 0
4250 0
4251 0
4252 0
4253 0
4254 0
4255 0
4256 0
4257 0
4258 0
4259 0
4260 1
4261 0
4262 0
4263 0
4264 1
4265 1
4266 2
4267 0
4268 1
4269 2
4270 2
4271 1
4272 2
4273 2
4274 0
4275 2
4276 2
4277 1
4278 2
4279 2
4280 1
4281 0
4282 1
4283 1
4284 0
4285 1
4286 1
4287 0
4288 1
4289 1
4290 0
4291 2
4292 1
4293 1
4294 1
4295 2
4296 2
4297 1
4298 1
4299 1
4300 2
4301 1
4302 2
4303 1
4304 1
4305 1
4306 1
4307 2
4308 1
4309 1
4310 1
4311 2
4312 2
4313 1
4314 0
4315 2
4316 1
4317 2
4318 2
4319 1
4320 1
4321 0
4322 1
4323 0
4324 1
4325 2
4326 1
4327 1
4328 0
4329 1
4330 2
4331 0
4332 0
4333 1
4334 1
4335 0
4336 1
4337 1
4338 1
4339 2
4340 1
4341 1
4342 1
4343 2
4344 1
4345 1
4346 2
4347 1
4348 2
4349 1
4350 1
4351 1
4352 0
4353 1
4354 1
4355 2
4356 1
4357 2
4358 1
4359 2
4360 0
4361 1
4362 2
4363 1
4364 0
4365 2
4366 0
4367 2
4368 1
4369 1
4370 2
4371 1
4372 1
4373 1
4374 1
4375 3
4376 1
4377 2
4378 2
4379 1
4380 2
4381 0
4382 0
4383 1
4384 1
4385 1
4386 2
4387 1
4388 2
4389 1
4390 2
4391 1
4392 2
4393 1
4394 2
4395 2
4396 1
4397 2
4398 0
4399 1
4400 2
4401 2
4402 2
4403 1
4404 1
4405 2
4406 2
4407 2
4408 1
4409 1
4410 1
4411 2
4412 1
4413 1
4414 1
4415 2
4416 1
4417 2
4418 2
4419 1
4420 1
4421 2
4422 2
4423 1
4424 1
4425 1
4426 0
4427 1
4428 2
4429 1
4430 2
4431 1
4432 0
4433 1
4434 1
4435 1
4436 2
4437 2
4438 0
4439 2
4440 1
4441 1
4442 2
4443 1
4444 1
4445 1
4446 2
4447 2
4448 2
4449 2
4450 1
4451 3
4452 2
4453 2
4454 1
4455 1
4456 1
4457 0
4458 0
4459 2
4460 0
4461 2
4462 2
4463 1
4464 2
4465 0
4466 2
4467 1
4468 1
4469 1
4470 2
4471 2
4472 2
4473 2
4474 2
4475 1
4476 1
4477 0
4478 2
4479 0
4480 2
4481 1
4482 1
4483 1
4484 0
4485 3
4486 2
4487 1
4488 0
4489 2
4490 2
4491 2
4492 2
4493 2
4494 1
4495 0
4496 1
4497 1
4498 2
4499 1
4500 2
4501 1
4502 2
4503 1
4504 2
4505 2
4506 1
4507 0
4508 1
4509 1
4510 1
4511 1
4512 1
4513 1
4514 1
4515 2
4516 1
4517 2
4518 3
4519 2
4520 2
4521 1
4522 0
4523 1
4524 1
4525 2
4526 1
4527 4
4528 1
4529 2
4530 2
4531 1
4532 1
4533 0
4534 1
4535 0
4536 1
4537 0
4538 1
4539 0
4540 0
4541 1
4542 0
4543 0
4544 1
4545 0
4546 1
4547 0
4548 0
4549 0
4550 1
4551 2
4552 0
4553 1
4554 2
4555 1
4556 2
4557 1
4558 2
4559 2
4560 2
4561 1
4562 1
4563 2
4564 1
4565 1
4566 1
4567 1
4568 0
4569 1
4570 2
4571 3
4572 1
4573 0
4574 2
4575 1
4576 1
4577 1
4578 1
4579 1
4580 1
4581 2
4582 2
4583 0
4584 1
4585 2
4586 1
4587 0
4588 2
4589 2
4590 1
4591 1
4592 2
4593 2
4594 1
4595 2
4596 1
4597 1
4598 0
4599 2
4600 1
4601 2
4602 1
4603 1
4604 2
4605 1
4606 2
4607 0
4608 1
4609 2
4610 3
4611 1
4612 1
4613 2
4614 1
4615 2
4616 1
4617 1
4618 0
4619 1
4620 1
4621 2
4622 1
4623 1
4624 2
4625 0
4626 0
4627 1
4628 2
4629 1
4630 2
4631 2
4632 2
4633 1
4634 0
4635 0
4636 2
4637 2
4638 1
4639 1
4640 2
4641 1
4642 1
4643 1
4644 3
4645 1
4646 2
4647 1
4648 1
4649 1
4650 0
4651 2
4652 1
4653 2
4654 1
4655 1
4656 1
4657 2
4658 1
4659 2
4660 2
4661 1
4662 0
4663 2
4664 1
4665 2
4666 2
4667 2
4668 1
4669 1
4670 1
4671 2
4672 1
4673 1
4674 1
4675 1
4676 2
4677 1
4678 0
4679 1
4680 2
4681 2
4682 0
4683 1
4684 1
4685 0
4686 2
4687 2
4688 2
4689 2
4690 1
4691 0
4692 1
4693 0
4694 1
4695 0
4696 1
4697 2
4698 2
4699 1
4700 1
4701 1
4702 2
4703 2
4704 2
4705 2
4706 2
4707 1
4708 1
4709 1
4710 1
4711 1
4712 2
4713 1
4714 1
4715 1
4716 1
4717 1
4718 1
4719 0
4720 0
4721 1
4722 1
4723 1
4724 0
4725 1
4726 2
4727 0
4728 0
4729 0
4730 0
4731 0
4732 0
4733 0
4734 0
4735 1
4736 0
4737 0
4738 0
4739 0
4740 0
4741 0
4742 0
4743 1
4744 0
4745 0
4746 0
4747 0
4748 0
4749 0
4750 0
4751 0
4752 0
4753 1
4754 0
4755 0
4756 0
4757 0
4758 0
4759 0
4760 0
4761 1
4762 0
4763 1
4764 0
4765 1
4766 0
4767 0
4768 2
4769 1
4770 0
4771 0
4772 0
4773 0
4774 0
4775 1
4776 0
4777 0
4778 0
4779 0
4780 0
4781 0
4782 0
4783 0
4784 1
4785 0
4786 0
4787 1
4788 0
4789 0
4790 0
4791 0
4792 1
4793 1
4794 0
4795 1
4796 1
4797 1
4798 1
4799 2
4800 1
4801 1
4802 1
4803 2
4804 2
4805 2
4806 1
4807 0
4808 1
4809 1
4810 1
4811 1
4812 2
4813 2
4814 2
4815 1
4816 2
4817 1
4818 2
4819 1
4820 1
4821 0
4822 0
4823 1
4824 1
4825 0
4826 0
4827 1
4828 1
4829 1
4830 1
4831 1
4832 0
4833 1
4834 1
4835 1
4836 1
4837 1
4838 1
4839 0
4840 1
4841 0
4842 1
4843 0
4844 0
4845 0
4846 1
4847 0
4848 1
4849 2
4850 2
4851 2
4852 1
4853 1
4854 2
4855 2
4856 1
4857 0
4858 1
4859 1
4860 1
4861 2
4862 0
4863 2
4864 1
4865 2
4866 1
4867 0
4868 0
4869 2
4870 2
4871 1
4872 1
4873 0
4874 1
4875 2
4876 1
4877 1
4878 2
4879 1
4880 2
4881 1
4882 1
4883 2
4884 0
4885 2
4886 2
4887 1
4888 1
4889 2
4890 1
4891 2
4892 2
4893 2
4894 1
4895 0
4896 0
4897 0
4898 1
4899 1
4900 1
4901 2
4902 1
4903 1
4904 1
4905 0
4906 2
4907 2
4908 1
4909 1
4910 1
4911 2
4912 2
4913 1
4914 2
4915 1
4916 1
4917 0
4918 2
4919 1
4920 1
4921 1
4922 2
4923 1
4924 1
4925 0
4926 2
4927 1
4928 2
4929 2
4930 1
4931 2
4932 1
4933 1
4934 1
4935 2
4936 2
4937 0
4938 1
4939 2
4940 0
4941 0
4942 2
4943 1
4944 2
4945 1
4946 2
4947 3
4948 1
4949 2
4950 2
4951 1
4952 1
4953 2
4954 2
4955 2
4956 2
4957 0
4958 2
4959 1
4960 1
4961 1
4962 2
4963 2
4964 1
4965 1
4966 0
4967 1
4968 2
4969 1
4970 1
4971 1
4972 1
4973 1
4974 0
4975 2
4976 1
4977 1
4978 1
4979 1
4980 0
4981 2
4982 1
4983 1
4984 2
4985 0
4986 2
4987 1
4988 1
4989 2
4990 2
4991 2
4992 1
4993 0
4994 2
4995 1
4996 2
4997 1
4998 1
4999 1
5000 1
5001 2
5002 1
5003 1
5004 1
5005 2
5006 2
5007 2
5008 1
5009 1
5010 1
5011 0
5012 1
5013 0
5014 1
5015 2
5016 1
5017 1
5018 2
5019 1
5020 1
5021 2
5022 1
5023 1
5024 1
5025 2
5026 2
5027 1
5028 2
5029 2
5030 2
5031 1
5032 1
5033 1
5034 0
5035 1
5036 1
5037 1
5038 1
5039 2
5040 1
5041 2
5042 0
5043 1
5044 0
5045 0
5046 1
5047 2
5048 1
5049 1
5050 1
5051 1
5052 2
5053 1
5054 2
5055 2
5056 1
5057 1
5058 1
5059 2
5060 2
5061 2
5062 2
5063 2
5064 0
5065 1
5066 2
5067 2
5068 2
5069 2
5070 3
5071 2
5072 1
5073 2
5074 2
5075 1
5076 2
5077 0
5078 1
5079 1
5080 1
5081 1
5082 1
5083 0
5084 0
5085 1
5086 1
5087 0
5088 1
5089 1
5090 2
5091 0
5092 1
5093 1
5094 0
5095 2
5096 0
5097 2
5098 1
5099 2
5100 1
5101 1
5102 1
5103 3
5104 2
5105 2
5106 1
5107 1
5108 1
5109 2
5110 0
5111 0
5112 1
5113 1
5114 2
5115 1
5116 1
5117 2
5118 1
5119 2
5120 1
5121 1
5122 0
5123 2
5124 1
5125 2
5126 1
5127 2
5128 0
5129 1
5130 1
5131 1
5132 1
5133 1
5134 2
5135 0
5136 0
5137 2
5138 1
5139 1
5140 1
5141 1
5142 1
5143 2
5144 1
5145 1
5146 1
5147 2
5148 0
5149 1
5150 2
5151 1
5152 2
5153 2
5154 1
5155 1
5156 1
5157 1
5158 1
5159 2
5160 0
5161 1
5162 0
5163 1
5164 0
5165 1
5166 2
5167 1
5168 0
5169 1
5170 1
5171 2
5172 3
5173 1
5174 1
5175 1
5176 1
5177 0
5178 1
5179 2
5180 1
5181 3
5182 2
5183 0
5184 2
5185 0
5186 3
5187 0
5188 1
5189 1
5190 1
5191 1
5192 2
5193 2
5194 2
5195 2
5196 1
5197 1
5198 1
5199 2
5200 2
5201 1
5202 1
5203 1
5204 1
5205 2
5206 0
5207 1
5208 2
5209 1
5210 0
5211 0
5212 1
5213 1
5214 2
5215 2
5216 2
5217 1
5218 2
5219 1
5220 2
5221 2
5222 1
5223 2
5224 0
5225 1
5226 2
5227 1
5228 2
5229 1
5230 3
5231 1
5232 1
5233 1
5234 1
5235 2
5236 2
5237 2
5238 1
5239 1
5240 0
5241 1
5242 0
5243 2
5244 1
5245 1
5246 3
5247 0
5248 2
5249 2
5250 1
5251 2
5252 1
5253 1
5254 2
5255 3
5256 1
5257 2
5258 0
5259 2
5260 3
5261 3
5262 2
5263 2
5264 2
5265 1
5266 2
5267 2
5268 1
5269 2
5270 3
5271 2
5272 1
5273 1
5274 1
5275 1
5276 1
5277 2
5278 1
5279 3
5280 1
5281 2
5282 1
5283 2
5284 1
5285 1
5286 1
5287 1
5288 2
5289 2
5290 1
5291 0
5292 2
5293 1
5294 3
5295 0
5296 2
5297 1
5298 2
5299 2
5300 1
5301 0
5302 3
5303 0
5304 0
5305 0
5306 1
5307 1
5308 1
5309 2
5310 1
5311 1
5312 3
5313 2
5314 1
5315 2
5316 2
5317 2
5318 1
5319 1
5320 1
5321 1
5322 1
5323 1
5324 1
5325 1
5326 2
5327 2
5328 1
5329 1
5330 2
5331 1
5332 2
5333 2
5334 1
5335 1
5336 1
5337 1
5338 2
5339 0
5340 0
5341 2
5342 0
5343 0
5344 1
5345 2
5346 1
5347 1
5348 1
5349 0
5350 1
5351 1
5352 1
5353 1
5354 1
5355 2
5356 1
5357 1
5358 3
5359 0
5360 1
5361 1
5362 2
5363 1
5364 2
5365 2
5366 2
5367 1
5368 1
5369 0
5370 3
5371 0
5372 1
5373 2
5374 2
5375 1
5376 2
5377 1
5378 2
5379 1
5380 2
5381 1
5382 0
5383 2
5384 2
5385 1
5386 0
5387 2
5388 2
5389 1
5390 2
5391 2
5392 1
5393 1
5394 2
5395 0
5396 0
5397 0
5398 0
5399 0
5400 0
5401 0
5402 0
5403 0
5404 0
5405 0
5406 0
5407 2
5408 1
5409 1
5410 1
5411 1
5412 1
5413 2
5414 1
5415 2
5416 1
5417 1
5418 1
5419 1
5420 0
5421 2
5422 2
5423 2
5424 2
5425 1
5426 2
5427 2
5428 2
5429 1
5430 2
5431 3
5432 1
5433 1
5434 0
5435 1
5436 1
5437 1
5438 2
5439 2
5440 0
5441 0
5442 0
5443 0
5444 0
5445 0
5446 0
5447 0
5448 0
5449 0
5450 0
5451 0
5452 1
5453 0
5454 2
5455 1
5456 2
5457 1
5458 2
5459 1
5460 1
5461 0
5462 0
5463 1
5464 2
5465 1
5466 1
5467 1
5468 1
5469 2
5470 2
5471 1
5472 1
5473 0
5474 0
5475 2
5476 1
5477 0
5478 1
5479 1
5480 1
5481 2
5482 2
5483 2
5484 1
5485 1
5486 1
5487 0
5488 1
5489 1
5490 2
5491 1
5492 1
5493 1
5494 2
5495 2
5496 0
5497 1
5498 1
5499 1
5500 2
5501 2
5502 1
5503 2
5504 1
5505 1
5506 0
5507 1
5508 2
5509 1
5510 1
5511 1
5512 1
5513 2
5514 1
5515 1
5516 0
5517 1
5518 1
5519 2
5520 1
5521 1
5522 2
5523 2
5524 0
5525 1
5526 3
5527 1
5528 1
5529 2
5530 1
5531 2
5532 1
5533 2
5534 1
5535 2
5536 2
5537 0
5538 2
5539 0
5540 1
5541 2
5542 1
5543 1
5544 1
5545 1
5546 2
5547 2
5548 2
5549 2
5550 2
5551 2
5552 1
5553 0
5554 2
5555 2
5556 1
5557 2
5558 2
5559 2
5560 2
5561 1
5562 1
5563 3
5564 1
5565 2
5566 2
5567 1
5568 1
5569 2
5570 1
5571 2
5572 0
5573 2
5574 1
5575 1
5576 2
5577 2
5578 0
5579 2
5580 2
5581 2
5582 2
5583 0
5584 1
5585 1
5586 2
5587 2
5588 2
5589 1
5590 1
5591 1
5592 0
5593 1
5594 2
5595 0
5596 2
5597 2
5598 1
5599 1
5600 2
5601 2
5602 1
5603 2
5604 1
5605 1
5606 1
5607 2
5608 1
5609 1
5610 1
5611 1
5612 1
5613 1
5614 1
5615 2
5616 2
5617 2
5618 2
5619 1
5620 1
5621 1
5622 2
5623 2
5624 1
5625 1
5626 2
5627 2
5628 2
5629 0
5630 1
5631 2
5632 3
5633 1
5634 1
5635 2
5636 0
5637 2
5638 2
5639 1
5640 2
5641 1
5642 2
5643 1
5644 3
5645 2
5646 1
5647 2
5648 2
5649 2
5650 2
5651 1
5652 1
5653 2
5654 2
5655 1
5656 1
5657 2
5658 1
5659 2
5660 1
5661 2
5662 2
5663 1
5664 0
5665 2
5666 3
5667 1
5668 0
5669 1
5670 2
5671 1
5672 2
5673 0
5674 0
5675 0
5676 1
5677 2
5678 1
5679 1
5680 0
5681 2
5682 1
5683 2
5684 2
5685 1
5686 0
5687 2
5688 2
5689 1
5690 0
5691 2
5692 2
5693 2
5694 2
5695 1
5696 2
5697 1
5698 1
5699 0
5700 2
5701 1
5702 1
5703 1
5704 1
5705 2
5706 1
5707 2
5708 1
5709 2
5710 2
5711 2
5712 2
5713 2
5714 2
5715 2
5716 2
5717 1
5718 1
5719 2
5720 0
5721 2
5722 2
5723 2
5724 2
5725 2
5726 1
5727 2
5728 1
5729 2
5730 1
5731 1
5732 2
5733 2
5734 3
5735 2
5736 0
5737 1
5738 1
5739 0
5740 0
5741 1
5742 0
5743 1
5744 1
5745 1
5746 1
5747 0
5748 1
5749 1
5750 0
5751 1
5752 0
5753 0
5754 2
5755 0
5756 0
5757 2
5758 1
5759 1
5760 0
5761 1
5762 0
5763 1
5764 0
5765 1
5766 0
5767 0
5768 0
5769 0
5770 1
5771 0
5772 1
5773 1
5774 1
5775 1
5776 1
5777 0
5778 0
5779 0
5780 1
5781 1
5782 1
5783 0
5784 1
5785 1
5786 0
5787 0
5788 1
5789 0
5790 1
5791 1
5792 1
5793 0
5794 0
5795 0
5796 1
5797 1
5798 1
5799 0
5800 0
5801 1
5802 1
5803 0
5804 1
5805 1
5806 0
5807 1
5808 0
5809 1
5810 0
5811 1
5812 0
5813 0
5814 1
5815 0
5816 0
5817 0
5818 0
5819 1
5820 0
5821 0
5822 1
5823 0
5824 1
5825 1
5826 0
5827 1
5828 0
5829 0
5830 1
5831 0
5832 0
5833 1
5834 0
5835 0
5836 0
5837 0
5838 0
5839 0
5840 0
5841 0
5842 1
5843 0
5844 1
5845 1
5846 0
5847 0
5848 0
5849 0
5850 0
5851 0
5852 0
5853 0
5854 0
5855 0
5856 0
5857 0
5858 1
5859 1
5860 1
5861 0
5862 1
5863 0
5864 1
5865 1
5866 0
5867 0
5868 1
5869 1
5870 0
5871 0
5872 0
5873 0
5874 0
5875 0
5876 0
5877 0
5878 0
5879 1
5880 1
5881 0
5882 1
5883 0
5884 1
5885 1
5886 1
5887 0
5888 0
5889 0
5890 0
5891 1
5892 1
5893 0
5894 0
5895 0
5896 0
5897 0
5898 0
5899 0
5900 0
5901 0
5902 0
5903 0
5904 1
5905 1
5906 0
5907 0
5908 0
5909 0
5910 0
5911 0
5912 0
5913 1
5914 0
5915 0
5916 1
5917 0
5918 1
5919 1
5920 1
5921 1
5922 0
5923 0
5924 1
5925 0
5926 1
5927 0
5928 0
5929 0
5930 1
5931 0
5932 1
5933 0
5934 1
5935 1
5936 0
5937 1
5938 0
5939 0
5940 0
5941 0
5942 1
5943 0
5944 0
5945 0
5946 1
5947 0
5948 1
5949 0
5950 0
5951 0
5952 0
5953 0
5954 0
5955 0
5956 0
5957 0
5958 0
5959 0
5960 1
5961 0
5962 0
5963 0
5964 0
5965 0
5966 0
5967 0
5968 0
5969 0
5970 0
5971 1
5972 1
5973 0
5974 0
5975 1
5976 1
5977 0
5978 0
5979 0
5980 1
5981 1
5982 0
5983 0
5984 0
5985 0
5986 0
5987 0
5988 1
5989 0
5990 0
5991 0
5992 0
5993 0
5994 0
5995 1
5996 0
5997 0
5998 1
5999 0
6000 0
6001 0
6002 1
6003 1
6004 0
6005 0
6006 0
6007 0
6008 0
6009 0
6010 0
6011 0
6012 0
6013 0
6014 0
6015 1
6016 0
6017 0
6018 0
6019 0
6020 0
6021 0
6022 1
6023 1
6024 1
6025 1
6026 0
6027 0
6028 1
6029 1
6030 0
6031 0
6032 0
6033 1
6034 1
6035 1
6036 0
6037 0
6038 0
6039 0
6040 0
6041 0
6042 0
6043 1
6044 0
6045 0
6046 0
6047 0
6048 0
6049 1
6050 0
6051 0
6052 0
6053 0
6054 0
6055 0
6056 0
6057 0
6058 1
6059 0
6060 0
6061 0
6062 1
6063 0
6064 0
6065 0
6066 1
6067 0
6068 0
6069 1
6070 1
6071 0
6072 1
6073 0
6074 1
6075 1
6076 1
6077 0
6078 1
6079 0
6080 0
6081 1
6082 0
6083 0
6084 0
6085 1
6086 0
6087 1
6088 0
6089 0
6090 1
6091 1
6092 1
6093 1
6094 1
6095 1
6096 1
6097 0
6098 0
6099 1
6100 1
6101 0
6102 0
6103 0
6104 0
6105 1
6106 0
6107 0
6108 1
6109 0
6110 1
6111 1
6112 0
6113 0
6114 0
6115 0
6116 0
6117 1
6118 1
6119 0
6120 1
6121 0
6122 0
6123 1
6124 0
6125 0
6126 1
6127 0
6128 0
6129 1
6130 0
6131 0
6132 1
6133 1
6134 1
6135 1
6136 1
6137 1
6138 0
6139 0
6140 1
6141 1
6142 1
6143 1
6144 1
6145 1
6146 0
6147 1
6148 1
6149 0
6150 1
6151 1
6152 0
6153 0
6154 1
6155 0
6156 0
6157 1
6158 1
6159 0
6160 1
6161 1
6162 1
6163 1
6164 0
6165 1
6166 1
6167 0
6168 1
6169 1
6170 1
6171 0
6172 1
6173 1
6174 0
6175 0
6176 0
6177 0
6178 0
6179 1
6180 1
6181 1
6182 1
6183 1
6184 1
6185 1
6186 1
6187 1
6188 1
6189 1
6190 0
6191 1
6192 1
6193 1
6194 0
6195 0
6196 1
6197 1
6198 1
6199 0
6200 1
6201 1
6202 0
6203 0
6204 1
6205 1
6206 0
6207 1
6208 1
6209 1
6210 1
6211 1
6212 0
6213 1
6214 0
6215 0
6216 1
6217 0
6218 0
6219 0
6220 1
6221 1
6222 1
6223 1
6224 1
6225 1
6226 1
6227 0
6228 0
6229 0
6230 1
6231 0
6232 0
6233 1
6234 0
6235 1
6236 1
6237 0
6238 1
6239 1
6240 1
6241 0
6242 1
6243 1
6244 1
6245 1
6246 0
6247 1
6248 1
6249 1
6250 1
6251 1
6252 1
6253 1
6254 2
6255 0
6256 0
6257 1
6258 1
6259 0
6260 0
6261 1
6262 1
6263 1
6264 1
6265 0
6266 1
6267 1
6268 0
6269 0
6270 1
6271 0
6272 0
6273 0
6274 0
6275 1
6276 0
6277 0
6278 1
6279 1
6280 1
6281 1
6282 1
6283 0
6284 0
6285 0
6286 0
6287 1
6288 0
6289 1
6290 0
6291 0
6292 0
6293 0
6294 0
6295 1
6296 0
6297 1
6298 1
6299 0
6300 0
6301 1
6302 0
6303 0
6304 1
6305 0
6306 0
6307 0
6308 1
6309 0
6310 1
6311 0
6312 0
6313 0
6314 1
6315 0
6316 0
6317 0
6318 0
6319 0
6320 0
6321 1
6322 0
6323 0
6324 1
6325 1
6326 0
6327 1
6328 1
6329 1
6330 1
6331 0
6332 1
6333 1
6334 1
6335 0
6336 1
6337 1
6338 1
6339 1
6340 1
6341 0
6342 0
6343 0
6344 1
6345 1
6346 2
6347 1
6348 0
6349 1
6350 1
6351 1
6352 0
6353 1
6354 0
6355 1
6356 1
6357 0
6358 0
6359 1
6360 1
6361 1
6362 1
6363 2
6364 0
6365 1
6366 1
6367 0
6368 0
6369 1
6370 1
6371 1
6372 0
6373 0
6374 1
6375 0
6376 2
6377 0
6378 1
6379 1
6380 0
6381 0
6382 1
6383 0
6384 1
6385 0
6386 1
6387 0
6388 0
6389 1
6390 1
6391 0
6392 0
6393 1
6394 0
6395 0
6396 0
6397 1
6398 0
6399 0
6400 0
6401 0
6402 1
6403 0
6404 1
6405 0
6406 1
6407 2
6408 1
6409 1
6410 0
6411 0
6412 1
6413 0
6414 0
6415 1
6416 0
6417 1
6418 0
6419 0
6420 1
6421 1
6422 1
6423 1
6424 1
6425 1
6426 1
6427 1
6428 1
6429 0
6430 0
6431 0
6432 0
6433 1
6434 1
6435 1
6436 1
6437 1
6438 1
6439 1
6440 1
6441 1
6442 0
6443 0
6444 0
6445 0
6446 0
6447 0
6448 0
6449 0
6450 0
6451 1
6452 1
6453 1
6454 1
6455 1
6456 0
6457 1
6458 1
6459 0
6460 1
6461 1
6462 1
6463 0
6464 0
6465 1
6466 1
6467 0
6468 0
6469 0
6470 0
6471 1
6472 1
6473 1
6474 0
6475 1
6476 1
6477 1
6478 1
6479 1
6480 0
6481 1
6482 0
6483 0
6484 0
6485 0
6486 0
6487 0
6488 1
6489 1
6490 0
6491 0
6492 1
6493 0
6494 2
6495 1
6496 1
6497 1
6498 1
6499 1
6500 0
6501 1
6502 1
6503 1
6504 1
6505 1
6506 1
6507 0
6508 0
6509 0
6510 1
6511 1
6512 1
6513 1
6514 1
6515 0
6516 1
6517 0
6518 1
6519 1
6520 0
6521 1
6522 1
6523 0
6524 0
6525 1
6526 0
6527 0
6528 0
6529 1
6530 0
6531 1
6532 0
6533 1
6534 1
6535 1
6536 0
6537 0
6538 1
6539 0
6540 1
6541 1
6542 1
6543 1
6544 0
6545 1
6546 0
6547 1
6548 0
6549 1
6550 0
6551 1
6552 0
6553 1
6554 1
6555 0
6556 0
6557 1
6558 1
6559 0
6560 1
6561 1
6562 1
6563 1
6564 1
6565 1
6566 1
6567 1
6568 1
6569 0
6570 1
6571 0
6572 1
6573 0
6574 1
6575 1
6576 1
6577 1
6578 0
6579 1
6580 1
6581 0
6582 0
6583 1
6584 1
6585 1
6586 1
6587 1
6588 0
6589 0
6590 1
6591 0
6592 1
6593 0
6594 1
6595 0
6596 1
6597 1
6598 0
6599 1
6600 0
6601 0
6602 0
6603 0
6604 0
6605 0
6606 0
6607 0
6608 0
6609 0
6610 0
6611 0
6612 0
6613 0
6614 0
6615 0
6616 0
6617 0
6618 0
6619 0
6620 0
6621 0
6622 0
6623 0
6624 0
6625 0
6626 0
6627 0
6628 1
6629 0
6630 0
6631 0
6632 0
6633 0
6634 0
6635 0
6636 0
6637 0
6638 0
6639 0
6640 0
6641 0
6642 0
6643 0
6644 0
6645 0
6646 0
6647 0
6648 0
6649 0
6650 0
6651 0
6652 0
6653 0
6654 0
6655 0
6656 0
6657 0
6658 0
6659 0
6660 0
6661 0
6662 0
6663 0
6664 0
6665 0
6666 0
6667 0
6668 0
6669 0
6670 0
6671 0
6672 0
6673 0
6674 0
6675 0
6676 0
6677 0
6678 0
6679 0
6680 0
6681 0
6682 0
6683 0
6684 0
6685 0
6686 0
6687 0
6688 0
6689 0
6690 0
6691 0
6692 0
6693 0
6694 0
6695 0
6696 0
6697 0
6698 0
6699 0
6700 0
6701 0
6702 0
6703 0
6704 1
6705 0
6706 0
6707 0
6708 0
6709 0
6710 0
6711 0
6712 0
6713 0
6714 0
6715 0
6716 0
6717 0
6718 0
6719 0
6720 0
6721 0
6722 0
6723 0
6724 0
6725 0
6726 0
6727 0
6728 0
6729 0
6730 0
6731 0
6732 0
6733 0
6734 0
6735 0
6736 0
6737 0
6738 0
6739 0
6740 0
6741 0
6742 0
6743 0
6744 0
6745 1
6746 1
6747 1
6748 0
6749 1
6750 1
6751 1
6752 1
6753 1
6754 1
6755 1
6756 1
6757 1
6758 0
6759 0
6760 1
6761 0
6762 1
6763 1
6764 1
6765 2
6766 0
6767 1
6768 1
6769 0
6770 0
6771 0
6772 1
6773 0
6774 1
6775 1
6776 1
6777 1
6778 0
6779 0
6780 1
6781 1
6782 1
6783 0
6784 0
6785 1
6786 0
6787 0
6788 1
6789 0
6790 0
6791 0
6792 1
6793 1
6794 0
6795 0
6796 1
6797 1
6798 0
6799 2
6800 0
6801 0
6802 1
6803 0
6804 0
6805 0
6806 0
6807 1
6808 1
6809 1
6810 1
6811 1
6812 1
6813 1
6814 1
6815 0
6816 1
6817 0
6818 1
6819 1
6820 1
6821 0
6822 0
6823 1
6824 0
6825 1
6826 1
6827 1
6828 0
6829 1
6830 1
6831 0
6832 0
6833 0
6834 0
6835 1
6836 1
6837 1
6838 0
6839 0
6840 1
6841 1
6842 1
6843 0
6844 1
6845 1
6846 1
6847 0
6848 0
6849 2
6850 0
6851 1
6852 1
6853 2
6854 2
6855 0
6856 0
6857 1
6858 0
6859 1
6860 0
6861 1
6862 1
6863 0
6864 1
6865 0
6866 1
6867 2
6868 1
6869 1
6870 1
6871 1
6872 0
6873 0
6874 0
6875 0
6876 0
6877 1
6878 1
6879 0
6880 0
6881 0
6882 0
6883 1
6884 0
6885 0
6886 0
6887 0
6888 1
6889 1
6890 1
6891 1
6892 0
6893 0
6894 0
6895 0
6896 1
6897 0
6898 0
6899 1
6900 0
6901 0
6902 0
6903 1
6904 1
6905 1
6906 0
6907 1
6908 0
6909 1
6910 0
6911 1
6912 1
6913 0
6914 0
6915 0
6916 1
6917 1
6918 0
6919 1
6920 1
6921 1
6922 1
6923 0
6924 1
6925 1
6926 1
6927 1
6928 1
6929 1
6930 1
6931 0
6932 0
6933 0
6934 0
6935 0
6936 1
6937 1
6938 0
6939 0
6940 0
6941 0
6942 1
6943 0
6944 0
6945 0
6946 1
6947 0
6948 1
6949 0
6950 1
6951 1
6952 1
6953 1
6954 1
6955 1
6956 0
6957 1
6958 0
6959 1
6960 1
6961 1
6962 0
6963 0
6964 1
6965 0
6966 0
6967 0
6968 0
6969 1
6970 1
6971 0
6972 0
6973 0
6974 1
6975 1
6976 2
6977 1
6978 1
6979 1
6980 1
6981 1
6982 1
6983 0
6984 0
6985 1
6986 1
6987 0
6988 0
6989 0
6990 1
6991 2
6992 0
6993 1
6994 1
6995 1
6996 1
6997 0
6998 1
6999 0
7000 1
7001 1
7002 1
7003 1
7004 1
7005 1
7006 1
7007 1
7008 0
7009 1
7010 0
7011 0
7012 1
7013 1
7014 1
7015 1
7016 1
7017 1
7018 1
7019 0
7020 0
7021 1
7022 0
7023 0
7024 0
7025 0
7026 0
7027 0
7028 0
7029 0
7030 0
7031 0
7032 0
7033 0
7034 0
7035 0
7036 0
7037 0
7038 0
7039 0
7040 0
7041 0
7042 0
7043 0
7044 0
7045 0
7046 0
7047 0
7048 0
7049 0
7050 0
7051 0
7052 0
7053 0
7054 0
7055 0
7056 0
7057 0
7058 0
7059 0
7060 0
7061 0
7062 0
7063 1
7064 0
7065 0
7066 0
7067 0
7068 1
7069 1
7070 0
7071 0
7072 0
7073 0
7074 1
7075 1
7076 1
7077 1
7078 1
7079 1
7080 1
7081 1
7082 0
7083 0
7084 0
7085 0
7086 1
7087 1
7088 1
7089 1
7090 1
7091 0
7092 0
7093 0
7094 1
7095 0
7096 0
7097 1
7098 0
7099 0
7100 1
7101 1
7102 0
7103 1
7104 0
7105 0
7106 1
7107 1
7108 0
7109 0
7110 1
7111 0
7112 0
7113 1
7114 1
7115 0
7116 0
7117 1
7118 1
7119 1
7120 2
7121 1
7122 0
7123 0
7124 1
7125 1
7126 1
7127 1
7128 1
7129 1
7130 1
7131 1
7132 0
7133 1
7134 1
7135 0
7136 2
7137 1
7138 0
7139 1
7140 0
7141 1
7142 1
7143 1
7144 0
7145 1
7146 1
7147 0
7148 0
7149 0
7150 1
7151 1
7152 0
7153 0
7154 1
7155 2
7156 0
7157 0
7158 2
7159 1
7160 1
7161 0
7162 0
7163 1
7164 0
7165 1
7166 1
7167 1
7168 2
7169 0
7170 1
7171 1
7172 1
7173 1
7174 0
7175 0
7176 1
7177 1
7178 1
7179 1
7180 0
7181 1
7182 0
7183 1
7184 1
7185 0
7186 1
7187 0
7188 2
7189 0
7190 1
7191 0
7192 1
7193 1
7194 0
7195 0
7196 1
7197 1
7198 1
7199 0
7200 0
7201 0
7202 1
7203 0
7204 0
7205 2
7206 1
7207 1
7208 0
7209 1
7210 0
7211 0
7212 1
7213 1
7214 1
7215 1
7216 1
7217 0
7218 1
7219 0
7220 1
7221 1
7222 1
7223 1
7224 0
7225 1
7226 1
7227 1
7228 1
7229 0
7230 1
7231 1
7232 0
7233 1
7234 1
7235 0
7236 0
7237 0
7238 0
7239 1
7240 1
7241 1
7242 0
7243 0
7244 2
7245 1
7246 1
7247 1
7248 1
7249 0
7250 1
7251 1
7252 2
7253 2
7254 0
7255 0
7256 0
7257 0
7258 0
7259 1
7260 0
7261 0
7262 0
7263 0
7264 0
7265 0
7266 0
7267 1
7268 0
7269 1
7270 2
7271 1
7272 0
7273 0
7274 0
7275 1
7276 0
7277 1
7278 0
7279 1
7280 0
7281 0
7282 1
7283 1
7284 1
7285 1
7286 1
7287 0
7288 0
7289 1
7290 0
7291 0
7292 1
7293 0
7294 2
7295 1
7296 2
7297 1
7298 1
7299 1
7300 0
7301 1
7302 0
7303 1
7304 2
7305 1
7306 1
7307 1
7308 1
7309 1
7310 2
7311 1
7312 0
7313 1
7314 1
7315 0
7316 0
7317 0
7318 1
7319 2
7320 1
7321 0
7322 0
7323 2
7324 0
7325 2
7326 1
7327 1
7328 1
7329 1
7330 1
7331 1
7332 0
7333 1
7334 1
7335 2
7336 2
7337 1
7338 1
7339 0
7340 0
7341 1
7342 1
7343 2
7344 1
7345 1
7346 1
7347 1
7348 1
7349 2
7350 1
7351 2
7352 0
7353 1
7354 1
7355 2
7356 1
7357 1
7358 1
7359 0
7360 0
7361 1
7362 0
7363 2
7364 0
7365 1
7366 1
7367 2
7368 1
7369 0
7370 2
7371 1
7372 1
7373 0
7374 1
7375 1
7376 1
7377 1
7378 0
7379 1
7380 1
7381 1
7382 1
7383 1
7384 0
7385 2
7386 1
7387 1
7388 2
7389 0
7390 1
7391 0
7392 1
7393 0
7394 1
7395 1
7396 1
7397 1
7398 1
7399 1
7400 1
7401 1
7402 1
7403 0
7404 0
7405 0
7406 0
7407 0
7408 0
7409 1
7410 1
7411 1
7412 0
7413 1
7414 0
7415 2
7416 0
7417 0
7418 1
7419 1
7420 2
7421 1
7422 1
7423 1
7424 0
7425 0
7426 1
7427 0
7428 0
7429 0
7430 0
7431 0
7432 0
7433 0
7434 1
7435 0
7436 1
7437 1
7438 1
7439 1
7440 0
7441 0
7442 0
7443 0
7444 0
7445 0
7446 0
7447 2
7448 1
7449 1
7450 1
7451 0
7452 0
7453 0
7454 1
7455 0
7456 1
7457 0
7458 0
7459 1
7460 1
7461 0
7462 0
7463 1
7464 1
7465 1
7466 1
7467 0
7468 1
7469 1
7470 0
7471 0
7472 1
7473 0
7474 1
7475 1
7476 1
7477 0
7478 1
7479 1
7480 1
7481 1
7482 1
7483 1
7484 1
7485 1
7486 1
7487 1
7488 0
7489 1
7490 1
7491 0
7492 0
7493 1
7494 1
7495 1
7496 1
7497 0
7498 1
7499 1
7500 1
7501 1
7502 1
7503 1
7504 0
7505 1
7506 1
7507 1
7508 0
7509 1
7510 0
7511 1
7512 1
7513 1
7514 1
7515 0
7516 1
7517 1
7518 0
7519 1
7520 2
7521 1
7522 0
7523 0
7524 1
7525 0
7526 0
7527 1
7528 1
7529 1
7530 1
7531 1
7532 1
7533 1
7534 0
7535 1
7536 1
7537 0
7538 1
7539 0
7540 1
7541 1
7542 2
7543 1
7544 1
7545 1
7546 1
7547 1
7548 0
7549 0
7550 0
7551 1
7552 1
7553 0
7554 1
7555 0
7556 1
7557 0
7558 1
7559 0
7560 1
7561 1
7562 1
7563 0
7564 1
7565 1
7566 1
7567 1
7568 1
7569 1
7570 0
7571 1
7572 0
7573 0
7574 1
7575 1
7576 1
7577 1
7578 0
7579 0
7580 0
7581 0
7582 1
7583 1
7584 1
7585 0
7586 0
7587 0
7588 0
7589 0
7590 0
7591 0
7592 0
7593 0
7594 0
7595 1
7596 1
7597 0
7598 0
7599 1
7600 1
7601 0
7602 0
7603 0
7604 0
7605 1
7606 1
7607 0
7608 1
7609 1
7610 1
7611 0
7612 0
7613 1
7614 1
7615 1
7616 1
7617 1
7618 0
7619 0
7620 1
7621 1
7622 0
7623 1
7624 1
7625 0
7626 1
7627 1
7628 1
7629 1
7630 1
7631 0
7632 1
7633 1
7634 1
7635 0
7636 1
7637 1
7638 1
7639 0
7640 0
7641 0
7642 1
7643 0
7644 0
7645 0
7646 0
7647 0
7648 0
7649 1
7650 0
7651 1
7652 1
7653 0
7654 1
7655 1
7656 1
7657 0
7658 1
7659 1
7660 1
7661 1
7662 2
7663 0
7664 0
7665 0
7666 0
7667 0
7668 0
7669 1
7670 1
7671 1
7672 0
7673 1
7674 1
7675 0
7676 1
7677 1
7678 1
7679 0
7680 1
7681 1
7682 1
7683 1
7684 1
7685 1
7686 0
7687 0
7688 1
7689 1
7690 1
7691 0
7692 0
7693 0
7694 0
7695 0
7696 0
7697 1
7698 2
7699 2
7700 1
7701 1
7702 0
7703 0
7704 0
7705 0
7706 0
7707 0
7708 0
7709 0
7710 0
7711 0
7712 0
7713 0
7714 0
7715 0
7716 0
7717 0
7718 1
7719 0
7720 0
7721 0
7722 0
7723 0
7724 0
7725 0
7726 0
7727 0
7728 0
7729 0
7730 0
7731 0
7732 0
7733 0
7734 0
7735 0
7736 0
7737 0
7738 0
7739 0
7740 0
7741 0
7742 0
7743 0
7744 0
7745 0
7746 0
7747 0
7748 0
7749 0
7750 0
7751 1
7752 1
7753 0
7754 0
7755 1
7756 0
7757 0
7758 0
7759 0
7760 0
7761 0
7762 0
7763 0
7764 0
7765 1
7766 0
7767 0
7768 0
7769 0
7770 0
7771 0
7772 0
7773 0
7774 1
7775 1
7776 1
7777 0
7778 0
7779 1
7780 2
7781 0
7782 1
7783 0
7784 0
7785 1
7786 0
7787 1
7788 0
7789 1
7790 1
7791 0
7792 1
7793 1
7794 0
7795 1
7796 1
7797 1
7798 1
7799 0
7800 0
7801 1
7802 1
7803 1
7804 1
7805 1
7806 0
7807 0
7808 0
7809 1
7810 0
7811 1
7812 0
7813 1
7814 1
7815 1
7816 1
7817 0
7818 0
7819 0
7820 1
7821 1
7822 0
7823 0
7824 0
7825 0
7826 0
7827 0
7828 1
7829 1
7830 0
7831 1
7832 0
7833 0
7834 1
7835 1
7836 1
7837 1
7838 0
7839 0
7840 0
7841 0
7842 1
7843 1
7844 0
7845 0
7846 2
7847 1
7848 1
7849 0
7850 0
7851 0
7852 1
7853 0
7854 1
7855 0
7856 1
7857 1
7858 1
7859 1
7860 1
7861 1
7862 1
7863 0
7864 0
7865 1
7866 1
7867 0
7868 1
7869 0
7870 0
7871 0
7872 0
7873 0
7874 0
7875 0
7876 0
7877 0
7878 0
7879 0
7880 0
7881 0
7882 0
7883 0
7884 0
7885 0
7886 0
7887 0
7888 0
7889 0
7890 0
7891 1
7892 1
7893 1
7894 1
7895 1
7896 1
7897 0
7898 0
7899 1
7900 0
7901 0
7902 0
7903 0
7904 0
7905 0
7906 0
7907 0
7908 0
7909 0
7910 0
7911 0
7912 0
7913 0
7914 0
7915 0
7916 0
7917 0
7918 0
7919 0
7920 0
7921 0
7922 0
7923 1
7924 1
7925 0
7926 0
7927 0
7928 0
7929 0
7930 0
7931 0
7932 0
7933 0
7934 0
7935 1
7936 0
7937 0
7938 0
7939 0
7940 0
7941 0
7942 0
7943 0
7944 0
7945 0
7946 0
7947 0
7948 0
7949 0
7950 1
7951 1
7952 1
7953 0
7954 0
7955 1
7956 0
7957 0
7958 0
7959 0
7960 0
7961 0
7962 0
7963 0
7964 0
7965 0
7966 0
7967 0
7968 0
7969 1
7970 0
7971 0
7972 0
7973 0
7974 0
7975 0
7976 1
7977 0
7978 0
7979 0
7980 0
7981 0
7982 0
7983 0
7984 0
7985 0
7986 0
7987 0
7988 0
7989 0
7990 0
7991 0
7992 0
7993 0
7994 0
7995 0
7996 0
7997 0
7998 0
7999 0
8000 0
8001 0
8002 0
8003 0
8004 0
8005 0
8006 0
8007 0
8008 0
8009 0
8010 0
8011 0
8012 0
8013 0
8014 0
8015 0
8016 0
8017 0
8018 0
8019 0
8020 0
8021 0
8022 0
8023 1
8024 0
8025 0
8026 0
8027 0
8028 0
8029 0
8030 0
8031 0
8032 0
8033 0
8034 0
8035 0
8036 0
8037 0
8038 1
8039 1
8040 1
8041 0
8042 1
8043 1
8044 1
8045 0
8046 1
8047 0
8048 1
8049 1
8050 1
8051 0
8052 0
8053 1
8054 1
8055 1
8056 1
8057 0
8058 0
8059 0
8060 1
8061 1
8062 1
8063 1
8064 1
8065 0
8066 0
8067 1
8068 1
8069 1
8070 0
8071 0
8072 1
8073 1
8074 0
8075 1
8076 0
8077 1
8078 0
8079 1
8080 0
8081 1
8082 1
8083 2
8084 2
8085 1
8086 1
8087 0
8088 1
8089 1
8090 0
8091 1
8092 1
8093 0
8094 1
8095 1
8096 1
8097 0
8098 1
8099 0
8100 1
8101 0
8102 0
8103 1
8104 2
8105 1
8106 0
8107 0
8108 1
8109 1
8110 1
8111 1
8112 0
8113 1
8114 1
8115 1
8116 1
8117 1
8118 1
8119 1
8120 1
8121 1
8122 2
8123 0
8124 1
8125 1
8126 1
8127 0
8128 1
8129 1
8130 1
8131 0
8132 1
8133 0
8134 1
8135 1
8136 0
8137 1
8138 2
8139 1
8140 0
8141 0
8142 0
8143 0
8144 1
8145 0
8146 1
8147 1
8148 1
8149 1
8150 0
8151 1
8152 1
8153 1
8154 1
8155 0
8156 0
8157 1
8158 1
8159 0
8160 0
8161 1
8162 1
8163 1
8164 0
8165 1
8166 1
8167 1
8168 1
8169 1
8170 1
8171 0
8172 0
8173 1
8174 0
8175 1
8176 1
8177 1
8178 0
8179 1
8180 1
8181 0
8182 1
8183 0
8184 1
8185 1
8186 0
8187 1
8188 1
8189 0
8190 1
8191 0
8192 1
8193 0
8194 1
8195 1
8196 1
8197 1
8198 1
8199 1
8200 0
8201 1
8202 1
8203 2
8204 1
8205 2
8206 1
8207 0
8208 0
8209 0
8210 1
8211 1
8212 0
8213 1
8214 1
8215 1
8216 0
8217 0
8218 1
8219 1
8220 1
8221 1
8222 0
8223 1
8224 1
8225 0
8226 0
8227 1
8228 0
8229 1
8230 1
8231 0
8232 0
8233 1
8234 0
8235 1
8236 1
8237 0
8238 1
8239 1
8240 1
8241 1
8242 1
8243 0
8244 0
8245 1
8246 0
8247 1
8248 1
8249 0
8250 0
8251 0
8252 0
8253 0
8254 0
8255 1
8256 0
8257 1
8258 2
8259 1
8260 1
8261 1
8262 0
8263 1
8264 1
8265 0
8266 1
8267 0
8268 0
8269 1
8270 1
8271 1
8272 1
8273 0
8274 0
8275 0
8276 0
8277 0
8278 0
8279 0
8280 0
8281 0
8282 0
8283 0
8284 0
8285 0
8286 1
8287 0
8288 1
8289 0
8290 1
8291 1
8292 0
8293 1
8294 0
8295 0
8296 0
8297 0
8298 0
8299 0
8300 0
8301 0
8302 0
8303 0
8304 0
8305 0
8306 0
8307 0
8308 0
8309 0
8310 2
8311 0
8312 1
8313 1
8314 1
8315 1
8316 1
8317 0
8318 0
8319 1
8320 0
8321 1
8322 0
8323 2
8324 1
8325 0
8326 1
8327 0
8328 1
8329 1
8330 1
8331 1
8332 1
8333 1
8334 0
8335 0
8336 1
8337 0
8338 0
8339 0
8340 0
8341 0
8342 0
8343 0
8344 0
8345 1
8346 1
8347 1
8348 1
8349 2
8350 0
8351 1
8352 1
8353 1
8354 1
8355 0
8356 0
8357 0
8358 1
8359 1
8360 0
8361 1
8362 1
8363 0
8364 1
8365 1
8366 0
8367 1
8368 1
8369 1
8370 1
8371 0
8372 1
8373 1
8374 0
8375 0
8376 1
8377 1
8378 1
8379 1
8380 0
8381 1
8382 0
8383 0
8384 0
8385 0
8386 0
8387 1
8388 0
8389 0
8390 0
8391 0
8392 0
8393 0
8394 0
8395 0
8396 0
8397 0
8398 0
8399 0
8400 0
8401 1
8402 1
8403 1
8404 1
8405 1
8406 1
8407 1
8408 0
8409 1
8410 1
8411 1
8412 1
8413 0
8414 2
8415 0
8416 0
8417 0
8418 0
8419 1
8420 0
8421 0
8422 0
8423 0
8424 1
8425 1
8426 0
8427 0
8428 1
8429 0
8430 1
8431 1
8432 0
8433 0
8434 0
8435 1
8436 1
8437 1
8438 0
8439 0
8440 0
8441 0
8442 0
8443 1
8444 0
8445 1
8446 0
8447 1
8448 1
8449 1
8450 0
8451 1
8452 1
8453 2
8454 1
8455 1
8456 1
8457 1
8458 1
8459 0
8460 1
8461 0
8462 0
8463 1
8464 1
8465 2
8466 1
8467 1
8468 1
8469 0
8470 1
8471 0
8472 1
8473 1
8474 1
8475 1
8476 2
8477 1
8478 0
8479 1
8480 0
8481 1
8482 1
8483 1
8484 1
8485 1
8486 1
8487 0
8488 0
8489 1
8490 1
8491 0
8492 1
8493 0
8494 1
8495 1
8496 1
8497 1
8498 0
8499 1
8500 1
8501 0
8502 1
8503 0
8504 1
8505 1
8506 1
8507 1
8508 0
8509 0
8510 1
8511 1
8512 1
8513 0
8514 0
8515 1
8516 1
8517 1
8518 1
8519 1
8520 1
8521 0
8522 0
8523 0
8524 1
8525 1
8526 1
8527 0
8528 0
8529 0
8530 0
8531 0
8532 1
8533 0
8534 1
8535 0
8536 0
8537 1
8538 0
8539 1
8540 0
8541 0
8542 1
8543 0
8544 1
8545 1
8546 1
8547 0
8548 0
8549 0
8550 1
8551 0
8552 1
8553 0
8554 1
8555 0
8556 0
8557 0
8558 0
8559 1
8560 0
8561 0
8562 0
8563 1
8564 1
8565 0
8566 0
8567 0
8568 1
8569 1
8570 0
8571 1
8572 1
8573 1
8574 2
8575 0
8576 1
8577 0
8578 0
8579 0
8580 1
8581 1
8582 1
8583 0
8584 0
8585 1
8586 0
8587 1
8588 1
8589 0
8590 0
8591 1
8592 0
8593 1
8594 0
8595 1
8596 1
8597 1
8598 0
8599 0
8600 1
8601 2
8602 0
8603 1
8604 1
8605 1
8606 1
8607 1
8608 1
8609 1
8610 1
8611 1
8612 0
8613 1
8614 1
8615 0
8616 0
8617 0
8618 1
8619 1
8620 1
8621 0
8622 1
8623 0
8624 1
8625 1
8626 0
8627 1
8628 0
8629 0
8630 1
8631 0
8632 1
8633 0
8634 1
8635 0
8636 1
8637 0
8638 1
8639 1
8640 1
8641 1
8642 1
8643 0
8644 1
8645 0
8646 0
8647 1
8648 1
8649 0
8650 1
8651 0
8652 0
8653 1
8654 0
8655 1
8656 1
8657 1
8658 1
8659 0
8660 1
8661 0
8662 0
8663 0
8664 1
8665 1
8666 1
8667 0
8668 0
8669 0
8670 0
8671 1
8672 1
8673 0
8674 1
8675 1
8676 0
8677 0
8678 0
8679 1
8680 1
8681 1
8682 0
8683 0
8684 0
8685 1
8686 1
8687 1
8688 1
8689 1
8690 1
8691 0
8692 1
8693 1
8694 2
8695 0
8696 0
8697 1
8698 1
8699 1
8700 1
8701 1
8702 0
8703 1
8704 0
8705 0
8706 1
8707 0
8708 1
8709 1
8710 1
8711 0
8712 1
8713 1
8714 1
8715 0
8716 1
8717 1
8718 1
8719 0
8720 0
8721 1
8722 1
8723 1
8724 0
8725 0
8726 1
8727 0
8728 1
8729 0
8730 1
8731 0
8732 0
8733 1
8734 1
8735 1
8736 1
8737 0
8738 0
8739 0
8740 1
8741 1
8742 1
8743 1
8744 0
8745 1
8746 0
8747 1
8748 0
8749 0
8750 0
8751 0
8752 0
8753 1
8754 0
8755 0
8756 0
8757 1
8758 0
8759 1
8760 1
8761 1
8762 1
8763 0
8764 0
8765 1
8766 0
8767 1
8768 1
8769 0
8770 1
8771 1
8772 1
8773 1
8774 0
8775 1
8776 0
8777 1
8778 1
8779 1
8780 1
8781 1
8782 0
8783 0
8784 1
8785 0
8786 1
8787 0
8788 0
8789 1
8790 0
8791 1
8792 1
8793 0
8794 1
8795 1
8796 1
8797 0
8798 0
8799 1
8800 0
8801 0
8802 0
8803 0
8804 0
8805 0
8806 0
8807 0
8808 0
8809 0
8810 1
8811 1
8812 0
8813 1
8814 0
8815 1
8816 1
8817 1
8818 1
8819 0
8820 0
8821 0
8822 0
8823 0
8824 0
8825 0
8826 0
8827 0
8828 1
8829 1
8830 1
8831 1
8832 1
8833 0
8834 0
8835 1
8836 1
8837 0
8838 1
8839 0
8840 0
8841 1
8842 0
8843 1
8844 1
8845 0
8846 1
8847 1
8848 0
8849 1
8850 1
8851 1
8852 0
8853 1
8854 1
8855 0
8856 1
8857 1
8858 1
8859 0
8860 0
8861 0
8862 0
8863 0
8864 1
8865 0
8866 0
8867 0
8868 1
8869 1
8870 1
8871 0
8872 1
8873 0
8874 0
8875 1
8876 1
8877 0
8878 1
8879 1
8880 0
8881 1
8882 1
8883 0
8884 1
8885 0
8886 1
8887 1
8888 1
8889 0
8890 0
8891 1
8892 1
8893 1
8894 0
8895 0
8896 1
8897 1
8898 1
8899 1
8900 1
8901 1
8902 0
8903 1
8904 0
8905 2
8906 1
8907 0
8908 1
8909 0
8910 0
8911 1
8912 1
8913 1
8914 1
8915 0
8916 0
8917 1
8918 0
8919 0
8920 1
8921 0
8922 0
8923 1
8924 1
8925 1
8926 1
8927 0
8928 1
8929 1
8930 1
8931 1
8932 0
8933 1
8934 0
8935 1
8936 1
8937 0
8938 0
8939 1
8940 1
8941 1
8942 1
8943 1
8944 1
8945 0
8946 1
8947 1
8948 1
8949 0
8950 0
8951 1
8952 1
8953 1
8954 1
8955 1
8956 1
8957 1
8958 1
8959 1
8960 1
8961 1
8962 0
8963 0
8964 1
8965 0
8966 0
8967 0
8968 1
8969 1
8970 0
8971 0
8972 1
8973 1
8974 1
8975 1
8976 1
8977 1
8978 0
8979 1
8980 1
8981 1
8982 1
8983 0
8984 1
8985 2
8986 1
8987 0
8988 0
8989 0
8990 0
8991 1
8992 2
8993 0
8994 0
8995 1
8996 1
8997 0
8998 1
8999 1
9000 0
9001 0
9002 0
9003 2
9004 1
9005 1
9006 0
9007 0
9008 0
9009 0
9010 1
9011 0
9012 1
9013 2
9014 1
9015 0
9016 0
9017 1
9018 1
9019 0
9020 1
9021 1
9022 1
9023 1
9024 1
9025 1
9026 1
9027 1
9028 1
9029 0
9030 1
9031 1
9032 1
9033 0
9034 0
9035 1
9036 0
9037 0
9038 1
9039 0
9040 0
9041 1
9042 0
9043 1
9044 1
9045 0
9046 1
9047 1
9048 1
9049 0
9050 0
9051 0
9052 1
9053 0
9054 1
9055 1
9056 0
9057 0
9058 0
9059 0
9060 1
9061 0
9062 0
9063 1
9064 1
9065 1
9066 1
9067 0
9068 0
9069 0
9070 1
9071 1
9072 0
9073 1
9074 0
9075 0
9076 0
9077 1
9078 1
9079 1
9080 0
9081 1
9082 1
9083 1
9084 1
9085 1
9086 1
9087 0
9088 1
9089 0
9090 0
9091 1
9092 1
9093 0
9094 1
9095 1
9096 1
9097 0
9098 0
9099 0
9100 0
9101 0
9102 0
9103 0
9104 0
9105 1
9106 1
9107 1
9108 0
9109 0
9110 0
9111 0
9112 0
9113 1
9114 1
9115 0
9116 1
9117 0
9118 0
9119 0
9120 0
9121 0
9122 0
9123 0
9124 0
9125 1
9126 1
9127 1
9128 0
9129 0
9130 0
9131 1
9132 1
9133 0
9134 0
9135 1
9136 1
9137 0
9138 1
9139 0
9140 1
9141 1
9142 1
9143 1
9144 1
9145 0
9146 1
9147 0
9148 0
9149 0
9150 0
9151 0
9152 1
9153 0
9154 0
9155 1
9156 1
9157 1
9158 1
9159 0
9160 0
9161 1
9162 0
9163 0
9164 0
9165 1
9166 1
9167 0
9168 1
9169 1
9170 0
9171 0
9172 0
9173 1
9174 1
9175 1
9176 0
9177 1
9178 1
9179 1
9180 1
9181 0
9182 0
9183 0
9184 0
9185 1
9186 0
9187 1
9188 1
9189 1
9190 0
9191 1
9192 1
9193 1
9194 0
9195 1
9196 1
9197 1
9198 0
9199 1
9200 0
9201 0
9202 1
9203 1
9204 1
9205 1
9206 1
9207 1
9208 1
9209 1
9210 1
9211 0
9212 0
9213 0
9214 0
9215 1
9216 0
9217 1
9218 0
9219 1
9220 0
9221 1
9222 1
9223 1
9224 1
9225 0
9226 1
9227 1
9228 1
9229 1
9230 1
9231 1
9232 1
9233 1
9234 1
9235 1
9236 1
9237 1
9238 1
9239 1
9240 1
9241 1
9242 0
9243 1
9244 1
9245 1
9246 1
9247 0
9248 0
9249 1
9250 1
9251 1
9252 0
9253 0
9254 1
9255 0
9256 0
9257 1
9258 0
9259 1
9260 1
9261 1
9262 1
9263 1
9264 1
9265 1
9266 1
9267 0
9268 1
9269 1
9270 1
9271 0
9272 1
9273 1
9274 1
9275 0
9276 1
9277 1
9278 1
9279 0
9280 0
9281 1
9282 1
9283 1
9284 0
9285 0
9286 1
9287 1
9288 1
9289 1
9290 0
9291 1
9292 2
9293 0
9294 1
9295 1
9296 0
9297 2
9298 0
9299 0
9300 1
9301 0
9302 1
9303 1
9304 1
9305 0
9306 1
9307 1
9308 0
9309 0
9310 1
9311 0
9312 2
9313 1
9314 0
9315 0
9316 1
9317 0
9318 0
9319 2
9320 0
9321 0
9322 0
9323 1
9324 1
9325 0
9326 1
9327 0
9328 0
9329 1
9330 0
9331 1
9332 1
9333 1
9334 0
9335 0
9336 0
9337 0
9338 1
9339 2
9340 1
9341 0
9342 1
9343 1
9344 0
9345 1
9346 1
9347 1
9348 1
9349 0
9350 0
9351 1
9352 1
9353 1
9354 1
9355 1
9356 0
9357 0
9358 1
9359 1
9360 0
9361 1
9362 1
9363 1
9364 0
9365 0
9366 1
9367 1
9368 0
9369 1
9370 0
9371 0
9372 0
9373 1
9374 0
9375 2
9376 0
9377 0
9378 1
9379 1
9380 1
9381 1
9382 0
9383 2
9384 1
9385 0
9386 0
9387 1
9388 1
9389 1
9390 1
9391 0
9392 0
9393 1
9394 1
9395 1
9396 0
9397 2
9398 0
9399 1
9400 0
9401 1
9402 1
9403 2
9404 0
9405 0
9406 0
9407 1
9408 2
9409 0
9410 0
9411 0
9412 1
9413 0
9414 1
9415 1
9416 0
9417 1
9418 0
9419 0
9420 1
9421 0
9422 1
9423 0
9424 1
9425 0
9426 1
9427 1
9428 0
9429 1
9430 1
9431 0
9432 1
9433 1
9434 1
9435 0
9436 1
9437 1
9438 1
9439 2
9440 1
9441 1
9442 1
9443 0
9444 1
9445 0
9446 1
9447 1
9448 0
9449 0
9450 0
9451 0
9452 0
9453 0
9454 0
9455 0
9456 0
9457 0
9458 1
9459 0
9460 0
9461 0
9462 0
9463 0
9464 0
9465 0
9466 0
9467 0
9468 1
9469 0
9470 1
9471 0
9472 0
9473 0
9474 1
9475 0
9476 0
9477 0
9478 0
9479 0
9480 0
9481 1
9482 0
9483 0
9484 0
9485 0
9486 0
9487 0
9488 0
9489 0
9490 0
9491 0
9492 0
9493 0
9494 0
9495 0
9496 0
9497 0
9498 0
9499 0
9500 0
9501 0
9502 0
9503 0
9504 0
9505 0
9506 0
9507 1
9508 1
9509 1
9510 1
9511 0
9512 0
9513 1
9514 1
9515 1
9516 0
9517 1
9518 1
9519 1
9520 1
9521 1
9522 1
9523 1
9524 1
9525 1
9526 1
9527 1
9528 0
9529 0
9530 0
9531 0
9532 0
9533 0
9534 0
9535 0
9536 0
9537 0
9538 0
9539 0
9540 0
9541 0
9542 1
9543 1
9544 1
9545 0
9546 0
9547 0
9548 0
9549 0
9550 0
9551 0
9552 0
9553 0
9554 0
9555 0
9556 0
9557 0
9558 0
9559 0
9560 0
9561 0
9562 0
9563 0
9564 0
9565 0
9566 0
9567 0
9568 1
9569 0
9570 1
9571 1
9572 0
9573 1
9574 0
9575 1
9576 1
9577 0
9578 1
9579 1
9580 1
9581 0
9582 1
9583 1
9584 1
9585 1
9586 1
9587 0
9588 1
9589 0
9590 1
9591 0
9592 1
9593 1
9594 1
9595 1
9596 1
9597 1
9598 0
9599 0
9600 0
9601 0
9602 0
9603 0
9604 0
9605 1
9606 2
9607 1
9608 1
9609 0
9610 0
9611 0
9612 1
9613 1
9614 1
9615 0
9616 1
9617 1
9618 1
9619 1
9620 1
9621 0
9622 1
9623 1
9624 0
9625 0
9626 0
9627 0
9628 0
9629 0
9630 0
9631 0
9632 0
9633 0
9634 0
9635 0
9636 0
9637 0
9638 0
9639 0
9640 1
9641 0
9642 0
9643 0
9644 0
9645 0
9646 0
9647 0
9648 0
9649 0
9650 0
9651 0
9652 1
9653 1
9654 1
9655 0
9656 1
9657 0
9658 1
9659 1
9660 1
9661 1
9662 0
9663 1
9664 0
9665 1
9666 1
9667 1
9668 1
9669 1
9670 0
9671 1
9672 0
9673 0
9674 1
9675 1
9676 1
9677 1
9678 1
9679 1
9680 1
9681 1
9682 0
9683 0
9684 1
9685 1
9686 0
9687 1
9688 0
9689 0
9690 1
9691 1
9692 1
9693 0
9694 1
9695 1
9696 1
9697 1
9698 1
9699 0
9700 1
9701 1
9702 0
9703 0
9704 0
9705 0
9706 2
9707 1
9708 0
9709 0
9710 0
9711 0
9712 1
9713 1
9714 1
9715 1
9716 0
9717 0
9718 0
9719 1
9720 0
9721 0
9722 1
9723 1
9724 1
9725 1
9726 0
9727 1
9728 1
9729 0
9730 1
9731 1
9732 1
9733 1
9734 1
9735 1
9736 1
9737 0
9738 1
9739 1
9740 0
9741 0
9742 0
9743 0
9744 0
9745 0
9746 0
9747 0
9748 1
9749 0
9750 1
9751 1
9752 1
9753 0
9754 0
9755 1
9756 0
9757 1
9758 1
9759 0
9760 0
9761 1
9762 1
9763 0
9764 1
9765 0
9766 1
9767 1
9768 0
9769 1
9770 1
9771 0
9772 0
9773 0
9774 0
9775 0
9776 1
9777 1
9778 1
9779 1
9780 1
9781 0
9782 1
9783 1
9784 0
9785 1
9786 0
9787 1
9788 1
9789 1
9790 1
9791 1
9792 1
9793 0
9794 1
9795 1
9796 1
9797 1
9798 1
9799 1
9800 0
9801 0
9802 0
9803 0
9804 0
9805 0
9806 1
9807 0
9808 0
9809 0
9810 0
9811 0
9812 0
9813 0
9814 0
9815 0
9816 0
9817 0
9818 0
9819 0
9820 0
9821 1
9822 1
9823 0
9824 1
9825 1
9826 1
9827 0
9828 0
9829 0
9830 1
9831 2
9832 0
9833 0
9834 1
9835 1
9836 0
9837 0
9838 2
9839 1
9840 0
9841 1
9842 1
9843 1
9844 1
9845 0
9846 1
9847 1
9848 0
9849 0
9850 0
9851 0
9852 1
9853 0
9854 0
9855 0
9856 0
9857 1
9858 1
9859 1
9860 1
9861 1
9862 0
9863 1
9864 0
9865 1
9866 1
9867 1
9868 0
9869 1
9870 0
9871 0
9872 1
9873 1
9874 0
9875 0
9876 0
9877 1
9878 0
9879 1
9880 0
9881 0
9882 1
9883 1
9884 1
9885 0
9886 0
9887 1
9888 0
9889 0
9890 0
9891 0
9892 0
9893 0
9894 0
9895 0
9896 0
9897 0
9898 0
9899 0
9900 0
9901 0
9902 0
9903 0
9904 0
9905 0
9906 0
9907 0
9908 0
9909 0
9910 0
9911 0
9912 0
9913 0
9914 0
9915 0
9916 0
9917 0
9918 0
9919 0
9920 0
9921 0
9922 0
9923 0
9924 0
9925 0
9926 0
9927 0
9928 0
9929 0
9930 0
9931 0
9932 0
9933 0
9934 0
9935 0
9936 0
9937 0
9938 0
9939 0
9940 0
9941 0
9942 0
9943 0
9944 0
9945 0
9946 1
9947 0
9948 0
9949 0
9950 0
9951 1
9952 1
9953 1
9954 1
9955 1
9956 1
9957 0
9958 0
9959 0
9960 1
9961 1
9962 0
9963 0
9964 0
9965 0
9966 0
9967 0
9968 2
9969 0
9970 0
9971 1
9972 1
9973 1
9974 1
9975 0
9976 0
9977 0
9978 0
9979 0
9980 0
9981 1
9982 2
9983 0
9984 0
9985 0
9986 1
9987 0
9988 0
9989 0
9990 1
9991 0
9992 0
9993 1
9994 1
9995 1
9996 0
9997 1
9998 0
9999 0
10000 1
10001 1
