1 0
2 1
3 0
4 1
5 1
6 2
7 0
8 2
9 1
10 2
11 2
12 1
13 1
14 1
15 2
16 0
17 2
18 1
19 0
20 1
21 1
22 1
23 1
24 2
25 1
26 1
27 2
28 2
29 1
30 2
31 1
32 2
33 1
34 1
35 3
36 1
37 0
38 1
39 1
40 1
41 2
42 1
43 0
44 1
45 1
46 0
47 2
48 2
49 0
50 2
51 2
52 1
53 2
54 1
55 2
56 2
57 2
58 2
59 1
60 1
61 1
62 1
63 1
64 2
65 2
66 0
67 0
68 1
69 2
70 1
71 2
72 2
73 1
74 1
75 3
76 1
77 2
78 2
79 2
80 1
81 2
82 2
83 0
84 1
85 2
86 2
87 2
88 2
89 2
90 1
91 0
92 0
93 0
94 1
95 1
96 1
97 0
98 1
99 0
100 1
101 1
102 2
103 0
104 2
105 0
106 2
107 2
108 2
109 2
110 2
111 1
112 1
113 0
114 0
115 1
116 1
117 3
118 0
119 1
120 2
121 2
122 2
123 0
124 2
125 2
126 1
127 1
128 1
129 1
130 1
131 2
132 2
133 0
134 2
135 2
136 1
137 1
138 1
139 2
140 2
141 0
142 2
143 2
144 1
145 1
146 0
147 2
148 1
149 2
150 1
151 1
152 2
153 1
154 1
155 0
156 0
157 0
158 0
159 0
160 0
161 0
162 0
163 1
164 1
165 0
166 0
167 1
168 0
169 0
170 1
171 0
172 0
173 0
174 0
175 0
176 0
177 0
178 0
179 0
180 0
181 0
182 0
183 0
184 0
185 0
186 0
187 0
188 0
189 1
190 0
191 0
192 0
193 0
194 0
195 0
196 1
197 2
198 0
199 1
200 0
201 1
202 0
203 0
204 0
205 0
206 0
207 0
208 0
209 0
210 0
211 0
212 0
213 0
214 0
215 1
216 1
217 1
218 0
219 2
220 0
221 1
222 0
223 0
224 0
225 0
226 0
227 0
228 1
229 0
230 0
231 0
232 0
233 0
234 0
235 0
236 0
237 0
238 1
239 1
240 1
241 1
242 0
243 0
244 0
245 0
246 0
247 0
248 0
249 0
250 0
251 0
252 0
253 0
254 1
255 2
256 1
257 2
258 0
259 1
260 0
261 2
262 1
263 1
264 2
265 1
266 0
267 1
268 0
269 3
270 2
271 2
272 2
273 1
274 0
275 2
276 1
277 1
278 1
279 1
280 1
281 1
282 2
283 2
284 2
285 2
286 1
287 2
288 1
289 1
290 3
291 2
292 0
293 2
294 1
295 2
296 1
297 2
298 2
299 0
300 0
301 0
302 1
303 1
304 0
305 0
306 1
307 1
308 1
309 0
310 1
311 1
312 2
313 1
314 1
315 0
316 1
317 0
318 2
319 1
320 1
321 1
322 2
323 1
324 1
325 2
326 0
327 1
328 2
329 2
330 2
331 1
332 1
333 2
334 0
335 3
336 1
337 1
338 2
339 1
340 2
341 2
342 2
343 1
344 1
345 1
346 2
347 0
348 1
349 0
350 1
351 0
352 3
353 2
354 2
355 0
356 2
357 2
358 1
359 0
360 1
361 2
362 2
363 1
364 1
365 2
366 2
367 2
368 2
369 1
370 1
371 0
372 2
373 1
374 2
375 1
376 1
377 0
378 2
379 1
380 2
381 2
382 1
383 1
384 2
385 1
386 1
387 1
388 2
389 2
390 1
391 1
392 2
393 1
394 3
395 0
396 1
397 2
398 2
399 1
400 1
401 1
402 1
403 2
404 1
405 2
406 1
407 1
408 1
409 1
410 1
411 2
412 2
413 1
414 1
415 2
416 1
417 0
418 1
419 2
420 2
421 2
422 2
423 1
424 1
425 2
426 1
427 1
428 1
429 0
430 0
431 1
432 2
433 2
434 2
435 0
436 2
437 2
438 2
439 2
440 2
441 1
442 2
443 2
444 1
445 2
446 0
447 1
448 2
449 2
450 2
451 2
452 1
453 1
454 1
455 3
456 2
457 1
458 2
459 2
460 2
461 1
462 2
463 2
464 1
465 2
466 0
467 2
468 2
469 1
470 1
471 1
472 2
473 0
474 2
475 1
476 2
477 2
478 0
479 1
480 2
481 1
482 2
483 1
484 1
485 2
486 1
487 2
488 0
489 1
490 2
491 1
492 1
493 2
494 2
495 0
496 1
497 1
498 1
499 2
500 1
501 1
502 1
503 1
504 1
505 2
506 1
507 1
508 2
509 1
510 0
511 1
512 1
513 1
514 1
515 1
516 1
517 1
518 1
519 2
520 1
521 1
522 0
523 1
524 2
525 1
526 1
527 2
528 2
529 2
530 0
531 1
532 0
533 2
534 2
535 1
536 2
537 2
538 2
539 1
540 1
541 2
542 0
543 0
544 1
545 3
546 0
547 1
548 1
549 1
550 1
551 3
552 2
553 0
554 0
555 1
556 1
557 3
558 2
559 2
560 1
561 2
562 2
563 1
564 2
565 2
566 2
567 1
568 1
569 1
570 2
571 0
572 0
573 1
574 1
575 1
576 2
577 2
578 1
579 1
580 1
581 1
582 1
583 2
584 3
585 3
586 1
587 1
588 1
589 2
590 0
591 2
592 3
593 2
594 1
595 2
596 2
597 2
598 2
599 2
600 2
601 2
602 1
603 0
604 2
605 2
606 1
607 1
608 1
609 2
610 1
611 2
612 2
613 1
614 1
615 1
616 0
617 2
618 1
619 2
620 0
621 0
622 2
623 1
624 2
625 2
626 1
627 1
628 2
629 1
630 1
631 1
632 1
633 2
634 2
635 3
636 2
637 0
638 2
639 0
640 1
641 0
642 2
643 1
644 1
645 2
646 1
647 1
648 2
649 2
650 3
651 3
652 1
653 2
654 1
655 1
656 0
657 2
658 2
659 1
660 1
661 2
662 1
663 1
664 2
665 1
666 2
667 2
668 3
669 1
670 1
671 0
672 1
673 3
674 2
675 2
676 1
677 2
678 1
679 2
680 2
681 1
682 0
683 0
684 1
685 0
686 1
687 1
688 0
689 1
690 0
691 1
692 1
693 1
694 0
695 2
696 0
697 0
698 1
699 1
700 0
701 0
702 0
703 0
704 0
705 0
706 1
707 1
708 2
709 2
710 0
711 1
712 1
713 2
714 1
715 1
716 2
717 2
718 1
719 2
720 0
721 2
722 1
723 2
724 2
725 2
726 2
727 1
728 1
729 0
730 1
731 0
732 0
733 0
734 0
735 0
736 0
737 1
738 0
739 0
740 0
741 1
742 1
743 0
744 0
745 0
746 1
747 1
748 1
749 1
750 1
751 0
752 1
753 1
754 0
755 0
756 1
757 0
758 1
759 0
760 0
761 0
762 1
763 2
764 1
765 2
766 2
767 2
768 1
769 1
770 2
771 1
772 1
773 0
774 2
775 3
776 1
777 2
778 2
779 2
780 1
781 2
782 2
783 1
784 2
785 2
786 1
787 2
788 2
789 1
790 2
791 1
792 2
793 1
794 2
795 2
796 1
797 1
798 2
799 1
800 1
801 1
802 1
803 2
804 1
805 1
806 1
807 2
808 1
809 1
810 0
811 0
812 2
813 1
814 2
815 2
816 1
817 2
818 1
819 1
820 1
821 1
822 0
823 1
824 0
825 1
826 1
827 2
828 1
829 1
830 2
831 0
832 2
833 2
834 0
835 1
836 2
837 1
838 1
839 0
840 1
841 1
842 1
843 1
844 2
845 1
846 1
847 1
848 1
849 2
850 0
851 0
852 1
853 1
854 0
855 1
856 1
857 1
858 2
859 1
860 2
861 1
862 2
863 2
864 1
865 1
866 1
867 2
868 0
869 1
870 1
871 0
872 2
873 0
874 1
875 0
876 1
877 0
878 1
879 1
880 2
881 2
882 1
883 2
884 1
885 2
886 2
887 1
888 2
889 1
890 1
891 0
892 1
893 2
894 1
895 1
896 0
897 2
898 1
899 1
900 1
901 2
902 1
903 0
904 0
905 0
906 1
907 2
908 1
909 1
910 1
911 1
912 0
913 2
914 1
915 1
916 2
917 1
918 1
919 0
920 0
921 0
922 2
923 1
924 0
925 1
926 1
927 0
928 1
929 0
930 0
931 2
932 1
933 1
934 2
935 1
936 2
937 2
938 1
939 1
940 1
941 2
942 0
943 1
944 1
945 2
946 1
947 2
948 2
949 0
950 2
951 1
952 1
953 1
954 2
955 2
956 1
957 1
958 1
959 1
960 1
961 2
962 2
963 1
964 2
965 1
966 1
967 0
968 1
969 1
970 1
971 3
972 2
973 0
974 3
975 2
976 1
977 0
978 1
979 1
980 2
981 1
982 2
983 0
984 1
985 2
986 2
987 2
988 2
989 1
990 2
991 1
992 0
993 1
994 2
995 1
996 1
997 0
998 0
999 0
1000 1
1001 0
1002 0
1003 0
1004 0
1005 1
1006 0
1007 0
1008 1
1009 2
1010 1
1011 2
1012 3
1013 2
1014 2
1015 2
1016 1
1017 2
1018 1
1019 0
1020 0
1021 2
1022 2
1023 1
1024 3
1025 1
1026 1
1027 1
1028 2
1029 1
1030 1
1031 0
1032 1
1033 2
1034 0
1035 2
1036 1
1037 1
1038 1
1039 0
1040 0
1041 0
1042 1
1043 0
1044 1
1045 1
1046 1
1047 0
1048 2
1049 0
1050 1
1051 1
1052 1
1053 1
1054 1
1055 1
1056 2
1057 1
1058 1
1059 1
1060 2
1061 2
1062 0
1063 2
1064 2
1065 1
1066 1
1067 1
1068 2
1069 1
1070 0
1071 1
1072 1
1073 2
1074 2
1075 0
1076 0
1077 2
1078 1
1079 1
1080 1
1081 0
1082 1
1083 2
1084 1
1085 2
1086 0
1087 0
1088 1
1089 1
1090 0
1091 0
1092 0
1093 1
1094 0
1095 0
1096 0
1097 0
1098 1
1099 0
1100 1
1101 0
1102 1
1103 2
1104 0
1105 0
1106 0
1107 0
1108 1
1109 0
1110 1
1111 0
1112 2
1113 1
1114 1
1115 3
1116 1
1117 1
1118 1
1119 2
1120 3
1121 1
1122 1
1123 2
1124 1
1125 1
1126 0
1127 1
1128 1
1129 0
1130 1
1131 1
1132 0
1133 0
1134 1
1135 1
1136 0
1137 0
1138 1
1139 1
1140 1
1141 0
1142 0
1143 1
1144 1
1145 0
1146 1
1147 1
1148 0
1149 0
1150 1
1151 0
1152 0
1153 0
1154 1
1155 1
1156 1
1157 0
1158 1
1159 1
1160 1
1161 0
1162 0
1163 1
1164 1
1165 1
1166 1
1167 1
1168 0
1169 0
1170 0
1171 0
1172 0
1173 0
1174 1
1175 0
1176 0
1177 0
1178 0
1179 0
1180 0
1181 0
1182 0
1183 0
1184 0
1185 0
1186 0
1187 0
1188 0
1189 0
1190 0
1191 0
1192 0
1193 0
1194 0
1195 0
1196 0
1197 0
1198 0
1199 0
1200 0
1201 0
1202 0
1203 1
1204 0
1205 0
1206 0
1207 0
1208 0
1209 0
1210 0
1211 0
1212 0
1213 0
1214 0
1215 0
1216 0
1217 0
1218 0
1219 2
1220 1
1221 0
1222 1
1223 1
1224 2
1225 2
1226 2
1227 0
1228 2
1229 1
1230 1
1231 1
1232 1
1233 0
1234 1
1235 2
1236 1
1237 1
1238 1
1239 1
1240 1
1241 0
1242 1
1243 1
1244 1
1245 2
1246 2
1247 1
1248 2
1249 2
1250 2
1251 1
1252 2
1253 0
1254 1
1255 0
1256 2
1257 2
1258 1
1259 1
1260 1
1261 1
1262 1
1263 1
1264 2
1265 2
1266 1
1267 1
1268 1
1269 1
1270 2
1271 2
1272 2
1273 2
1274 0
1275 1
1276 2
1277 0
1278 1
1279 2
1280 0
1281 1
1282 2
1283 0
1284 0
1285 1
1286 1
1287 1
1288 1
1289 2
1290 2
1291 0
1292 1
1293 1
1294 1
1295 1
1296 0
1297 2
1298 2
1299 2
1300 1
1301 2
1302 0
1303 2
1304 0
1305 0
1306 2
1307 1
1308 2
1309 1
1310 2
1311 0
1312 1
1313 2
1314 0
1315 2
1316 1
1317 1
1318 2
1319 2
1320 0
1321 2
1322 2
1323 0
1324 0
1325 0
1326 0
1327 2
1328 1
1329 1
1330 0
1331 1
1332 1
1333 2
1334 0
1335 0
1336 1
1337 0
1338 1
1339 0
1340 0
1341 0
1342 1
1343 0
1344 0
1345 0
1346 0
1347 0
1348 0
1349 0
1350 0
1351 0
1352 0
1353 0
1354 0
1355 0
1356 0
1357 0
1358 0
1359 0
1360 0
1361 0
1362 0
1363 0
1364 0
1365 0
1366 0
1367 0
1368 0
1369 0
1370 0
1371 0
1372 0
1373 0
1374 0
1375 1
1376 1
1377 1
1378 1
1379 0
1380 0
1381 0
1382 0
1383 1
1384 0
1385 0
1386 0
1387 0
1388 0
1389 0
1390 0
1391 0
1392 1
1393 0
1394 0
1395 0
1396 0
1397 1
1398 0
1399 0
1400 0
1401 0
1402 1
1403 0
1404 0
1405 0
1406 0
1407 0
1408 0
1409 0
1410 0
1411 0
1412 1
1413 1
1414 1
1415 0
1416 0
1417 1
1418 1
1419 0
1420 0
1421 1
1422 1
1423 1
1424 1
1425 0
1426 0
1427 0
1428 0
1429 0
1430 0
1431 1
1432 0
1433 0
1434 0
1435 1
1436 1
1437 1
1438 1
1439 0
1440 1
1441 0
1442 0
1443 0
1444 0
1445 1
1446 0
1447 1
1448 1
1449 1
1450 0
1451 0
1452 0
1453 1
1454 0
1455 1
1456 1
1457 0
1458 0
1459 1
1460 1
1461 0
1462 1
1463 0
1464 0
1465 0
1466 0
1467 0
1468 0
1469 1
1470 0
1471 0
1472 0
1473 0
1474 0
1475 0
1476 0
1477 1
1478 1
1479 1
1480 1
1481 0
1482 0
1483 0
1484 1
1485 0
1486 1
1487 0
1488 0
1489 0
1490 0
1491 1
1492 1
1493 1
1494 0
1495 1
1496 1
1497 0
1498 0
1499 0
1500 0
1501 0
1502 0
1503 0
1504 0
1505 0
1506 0
1507 1
1508 0
1509 0
1510 0
1511 0
1512 0
1513 0
1514 1
1515 0
1516 0
1517 0
1518 0
1519 0
1520 1
1521 1
1522 0
1523 0
1524 0
1525 0
1526 0
1527 0
1528 1
1529 0
1530 0
1531 0
1532 0
1533 0
1534 0
1535 1
1536 0
1537 1
1538 0
1539 0
1540 1
1541 0
1542 0
1543 0
1544 0
1545 0
1546 0
1547 0
1548 0
1549 0
1550 0
1551 0
1552 0
1553 0
1554 1
1555 0
1556 0
1557 0
1558 1
1559 0
1560 0
1561 0
1562 0
1563 0
1564 1
1565 0
1566 0
1567 1
1568 0
1569 0
1570 0
1571 1
1572 0
1573 0
1574 1
1575 1
1576 0
1577 1
1578 1
1579 1
1580 2
1581 1
1582 1
1583 1
1584 1
1585 0
1586 1
1587 1
1588 0
1589 0
1590 0
1591 1
1592 1
1593 0
1594 0
1595 1
1596 1
1597 1
1598 0
1599 1
1600 0
1601 1
1602 0
1603 1
1604 0
1605 0
1606 1
1607 0
1608 0
1609 0
1610 1
1611 1
1612 1
1613 1
1614 0
1615 0
1616 0
1617 0
1618 0
1619 0
1620 0
1621 0
1622 0
1623 0
1624 0
1625 0
1626 1
1627 1
1628 0
1629 1
1630 1
1631 0
1632 1
1633 0
1634 1
1635 1
1636 0
1637 0
1638 0
1639 0
1640 0
1641 0
1642 0
1643 1
1644 0
1645 1
1646 0
1647 1
1648 1
1649 0
1650 0
1651 0
1652 0
1653 0
1654 1
1655 0
1656 0
1657 1
1658 1
1659 0
1660 0
1661 1
1662 1
1663 0
1664 0
1665 0
1666 0
1667 0
1668 0
1669 1
1670 1
1671 0
1672 1
1673 1
1674 1
1675 0
1676 0
1677 0
1678 0
1679 1
1680 0
1681 0
1682 0
1683 0
1684 0
1685 1
1686 1
1687 1
1688 0
1689 0
1690 0
1691 1
1692 1
1693 0
1694 0
1695 0
1696 0
1697 1
1698 0
1699 0
1700 1
1701 1
1702 0
1703 0
1704 1
1705 0
1706 1
1707 1
1708 1
1709 0
1710 0
1711 0
1712 0
1713 0
1714 0
1715 0
1716 0
1717 0
1718 0
1719 0
1720 0
1721 0
1722 0
1723 0
1724 0
1725 1
1726 1
1727 0
1728 0
1729 0
1730 1
1731 0
1732 1
1733 1
1734 0
1735 0
1736 0
1737 0
1738 0
1739 1
1740 0
1741 1
1742 0
1743 0
1744 1
1745 0
1746 0
1747 1
1748 0
1749 1
1750 0
1751 0
1752 0
1753 0
1754 0
1755 1
1756 0
1757 1
1758 1
1759 1
1760 1
1761 0
1762 0
1763 1
1764 0
1765 2
1766 1
1767 2
1768 0
1769 1
1770 1
1771 0
1772 0
1773 1
1774 0
1775 0
1776 0
1777 0
1778 0
1779 0
1780 0
1781 0
1782 0
1783 0
1784 0
1785 0
1786 0
1787 0
1788 0
1789 0
1790 0
1791 1
1792 0
1793 0
1794 0
1795 0
1796 0
1797 0
1798 1
1799 0
1800 0
1801 0
1802 0
1803 0
1804 0
1805 0
1806 1
1807 0
1808 0
1809 0
1810 0
1811 1
1812 0
1813 1
1814 0
1815 0
1816 0
1817 0
1818 0
1819 1
1820 1
1821 0
1822 0
1823 0
1824 0
1825 0
1826 0
1827 0
1828 0
1829 0
1830 1
1831 0
1832 0
1833 0
1834 0
1835 0
1836 0
1837 0
1838 0
1839 0
1840 0
1841 0
1842 0
1843 0
1844 0
1845 0
1846 0
1847 0
1848 0
1849 0
1850 1
1851 0
1852 0
1853 0
1854 0
1855 0
1856 0
1857 0
1858 0
1859 0
1860 1
1861 0
1862 0
1863 1
1864 0
1865 0
1866 0
1867 1
1868 1
1869 0
1870 0
1871 0
1872 0
1873 0
1874 0
1875 0
1876 0
1877 0
1878 1
1879 1
1880 0
1881 0
1882 0
1883 0
1884 1
1885 0
1886 1
1887 0
1888 0
1889 0
1890 0
1891 0
1892 0
1893 0
1894 0
1895 0
1896 0
1897 0
1898 0
1899 1
1900 0
1901 0
1902 0
1903 1
1904 0
1905 0
1906 0
1907 0
1908 0
1909 0
1910 0
1911 0
1912 0
1913 0
1914 0
1915 0
1916 0
1917 1
1918 0
1919 1
1920 1
1921 0
1922 1
1923 0
1924 0
1925 0
1926 0
1927 0
1928 1
1929 0
1930 0
1931 1
1932 0
1933 0
1934 0
1935 0
1936 0
1937 0
1938 1
1939 1
1940 1
1941 1
1942 0
1943 0
1944 0
1945 1
1946 0
1947 1
1948 0
1949 0
1950 0
1951 0
1952 1
1953 1
1954 0
1955 0
1956 0
1957 1
1958 0
1959 0
1960 0
1961 1
1962 0
1963 0
1964 0
1965 0
1966 0
1967 0
1968 0
1969 0
1970 0
1971 1
1972 1
1973 0
1974 0
1975 0
1976 0
1977 0
1978 0
1979 0
1980 0
1981 1
1982 0
1983 0
1984 1
1985 1
1986 1
1987 0
1988 1
1989 0
1990 2
1991 1
1992 1
1993 0
1994 1
1995 1
1996 0
1997 1
1998 0
1999 0
2000 1
2001 1
2002 0
2003 0
2004 1
2005 1
2006 0
2007 1
2008 1
2009 1
2010 1
2011 0
2012 0
2013 0
2014 1
2015 1
2016 1
2017 1
2018 0
2019 1
2020 0
2021 1
2022 1
2023 0
2024 1
2025 1
2026 1
2027 0
2028 1
2029 0
2030 1
2031 0
2032 1
2033 1
2034 1
2035 1
2036 1
2037 1
2038 1
2039 1
2040 1
2041 1
2042 1
2043 1
2044 0
2045 1
2046 1
2047 1
2048 1
2049 1
2050 1
2051 1
2052 1
2053 1
2054 1
2055 1
2056 1
2057 0
2058 1
2059 1
2060 1
2061 1
2062 0
2063 1
2064 1
2065 1
2066 0
2067 0
2068 0
2069 1
2070 1
2071 0
2072 0
2073 0
2074 1
2075 0
2076 0
2077 0
2078 0
2079 0
2080 0
2081 0
2082 0
2083 0
2084 0
2085 0
2086 0
2087 0
2088 0
2089 0
2090 0
2091 0
2092 0
2093 0
2094 0
2095 0
2096 0
2097 0
2098 0
2099 0
2100 0
2101 0
2102 0
2103 0
2104 0
2105 0
2106 0
2107 1
2108 0
2109 1
2110 1
2111 1
2112 0
2113 0
2114 1
2115 1
2116 0
2117 0
2118 1
2119 1
2120 0
2121 0
2122 1
2123 0
2124 1
2125 0
2126 0
2127 0
2128 1
2129 0
2130 0
2131 1
2132 0
2133 0
2134 0
2135 0
2136 1
2137 0
2138 1
2139 0
2140 1
2141 0
2142 1
2143 0
2144 0
2145 0
2146 0
2147 0
2148 1
2149 1
2150 0
2151 0
2152 0
2153 1
2154 0
2155 0
2156 0
2157 0
2158 0
2159 0
2160 0
2161 0
2162 0
2163 0
2164 1
2165 0
2166 1
2167 1
2168 0
2169 0
2170 0
2171 0
2172 0
2173 1
2174 0
2175 1
2176 0
2177 0
2178 0
2179 0
2180 1
2181 1
2182 1
2183 1
2184 1
2185 0
2186 1
2187 1
2188 0
2189 1
2190 1
2191 1
2192 0
2193 1
2194 0
2195 0
2196 1
2197 0
2198 0
2199 0
2200 0
2201 0
2202 1
2203 1
2204 1
2205 0
2206 0
2207 0
2208 0
2209 0
2210 0
2211 0
2212 1
2213 1
2214 0
2215 0
2216 0
2217 1
2218 0
2219 1
2220 1
2221 1
2222 1
2223 1
2224 1
2225 1
2226 0
2227 1
2228 1
2229 0
2230 0
2231 0
2232 1
2233 1
2234 0
2235 0
2236 0
2237 1
2238 0
2239 0
2240 0
2241 0
2242 0
2243 0
2244 0
2245 0
2246 0
2247 0
2248 0
2249 0
2250 0
2251 0
2252 0
2253 0
2254 0
2255 0
2256 0
2257 0
2258 1
2259 0
2260 1
2261 0
2262 0
2263 0
2264 0
2265 1
2266 0
2267 0
2268 0
2269 0
2270 0
2271 0
2272 0
2273 1
2274 0
2275 0
2276 0
2277 0
2278 1
2279 0
2280 0
2281 0
2282 1
2283 1
2284 0
2285 0
2286 0
2287 0
2288 0
2289 0
2290 0
2291 0
2292 0
2293 0
2294 0
2295 0
2296 0
2297 0
2298 0
2299 1
2300 0
2301 0
2302 1
2303 0
2304 0
2305 1
2306 1
2307 0
2308 1
2309 0
2310 0
2311 0
2312 0
2313 0
2314 1
2315 0
2316 0
2317 0
2318 0
2319 1
2320 0
2321 0
2322 0
2323 0
2324 1
2325 0
2326 1
2327 0
2328 0
2329 0
2330 0
2331 0
2332 0
2333 0
2334 0
2335 0
2336 0
2337 0
2338 0
2339 0
2340 0
2341 0
2342 0
2343 0
2344 0
2345 1
2346 0
2347 1
2348 0
2349 0
2350 1
2351 0
2352 1
2353 0
2354 1
2355 0
2356 0
2357 0
2358 0
2359 0
2360 0
2361 0
2362 1
2363 0
2364 0
2365 0
2366 0
2367 0
2368 0
2369 0
2370 0
2371 0
2372 0
2373 0
2374 0
2375 0
2376 0
2377 0
2378 0
2379 0
2380 0
2381 0
2382 0
2383 0
2384 0
2385 0
2386 0
2387 0
2388 0
2389 0
2390 0
2391 0
2392 0
2393 0
2394 0
2395 0
2396 0
2397 0
2398 0
2399 0
2400 0
2401 0
2402 0
2403 0
2404 0
2405 0
2406 0
2407 0
2408 0
2409 0
2410 0
2411 0
2412 0
2413 0
2414 0
2415 0
2416 0
2417 0
2418 0
2419 0
2420 0
2421 1
2422 1
2423 0
2424 0
2425 0
2426 1
2427 1
2428 0
2429 0
2430 0
2431 0
2432 0
2433 0
2434 0
2435 0
2436 0
2437 0
2438 0
2439 0
2440 0
2441 0
2442 0
2443 0
2444 1
2445 1
2446 0
2447 0
2448 0
2449 0
2450 0
2451 0
2452 0
2453 0
2454 0
2455 0
2456 0
2457 0
2458 0
2459 0
2460 0
2461 0
2462 0
2463 0
2464 0
2465 0
2466 0
2467 0
2468 0
2469 0
2470 0
2471 0
2472 0
2473 0
2474 0
2475 0
2476 0
2477 0
2478 0
2479 0
2480 0
2481 0
2482 0
2483 0
2484 0
2485 0
2486 0
2487 0
2488 0
2489 0
2490 0
2491 0
2492 0
2493 0
2494 0
2495 0
2496 0
2497 0
2498 0
2499 0
2500 0
2501 1
2502 0
2503 0
2504 0
2505 0
2506 0
2507 0
2508 0
2509 1
2510 0
2511 1
2512 0
2513 1
2514 1
2515 1
2516 0
2517 1
2518 0
2519 0
2520 1
2521 0
2522 1
2523 0
2524 0
2525 0
2526 0
2527 0
2528 0
2529 1
2530 1
2531 0
2532 0
2533 0
2534 0
2535 0
2536 0
2537 0
2538 1
2539 0
2540 1
2541 0
2542 0
2543 1
2544 0
2545 1
2546 0
2547 0
2548 1
2549 0
2550 0
2551 1
2552 0
2553 0
2554 0
2555 0
2556 0
2557 0
2558 0
2559 0
2560 0
2561 1
2562 0
2563 1
2564 0
2565 0
2566 1
2567 1
2568 1
2569 0
2570 0
2571 0
2572 0
2573 0
2574 0
2575 0
2576 0
2577 0
2578 0
2579 0
2580 0
2581 0
2582 0
2583 0
2584 0
2585 0
2586 0
2587 0
2588 0
2589 0
2590 0
2591 0
2592 0
2593 0
2594 0
2595 0
2596 0
2597 0
2598 1
2599 1
2600 0
2601 1
2602 1
2603 1
2604 0
2605 0
2606 0
2607 0
2608 1
2609 0
2610 1
2611 1
2612 0
2613 0
2614 1
2615 1
2616 0
2617 0
2618 0
2619 0
2620 1
2621 0
2622 0
2623 0
2624 0
2625 0
2626 1
2627 1
2628 0
2629 0
2630 0
2631 0
2632 0
2633 1
2634 0
2635 0
2636 0
2637 1
2638 1
2639 0
2640 1
2641 1
2642 0
2643 0
2644 0
2645 0
2646 0
2647 0
2648 0
2649 0
2650 0
2651 0
2652 1
2653 0
2654 1
2655 0
2656 0
2657 0
2658 0
2659 0
2660 0
2661 0
2662 0
2663 0
2664 0
2665 0
2666 0
2667 0
2668 0
2669 0
2670 0
2671 0
2672 0
2673 0
2674 0
2675 0
2676 0
2677 0
2678 0
2679 0
2680 0
2681 0
2682 0
2683 0
2684 0
2685 0
2686 0
2687 0
2688 0
2689 0
2690 0
2691 0
2692 0
2693 0
2694 0
2695 0
2696 0
2697 0
2698 0
2699 0
2700 0
2701 0
2702 0
2703 0
2704 0
2705 0
2706 0
2707 0
2708 0
2709 0
2710 0
2711 0
2712 0
2713 1
2714 0
2715 0
2716 1
2717 0
2718 0
2719 0
2720 0
2721 0
2722 0
2723 0
2724 0
2725 0
2726 0
2727 0
2728 0
2729 0
2730 0
2731 0
2732 0
2733 0
2734 0
2735 0
2736 0
2737 0
2738 1
2739 0
2740 0
2741 0
2742 0
2743 0
2744 1
2745 0
2746 1
2747 0
2748 0
2749 0
2750 1
2751 1
2752 1
2753 0
2754 1
2755 1
2756 0
2757 0
2758 0
2759 0
2760 0
2761 0
2762 0
2763 0
2764 0
2765 0
2766 0
2767 0
2768 0
2769 0
2770 0
2771 0
2772 0
2773 0
2774 0
2775 0
2776 0
2777 0
2778 0
2779 0
2780 0
2781 0
2782 0
2783 0
2784 0
2785 0
2786 0
2787 0
2788 0
2789 0
2790 0
2791 0
2792 0
2793 0
2794 0
2795 0
2796 0
2797 0
2798 0
2799 0
2800 0
2801 0
2802 0
2803 0
2804 0
2805 0
2806 1
2807 0
2808 0
2809 0
2810 1
2811 0
2812 1
2813 1
2814 1
2815 1
2816 0
2817 0
2818 0
2819 0
2820 0
2821 1
2822 1
2823 1
2824 0
2825 1
2826 0
2827 1
2828 0
2829 1
2830 0
2831 1
2832 0
2833 1
2834 1
2835 0
2836 1
2837 0
2838 0
2839 0
2840 1
2841 0
2842 0
2843 1
2844 1
2845 1
2846 0
2847 1
2848 0
2849 0
2850 1
2851 0
2852 1
2853 1
2854 1
2855 1
2856 1
2857 1
2858 0
2859 1
2860 1
2861 0
2862 0
2863 1
2864 0
2865 0
2866 1
2867 1
2868 1
2869 0
2870 0
2871 1
2872 0
2873 0
2874 1
2875 1
2876 0
2877 1
2878 1
2879 1
2880 0
2881 0
2882 0
2883 0
2884 0
2885 0
2886 0
2887 0
2888 0
2889 0
2890 0
2891 1
2892 1
2893 0
2894 1
2895 1
2896 1
2897 0
2898 1
2899 1
2900 1
2901 1
2902 1
2903 0
2904 1
2905 0
2906 1
2907 0
2908 0
2909 0
2910 1
2911 1
2912 1
2913 1
2914 1
2915 0
2916 0
2917 1
2918 1
2919 1
2920 1
2921 0
2922 1
2923 1
2924 1
2925 0
2926 0
2927 0
2928 0
2929 0
2930 1
2931 1
2932 1
2933 1
2934 0
2935 0
2936 1
2937 0
2938 0
2939 0
2940 0
2941 1
2942 1
2943 1
2944 1
2945 1
2946 0
2947 0
2948 0
2949 0
2950 0
2951 0
2952 1
2953 0
2954 1
2955 1
2956 1
2957 0
2958 0
2959 1
2960 1
2961 1
2962 0
2963 1
2964 1
2965 1
2966 1
2967 1
2968 1
2969 0
2970 0
2971 1
2972 1
2973 1
2974 0
2975 0
2976 0
2977 1
2978 1
2979 1
2980 1
2981 1
2982 0
2983 0
2984 0
2985 1
2986 1
2987 1
2988 0
2989 1
2990 1
2991 1
2992 0
2993 1
2994 0
2995 1
2996 0
2997 1
2998 0
2999 0
3000 1
3001 1
3002 0
3003 0
3004 0
3005 1
3006 1
3007 0
3008 0
3009 0
3010 1
3011 1
3012 1
3013 0
3014 0
3015 1
3016 0
3017 0
3018 1
3019 1
3020 0
3021 0
3022 0
3023 0
3024 0
3025 1
3026 0
3027 0
3028 1
3029 1
3030 0
3031 0
3032 0
3033 0
3034 0
3035 0
3036 0
3037 1
3038 0
3039 0
3040 0
3041 0
3042 0
3043 0
3044 0
3045 0
3046 0
3047 0
3048 0
3049 0
3050 0
3051 0
3052 1
3053 1
3054 0
3055 1
3056 1
3057 1
3058 1
3059 1
3060 1
3061 0
3062 1
3063 0
3064 0
3065 1
3066 1
3067 1
3068 1
3069 1
3070 0
3071 1
3072 0
3073 1
3074 1
3075 1
3076 1
3077 1
3078 0
3079 1
3080 1
3081 1
3082 0
3083 1
3084 1
3085 1
3086 1
3087 1
3088 0
3089 0
3090 0
3091 0
3092 0
3093 0
3094 0
3095 0
3096 1
3097 1
3098 0
3099 1
3100 0
3101 0
3102 1
3103 0
3104 0
3105 0
3106 0
3107 0
3108 0
3109 0
3110 0
3111 1
3112 0
3113 0
3114 0
3115 0
3116 0
3117 0
3118 1
3119 0
3120 0
3121 0
3122 1
3123 0
3124 0
3125 1
3126 0
3127 0
3128 1
3129 0
3130 0
3131 1
3132 0
3133 0
3134 0
3135 1
3136 0
3137 1
3138 0
3139 0
3140 0
3141 1
3142 0
3143 0
3144 1
3145 0
3146 1
3147 1
3148 1
3149 0
3150 1
3151 1
3152 1
3153 1
3154 0
3155 0
3156 0
3157 0
3158 0
3159 0
3160 0
3161 0
3162 0
3163 0
3164 0
3165 1
3166 0
3167 1
3168 1
3169 0
3170 0
3171 1
3172 1
3173 1
3174 0
3175 1
3176 0
3177 0
3178 0
3179 1
3180 1
3181 1
3182 0
3183 0
3184 0
3185 0
3186 0
3187 1
3188 1
3189 1
3190 1
3191 0
3192 1
3193 0
3194 0
3195 0
3196 0
3197 1
3198 1
3199 0
3200 1
3201 1
3202 1
3203 0
3204 0
3205 0
3206 1
3207 0
3208 0
3209 1
3210 1
3211 1
3212 1
3213 1
3214 1
3215 0
3216 1
3217 1
3218 0
3219 0
3220 0
3221 0
3222 0
3223 0
3224 0
3225 1
3226 1
3227 1
3228 1
3229 0
3230 0
3231 0
3232 0
3233 1
3234 1
3235 0
3236 0
3237 0
3238 0
3239 0
3240 0
3241 0
3242 0
3243 0
3244 0
3245 0
3246 0
3247 0
3248 0
3249 0
3250 0
3251 0
3252 1
3253 0
3254 1
3255 1
3256 0
3257 0
3258 1
3259 1
3260 1
3261 1
3262 1
3263 1
3264 1
3265 0
3266 1
3267 1
3268 1
3269 0
3270 1
3271 1
3272 1
3273 1
3274 0
3275 0
3276 1
3277 1
3278 1
3279 1
3280 1
3281 1
3282 1
3283 0
3284 0
3285 0
3286 0
3287 0
3288 0
3289 0
3290 1
3291 1
3292 0
3293 1
3294 1
3295 1
3296 1
3297 1
3298 1
3299 0
3300 0
3301 0
3302 0
3303 0
3304 0
3305 0
3306 0
3307 1
3308 1
3309 0
3310 0
3311 0
3312 0
3313 1
3314 0
3315 0
3316 1
3317 0
3318 0
3319 1
3320 0
3321 0
3322 1
3323 1
3324 0
3325 0
3326 0
3327 1
3328 0
3329 0
3330 0
3331 0
3332 0
3333 1
3334 0
3335 0
3336 0
3337 1
3338 1
3339 1
3340 1
3341 2
3342 1
3343 0
3344 0
3345 0
3346 0
3347 0
3348 0
3349 0
3350 0
3351 0
3352 0
3353 0
3354 0
3355 0
3356 0
3357 0
3358 1
3359 0
3360 1
3361 0
3362 0
3363 0
3364 0
3365 0
3366 0
3367 0
3368 0
3369 0
3370 0
3371 0
3372 0
3373 0
3374 0
3375 0
3376 0
3377 0
3378 1
3379 0
3380 0
3381 0
3382 0
3383 0
3384 0
3385 0
3386 0
3387 0
3388 0
3389 0
3390 0
3391 0
3392 0
3393 0
3394 0
3395 0
3396 0
3397 0
3398 1
3399 1
3400 0
3401 1
3402 0
3403 0
3404 0
3405 1
3406 0
3407 1
3408 1
3409 1
3410 0
3411 0
3412 1
3413 0
3414 1
3415 0
3416 0
3417 0
3418 0
3419 0
3420 0
3421 0
3422 0
3423 0
3424 0
3425 0
3426 0
3427 1
3428 1
3429 1
3430 0
3431 1
3432 1
3433 1
3434 1
3435 0
3436 0
3437 0
3438 0
3439 0
3440 0
3441 0
3442 0
3443 0
3444 0
3445 0
3446 0
3447 0
3448 1
3449 0
3450 1
3451 0
3452 0
3453 0
3454 0
3455 1
3456 1
3457 0
3458 0
3459 0
3460 0
3461 1
3462 0
3463 0
3464 0
3465 0
3466 1
3467 0
3468 0
3469 0
3470 0
3471 0
3472 0
3473 1
3474 1
3475 0
3476 0
3477 1
3478 0
3479 0
3480 1
3481 1
3482 0
3483 0
3484 1
3485 0
3486 0
3487 0
3488 0
3489 0
3490 1
3491 1
3492 1
3493 0
3494 0
3495 0
3496 0
3497 1
3498 0
3499 0
3500 0
3501 0
3502 0
3503 0
3504 0
3505 0
3506 0
3507 0
3508 0
3509 0
3510 0
3511 0
3512 0
3513 0
3514 0
3515 0
3516 0
3517 0
3518 1
3519 1
3520 0
3521 0
3522 1
3523 0
3524 1
3525 1
3526 1
3527 1
3528 0
3529 1
3530 0
3531 0
3532 0
3533 0
3534 0
3535 0
3536 0
3537 0
3538 1
3539 0
3540 0
3541 1
3542 0
3543 0
3544 0
3545 1
3546 0
3547 1
3548 0
3549 0
3550 0
3551 0
3552 1
3553 0
3554 0
3555 0
3556 0
3557 0
3558 0
3559 0
3560 0
3561 0
3562 0
3563 0
3564 0
3565 0
3566 0
3567 1
3568 0
3569 0
3570 0
3571 0
3572 1
3573 1
3574 1
3575 0
3576 0
3577 1
3578 0
3579 0
3580 0
3581 0
3582 1
3583 0
3584 0
3585 1
3586 0
3587 1
3588 1
3589 0
3590 0
3591 1
3592 0
3593 0
3594 0
3595 0
3596 0
3597 0
3598 0
3599 0
3600 0
3601 0
3602 0
3603 0
3604 1
3605 0
3606 0
3607 0
3608 0
3609 0
3610 0
3611 0
3612 0
3613 1
3614 0
3615 0
3616 1
3617 0
3618 0
3619 1
3620 1
3621 1
3622 1
3623 0
3624 0
3625 0
3626 0
3627 0
3628 0
3629 0
3630 0
3631 0
3632 0
3633 0
3634 0
3635 0
3636 0
3637 1
3638 0
3639 0
3640 0
3641 0
3642 0
3643 0
3644 0
3645 1
3646 1
3647 0
3648 1
3649 0
3650 1
3651 1
3652 0
3653 0
3654 0
3655 0
3656 0
3657 0
3658 1
3659 1
3660 1
3661 0
3662 0
3663 0
3664 0
3665 0
3666 0
3667 0
3668 0
3669 0
3670 0
3671 1
3672 1
3673 0
3674 0
3675 0
3676 1
3677 1
3678 0
3679 1
3680 1
3681 0
3682 0
3683 0
3684 1
3685 0
3686 0
3687 0
3688 0
3689 0
3690 1
3691 0
3692 1
3693 0
3694 0
3695 0
3696 0
3697 0
3698 0
3699 1
3700 0
3701 1
3702 1
3703 0
3704 0
3705 1
3706 0
3707 0
3708 0
3709 0
3710 0
3711 0
3712 0
3713 0
3714 0
3715 1
3716 0
3717 0
3718 0
3719 0
3720 0
3721 0
3722 0
3723 1
3724 1
3725 1
3726 0
3727 0
3728 0
3729 0
3730 0
3731 0
3732 1
3733 1
3734 1
3735 1
3736 0
3737 1
3738 1
3739 0
3740 0
3741 1
3742 0
3743 1
3744 0
3745 1
3746 0
3747 1
3748 0
3749 0
3750 0
3751 1
3752 0
3753 1
3754 0
3755 0
3756 0
3757 1
3758 1
3759 1
3760 1
3761 1
3762 1
3763 1
3764 1
3765 0
3766 1
3767 0
3768 0
3769 0
3770 0
3771 0
3772 1
3773 0
3774 0
3775 0
3776 0
3777 0
3778 0
3779 0
3780 0
3781 0
3782 0
3783 0
3784 0
3785 0
3786 1
3787 0
3788 0
3789 0
3790 0
3791 0
3792 0
3793 0
3794 0
3795 1
3796 0
3797 0
3798 0
3799 0
3800 0
3801 0
3802 0
3803 0
3804 0
3805 0
3806 0
3807 0
3808 0
3809 0
3810 0
3811 0
3812 0
3813 0
3814 0
3815 0
3816 0
3817 0
3818 0
3819 0
3820 1
3821 0
3822 0
3823 0
3824 0
3825 0
3826 0
3827 1
3828 0
3829 0
3830 1
3831 0
3832 0
3833 0
3834 0
3835 0
3836 0
3837 0
3838 0
3839 0
3840 0
3841 0
3842 0
3843 0
3844 0
3845 0
3846 0
3847 0
3848 0
3849 0
3850 0
3851 0
3852 1
3853 1
3854 0
3855 0
3856 0
3857 0
3858 1
3859 0
3860 0
3861 0
3862 1
3863 1
3864 1
3865 1
3866 0
3867 1
3868 0
3869 0
3870 0
3871 0
3872 0
3873 0
3874 0
3875 0
3876 0
3877 0
3878 0
3879 0
3880 0
3881 0
3882 0
3883 0
3884 0
3885 0
3886 0
3887 0
3888 0
3889 0
3890 0
3891 0
3892 0
3893 0
3894 0
3895 0
3896 0
3897 0
3898 0
3899 0
3900 0
3901 0
3902 0
3903 0
3904 0
3905 0
3906 0
3907 0
3908 0
3909 0
3910 1
3911 0
3912 0
3913 0
3914 0
3915 0
3916 0
3917 0
3918 0
3919 0
3920 0
3921 0
3922 0
3923 0
3924 0
3925 0
3926 0
3927 0
3928 0
3929 0
3930 0
3931 0
3932 0
3933 0
3934 0
3935 0
3936 1
3937 0
3938 1
3939 1
3940 0
3941 1
3942 0
3943 0
3944 1
3945 1
3946 1
3947 1
3948 0
3949 1
3950 0
3951 0
3952 0
3953 1
3954 0
3955 0
3956 0
3957 0
3958 0
3959 0
3960 0
3961 0
3962 0
3963 0
3964 0
3965 0
3966 0
3967 0
3968 0
3969 0
3970 0
3971 0
3972 0
3973 0
3974 0
3975 0
3976 0
3977 1
3978 0
3979 1
3980 1
3981 1
3982 0
3983 0
3984 0
3985 1
3986 0
3987 0
3988 0
3989 0
3990 0
3991 0
3992 1
3993 0
3994 1
3995 0
3996 0
3997 0
3998 0
3999 0
4000 0
4001 0
4002 0
4003 0
4004 0
4005 1
4006 0
4007 0
4008 1
4009 0
4010 1
4011 0
4012 0
4013 0
4014 0
4015 1
4016 0
4017 0
4018 0
4019 0
4020 1
4021 0
4022 0
4023 0
4024 0
4025 0
4026 0
4027 0
4028 0
4029 0
4030 0
4031 0
4032 0
4033 0
4034 0
4035 0
4036 0
4037 0
4038 0
4039 0
4040 0
4041 0
4042 0
4043 0
4044 0
4045 0
4046 0
4047 0
4048 0
4049 0
4050 0
4051 0
4052 0
4053 0
4054 0
4055 0
4056 0
4057 0
4058 0
4059 0
4060 0
4061 0
4062 0
4063 0
4064 0
4065 0
4066 0
4067 0
4068 0
4069 0
4070 0
4071 1
4072 1
4073 1
4074 1
4075 1
4076 1
4077 0
4078 0
4079 1
4080 1
4081 0
4082 1
4083 1
4084 0
4085 0
4086 0
4087 1
4088 0
4089 1
4090 0
4091 1
4092 1
4093 0
4094 1
4095 0
4096 0
4097 1
4098 1
4099 1
4100 1
4101 0
4102 0
4103 0
4104 0
4105 0
4106 0
4107 0
4108 0
4109 0
4110 0
4111 1
4112 1
4113 1
4114 0
4115 1
4116 0
4117 0
4118 1
4119 0
4120 1
4121 1
4122 1
4123 0
4124 0
4125 0
4126 0
4127 0
4128 1
4129 1
4130 0
4131 0
4132 1
4133 0
4134 0
4135 1
4136 1
4137 1
4138 0
4139 1
4140 0
4141 0
4142 1
4143 0
4144 0
4145 0
4146 0
4147 0
4148 1
4149 0
4150 0
4151 1
4152 0
4153 0
4154 0
4155 0
4156 1
4157 0
4158 0
4159 1
4160 1
4161 0
4162 0
4163 1
4164 1
4165 1
4166 0
4167 0
4168 0
4169 0
4170 0
4171 0
4172 0
4173 1
4174 0
4175 0
4176 0
4177 1
4178 1
4179 1
4180 1
4181 1
4182 0
4183 0
4184 0
4185 0
4186 0
4187 0
4188 0
4189 0
4190 1
4191 0
4192 0
4193 0
4194 0
4195 0
4196 0
4197 0
4198 0
4199 0
4200 0
4201 0
4202 0
4203 0
4204 0
4205 0
4206 0
4207 0
4208 0
4209 0
4210 0
4211 0
4212 0
4213 0
4214 1
4215 1
4216 1
4217 1
4218 1
4219 0
4220 0
4221 1
4222 1
4223 0
4224 1
4225 1
4226 1
4227 0
4228 0
4229 0
4230 1
4231 1
4232 0
4233 0
4234 0
4235 1
4236 1
4237 0
4238 1
4239 0
4240 1
4241 0
4242 0
4243 0
4244 0
4245 1
4246 0
4247 0
4248 1
4249 0
4250 0
4251 1
4252 0
4253 0
4254 1
4255 0
4256 1
4257 0
4258 0
4259 0
4260 0
4261 0
4262 1
4263 0
4264 0
4265 0
4266 0
4267 0
4268 0
4269 0
4270 0
4271 0
4272 0
4273 0
4274 0
4275 0
4276 0
4277 0
4278 0
4279 0
4280 0
4281 0
4282 0
4283 0
4284 1
4285 1
4286 1
4287 0
4288 1
4289 0
4290 0
4291 0
4292 0
4293 0
4294 0
4295 0
4296 0
4297 0
4298 0
4299 0
4300 0
4301 0
4302 0
4303 0
4304 0
4305 0
4306 0
4307 0
4308 0
4309 0
4310 0
4311 0
4312 0
4313 0
4314 0
4315 0
4316 0
4317 0
4318 0
4319 1
4320 0
4321 0
4322 0
4323 0
4324 1
4325 0
4326 1
4327 0
4328 0
4329 1
4330 0
4331 0
4332 1
4333 1
4334 0
4335 1
4336 1
4337 0
4338 0
4339 0
4340 0
4341 1
4342 0
4343 1
4344 0
4345 0
4346 0
4347 0
4348 0
4349 0
4350 0
4351 0
4352 0
4353 0
4354 0
4355 0
4356 0
4357 0
4358 0
4359 1
4360 1
4361 1
4362 0
4363 0
4364 0
4365 0
4366 1
4367 1
4368 0
4369 0
4370 1
4371 0
4372 0
4373 0
4374 0
4375 0
4376 0
4377 0
4378 0
4379 0
4380 0
4381 0
4382 0
4383 0
4384 1
4385 0
4386 0
4387 1
4388 0
4389 0
4390 1
4391 0
4392 1
4393 0
4394 0
4395 0
4396 0
4397 0
4398 0
4399 0
4400 0
4401 0
4402 1
4403 0
4404 1
4405 1
4406 0
4407 1
4408 1
4409 0
4410 0
4411 1
4412 1
4413 0
4414 1
4415 0
4416 1
4417 0
4418 0
4419 1
4420 1
4421 1
4422 0
4423 1
4424 0
4425 1
4426 1
4427 0
4428 0
4429 0
4430 0
4431 0
4432 0
4433 0
4434 0
4435 0
4436 0
4437 1
4438 1
4439 1
4440 0
4441 0
4442 0
4443 1
4444 1
4445 1
4446 1
4447 0
4448 1
4449 0
4450 0
4451 0
4452 0
4453 1
4454 0
4455 1
4456 0
4457 0
4458 1
4459 0
4460 0
4461 0
4462 0
4463 0
4464 1
4465 1
4466 1
4467 1
4468 2
4469 1
4470 1
4471 0
4472 1
4473 1
4474 0
4475 1
4476 2
4477 0
4478 0
4479 1
4480 1
4481 1
4482 0
4483 0
4484 1
4485 0
4486 0
4487 0
4488 0
4489 0
4490 0
4491 1
4492 1
4493 0
4494 0
4495 0
4496 1
4497 1
4498 0
4499 1
4500 1
4501 0
4502 0
4503 1
4504 1
4505 1
4506 1
4507 1
4508 1
4509 1
4510 1
4511 0
4512 0
4513 0
4514 1
4515 0
4516 1
4517 1
4518 0
4519 1
4520 0
4521 0
4522 1
4523 1
4524 1
4525 0
4526 0
4527 1
4528 1
4529 0
4530 0
4531 0
4532 0
4533 0
4534 1
4535 0
4536 0
4537 1
4538 1
4539 0
4540 1
4541 0
4542 0
4543 1
4544 0
4545 0
4546 0
4547 0
4548 0
4549 0
4550 1
4551 1
4552 1
4553 1
4554 0
4555 0
4556 0
4557 0
4558 1
4559 0
4560 0
4561 1
4562 0
4563 0
4564 0
4565 1
4566 0
4567 0
4568 0
4569 1
4570 0
4571 0
4572 1
4573 0
4574 0
4575 0
4576 1
4577 0
4578 1
4579 1
4580 0
4581 1
4582 0
4583 1
4584 0
4585 0
4586 1
4587 0
4588 1
4589 0
4590 1
4591 0
4592 0
4593 1
4594 1
4595 1
4596 1
4597 1
4598 0
4599 1
4600 0
4601 1
4602 0
4603 1
4604 1
4605 1
4606 0
4607 0
4608 0
4609 1
4610 1
4611 1
4612 0
4613 0
4614 1
4615 1
4616 1
4617 0
4618 1
4619 0
4620 0
4621 0
4622 0
4623 0
4624 0
4625 1
4626 1
4627 1
4628 1
4629 1
4630 1
4631 0
4632 0
4633 0
4634 0
4635 1
4636 1
4637 0
4638 0
4639 0
4640 1
4641 0
4642 1
4643 0
4644 0
4645 0
4646 0
4647 0
4648 1
4649 0
4650 0
4651 0
4652 0
4653 0
4654 0
4655 0
4656 1
4657 1
4658 0
4659 0
4660 0
4661 0
4662 1
4663 1
4664 1
4665 1
4666 1
4667 0
4668 0
4669 0
4670 1
4671 0
4672 0
4673 0
4674 0
4675 0
4676 0
4677 0
4678 0
4679 0
4680 0
4681 0
4682 0
4683 0
4684 0
4685 0
4686 0
4687 0
4688 0
4689 0
4690 0
4691 0
4692 1
4693 0
4694 1
4695 0
4696 0
4697 0
4698 0
4699 1
4700 0
4701 1
4702 0
4703 0
4704 0
4705 0
4706 0
4707 0
4708 0
4709 0
4710 0
4711 0
4712 1
4713 1
4714 0
4715 0
4716 0
4717 0
4718 0
4719 0
4720 0
4721 0
4722 0
4723 0
4724 0
4725 0
4726 0
4727 0
4728 0
4729 0
4730 0
4731 0
4732 0
4733 1
4734 0
4735 0
4736 0
4737 0
4738 1
4739 1
4740 1
4741 1
4742 1
4743 1
4744 1
4745 0
4746 1
4747 0
4748 1
4749 1
4750 1
4751 1
4752 0
4753 1
4754 1
4755 1
4756 1
4757 0
4758 1
4759 0
4760 0
4761 0
4762 1
4763 1
4764 0
4765 1
4766 1
4767 0
4768 1
4769 0
4770 1
4771 1
4772 0
4773 1
4774 1
4775 1
4776 1
4777 0
4778 1
4779 1
4780 1
4781 1
4782 1
4783 1
4784 0
4785 0
4786 0
4787 1
4788 0
4789 0
4790 1
4791 0
4792 0
4793 0
4794 0
4795 0
4796 0
4797 0
4798 0
4799 0
4800 0
4801 0
4802 0
4803 0
4804 0
4805 0
4806 0
4807 0
4808 0
4809 0
4810 0
4811 0
4812 0
4813 0
4814 0
4815 0
4816 0
4817 0
4818 0
4819 0
4820 0
4821 0
4822 0
4823 0
4824 0
4825 0
4826 0
4827 0
4828 0
4829 0
4830 0
4831 0
4832 0
4833 0
4834 0
4835 0
4836 0
4837 0
4838 0
4839 0
4840 0
4841 0
4842 0
4843 1
4844 0
4845 1
4846 0
4847 0
4848 0
4849 0
4850 1
4851 1
4852 0
4853 0
4854 0
4855 0
4856 0
4857 0
4858 1
4859 1
4860 1
4861 0
4862 0
4863 0
4864 1
4865 1
4866 0
4867 0
4868 1
4869 0
4870 0
4871 1
4872 1
4873 0
4874 1
4875 0
4876 0
4877 0
4878 0
4879 0
4880 0
4881 0
4882 0
4883 0
4884 0
4885 0
4886 1
4887 0
4888 0
4889 1
4890 0
4891 0
4892 1
4893 0
4894 1
4895 1
4896 1
4897 0
4898 1
4899 1
4900 1
4901 0
4902 0
4903 1
4904 0
4905 0
4906 0
4907 0
4908 1
4909 0
4910 1
4911 0
4912 0
4913 0
4914 0
4915 1
4916 1
4917 0
4918 0
4919 0
4920 0
4921 1
4922 0
4923 1
4924 0
4925 0
4926 0
4927 0
4928 0
4929 1
4930 1
4931 0
4932 0
4933 1
4934 0
4935 1
4936 0
4937 0
4938 0
4939 0
4940 0
4941 1
4942 0
4943 0
4944 0
4945 0
4946 0
4947 0
4948 0
4949 0
4950 0
4951 0
4952 0
4953 0
4954 1
4955 0
4956 0
4957 0
4958 1
4959 1
4960 1
4961 1
4962 0
4963 0
4964 0
4965 0
4966 1
4967 0
4968 0
4969 1
4970 0
4971 0
4972 0
4973 0
4974 0
4975 0
4976 0
4977 0
4978 0
4979 1
4980 0
4981 0
4982 0
4983 0
4984 1
4985 1
4986 0
4987 0
4988 0
4989 0
4990 0
4991 1
4992 0
4993 0
4994 0
4995 0
4996 1
4997 0
4998 0
4999 0
5000 0
5001 0
5002 0
5003 0
5004 0
5005 0
5006 1
5007 0
5008 1
5009 1
5010 0
5011 0
5012 0
5013 1
5014 0
5015 0
5016 0
5017 0
5018 0
5019 0
5020 0
5021 0
5022 0
5023 0
5024 0
5025 0
5026 0
5027 0
5028 1
5029 0
5030 0
5031 1
5032 0
5033 1
5034 0
5035 1
5036 0
5037 0
5038 0
5039 0
5040 0
5041 0
5042 0
5043 0
5044 0
5045 0
5046 0
5047 0
5048 0
5049 0
5050 1
5051 1
5052 0
5053 0
5054 0
5055 0
5056 0
5057 0
5058 0
5059 0
5060 0
5061 0
5062 0
5063 0
5064 0
5065 0
5066 0
5067 0
5068 0
5069 0
5070 0
5071 0
5072 0
5073 0
5074 0
5075 1
5076 0
5077 1
5078 1
5079 0
5080 0
5081 0
5082 0
5083 0
5084 0
5085 0
5086 0
5087 0
5088 0
5089 0
5090 0
5091 1
5092 0
5093 0
5094 0
5095 0
5096 0
5097 0
5098 0
5099 1
5100 0
5101 0
5102 0
5103 1
5104 1
5105 0
5106 0
5107 0
5108 0
5109 0
5110 1
5111 0
5112 0
5113 0
5114 0
5115 0
5116 1
5117 0
5118 0
5119 0
5120 0
5121 1
5122 0
5123 0
5124 0
5125 0
5126 0
5127 0
5128 0
5129 0
5130 0
5131 0
5132 0
5133 0
5134 0
5135 0
5136 0
5137 0
5138 1
5139 0
5140 0
5141 0
5142 0
5143 1
5144 0
5145 0
5146 0
5147 0
5148 1
5149 0
5150 1
5151 0
5152 0
5153 0
5154 0
5155 0
5156 0
5157 0
5158 0
5159 1
5160 0
5161 0
5162 0
5163 0
5164 0
5165 0
5166 0
5167 0
5168 0
5169 0
5170 1
5171 1
5172 1
5173 1
5174 1
5175 1
5176 0
5177 0
5178 0
5179 1
5180 0
5181 1
5182 0
5183 0
5184 0
5185 1
5186 1
5187 1
5188 0
5189 0
5190 1
5191 1
5192 1
5193 1
5194 0
5195 1
5196 0
5197 0
5198 0
5199 0
5200 1
5201 0
5202 0
5203 1
5204 0
5205 1
5206 1
5207 1
5208 0
5209 0
5210 1
5211 0
5212 0
5213 0
5214 0
5215 1
5216 0
5217 0
5218 0
5219 0
5220 0
5221 0
5222 0
5223 0
5224 1
5225 0
5226 0
5227 0
5228 0
5229 0
5230 1
5231 1
5232 0
5233 1
5234 0
5235 1
5236 0
5237 0
5238 0
5239 0
5240 1
5241 1
5242 0
5243 0
5244 0
5245 1
5246 0
5247 0
5248 0
5249 1
5250 0
5251 0
5252 1
5253 0
5254 0
5255 0
5256 1
5257 1
5258 0
5259 0
5260 1
5261 0
5262 1
5263 0
5264 0
5265 1
5266 1
5267 1
5268 1
5269 1
5270 0
5271 1
5272 0
5273 2
5274 0
5275 0
5276 0
5277 1
5278 0
5279 1
5280 0
5281 0
5282 0
5283 0
5284 0
5285 0
5286 0
5287 0
5288 0
5289 0
5290 0
5291 0
5292 0
5293 0
5294 1
5295 0
5296 0
5297 1
5298 0
5299 1
5300 0
5301 1
5302 1
5303 0
5304 0
5305 0
5306 1
5307 0
5308 0
5309 1
5310 1
5311 1
5312 0
5313 1
5314 0
5315 0
5316 0
5317 0
5318 0
5319 0
5320 0
5321 0
5322 1
5323 0
5324 0
5325 0
5326 0
5327 1
5328 1
5329 1
5330 1
5331 1
5332 1
5333 1
5334 0
5335 1
5336 0
5337 0
5338 0
5339 0
5340 0
5341 1
5342 1
5343 0
5344 0
5345 0
5346 0
5347 0
5348 0
5349 0
5350 0
5351 1
5352 0
5353 1
5354 0
5355 0
5356 0
5357 0
5358 0
5359 1
5360 0
5361 0
5362 0
5363 0
5364 1
5365 1
5366 1
5367 0
5368 1
5369 0
5370 0
5371 0
5372 1
5373 0
5374 0
5375 0
5376 0
5377 1
5378 0
5379 0
5380 0
5381 1
5382 1
5383 0
5384 0
5385 1
5386 1
5387 1
5388 1
5389 0
5390 1
5391 0
5392 1
5393 1
5394 0
5395 1
5396 1
5397 1
5398 1
5399 1
5400 1
5401 1
5402 1
5403 1
5404 1
5405 1
5406 0
5407 0
5408 1
5409 0
5410 1
5411 0
5412 0
5413 0
5414 0
5415 0
5416 0
5417 0
5418 0
5419 0
5420 0
5421 1
5422 0
5423 1
5424 1
5425 0
5426 0
5427 1
5428 0
5429 0
5430 0
5431 0
5432 0
5433 0
5434 1
5435 0
5436 0
5437 0
5438 0
5439 0
5440 0
5441 0
5442 1
5443 0
5444 0
5445 1
5446 1
5447 0
5448 0
5449 1
5450 1
5451 0
5452 1
5453 0
5454 0
5455 0
5456 0
5457 0
5458 0
5459 0
5460 0
5461 0
5462 0
5463 0
5464 0
5465 1
5466 0
5467 0
5468 1
5469 1
5470 1
5471 0
5472 1
5473 0
5474 1
5475 1
5476 0
5477 1
5478 1
5479 0
5480 1
5481 0
5482 1
5483 1
5484 1
5485 0
5486 1
5487 0
5488 1
5489 1
5490 1
5491 0
5492 1
5493 0
5494 0
5495 0
5496 1
5497 0
5498 1
5499 1
5500 0
5501 1
5502 0
5503 1
5504 0
5505 1
5506 0
5507 0
5508 0
5509 0
5510 0
5511 0
5512 0
5513 0
5514 0
5515 0
5516 0
5517 1
5518 1
5519 0
5520 0
5521 1
5522 1
5523 1
5524 0
5525 1
5526 1
5527 1
5528 0
5529 0
5530 1
5531 0
5532 0
5533 0
5534 0
5535 1
5536 1
5537 0
5538 0
5539 1
5540 1
5541 0
5542 1
5543 0
5544 1
5545 0
5546 0
5547 0
5548 0
5549 0
5550 1
5551 0
5552 0
5553 0
5554 0
5555 1
5556 0
5557 1
5558 1
5559 0
5560 1
5561 1
5562 1
5563 0
5564 0
5565 1
5566 0
5567 0
5568 1
5569 1
5570 1
5571 1
5572 1
5573 0
5574 0
5575 1
5576 1
5577 1
5578 1
5579 0
5580 1
5581 1
5582 1
5583 0
5584 3
5585 1
5586 1
5587 0
5588 1
5589 2
5590 0
5591 1
5592 1
5593 2
5594 1
5595 1
5596 2
5597 2
5598 2
5599 2
5600 0
5601 1
5602 1
5603 2
5604 2
5605 2
5606 1
5607 0
5608 2
5609 2
5610 2
5611 2
5612 2
5613 1
5614 2
5615 2
5616 2
5617 0
5618 2
5619 1
5620 1
5621 0
5622 1
5623 2
5624 0
5625 1
5626 2
5627 0
5628 0
5629 1
5630 1
5631 2
5632 1
5633 1
5634 0
5635 2
5636 1
5637 1
5638 2
5639 1
5640 0
5641 1
5642 2
5643 1
5644 0
5645 0
5646 2
5647 1
5648 1
5649 1
5650 0
5651 2
5652 2
5653 0
5654 1
5655 1
5656 0
5657 0
5658 0
5659 2
5660 2
5661 1
5662 1
5663 1
5664 1
5665 1
5666 0
5667 1
5668 2
5669 2
5670 1
5671 1
5672 1
5673 1
5674 1
5675 2
5676 1
5677 0
5678 0
5679 1
5680 2
5681 2
5682 1
5683 1
5684 2
5685 1
5686 1
5687 0
5688 2
5689 0
5690 1
5691 1
5692 2
5693 2
5694 2
5695 1
5696 1
5697 2
5698 1
5699 3
5700 1
5701 1
5702 1
5703 3
5704 2
5705 1
5706 2
5707 1
5708 1
5709 1
5710 2
5711 2
5712 1
5713 1
5714 1
5715 1
5716 2
5717 1
5718 1
5719 1
5720 1
5721 0
5722 0
5723 0
5724 0
5725 0
5726 1
5727 1
5728 0
5729 1
5730 0
5731 1
5732 0
5733 1
5734 1
5735 0
5736 0
5737 1
5738 0
5739 1
5740 0
5741 0
5742 1
5743 1
5744 0
5745 2
5746 0
5747 1
5748 2
5749 1
5750 1
5751 1
5752 1
5753 1
5754 2
5755 1
5756 2
5757 1
5758 1
5759 1
5760 2
5761 3
5762 1
5763 1
5764 0
5765 2
5766 1
5767 2
5768 1
5769 3
5770 2
5771 1
5772 1
5773 2
5774 3
5775 1
5776 1
5777 1
5778 2
5779 2
5780 0
5781 2
5782 2
5783 2
5784 1
5785 2
5786 2
5787 0
5788 1
5789 2
5790 1
5791 1
5792 1
5793 1
5794 1
5795 2
5796 1
5797 2
5798 1
5799 1
5800 1
5801 1
5802 1
5803 1
5804 2
5805 1
5806 1
5807 0
5808 0
5809 1
5810 0
5811 0
5812 1
5813 1
5814 0
5815 0
5816 0
5817 0
5818 0
5819 0
5820 0
5821 1
5822 0
5823 0
5824 2
5825 1
5826 2
5827 1
5828 1
5829 2
5830 2
5831 1
5832 1
5833 1
5834 1
5835 2
5836 2
5837 1
5838 2
5839 1
5840 1
5841 1
5842 1
5843 1
5844 2
5845 2
5846 2
5847 1
5848 1
5849 1
5850 1
5851 1
5852 1
5853 0
5854 1
5855 3
5856 1
5857 1
5858 2
5859 1
5860 2
5861 2
5862 1
5863 0
5864 1
5865 2
5866 2
5867 0
5868 2
5869 2
5870 1
5871 1
5872 1
5873 1
5874 2
5875 1
5876 2
5877 0
5878 2
5879 1
5880 1
5881 1
5882 1
5883 1
5884 0
5885 2
5886 0
5887 2
5888 0
5889 0
5890 0
5891 1
5892 2
5893 1
5894 1
5895 2
5896 3
5897 1
5898 2
5899 2
5900 1
5901 0
5902 2
5903 0
5904 1
5905 0
5906 2
5907 1
5908 1
5909 1
5910 1
5911 1
5912 1
5913 1
5914 1
5915 2
5916 2
5917 1
5918 1
5919 0
5920 2
5921 2
5922 1
5923 1
5924 3
5925 2
5926 0
5927 1
5928 1
5929 1
5930 1
5931 1
5932 1
5933 0
5934 0
5935 1
5936 0
5937 1
5938 1
5939 1
5940 2
5941 0
5942 0
5943 1
5944 0
5945 0
5946 1
5947 1
5948 2
5949 1
5950 3
5951 1
5952 1
5953 0
5954 1
5955 0
5956 0
5957 1
5958 1
5959 0
5960 1
5961 1
5962 2
5963 2
5964 0
5965 2
5966 0
5967 2
5968 1
5969 1
5970 0
5971 3
5972 1
5973 1
5974 2
5975 1
5976 2
5977 2
5978 1
5979 3
5980 2
5981 2
5982 1
5983 1
5984 2
5985 2
5986 1
5987 1
5988 2
5989 2
5990 1
5991 2
5992 1
5993 2
5994 2
5995 1
5996 0
5997 3
5998 2
5999 2
6000 1
6001 2
6002 1
6003 1
6004 0
6005 0
6006 2
6007 0
6008 0
6009 1
6010 0
6011 1
6012 0
6013 1
6014 1
6015 2
6016 2
6017 2
6018 1
6019 1
6020 1
6021 1
6022 1
6023 2
6024 1
6025 2
6026 0
6027 1
6028 2
6029 1
6030 1
6031 2
6032 2
6033 1
6034 1
6035 1
6036 1
6037 2
6038 1
6039 1
6040 2
6041 1
6042 2
6043 1
6044 2
6045 0
6046 1
6047 2
6048 1
6049 2
6050 2
6051 0
6052 1
6053 2
6054 2
6055 1
6056 2
6057 2
6058 2
6059 2
6060 0
6061 2
6062 0
6063 0
6064 2
6065 0
6066 2
6067 0
6068 1
6069 1
6070 1
6071 0
6072 1
6073 1
6074 1
6075 1
6076 1
6077 1
6078 1
6079 1
6080 2
6081 2
6082 1
6083 1
6084 3
6085 1
6086 0
6087 1
6088 1
6089 0
6090 2
6091 0
6092 1
6093 1
6094 1
6095 2
6096 0
6097 1
6098 2
6099 2
6100 2
6101 1
6102 2
6103 1
6104 0
6105 0
6106 1
6107 2
6108 2
6109 2
6110 1
6111 2
6112 1
6113 0
6114 2
6115 1
6116 2
6117 2
6118 1
6119 1
6120 0
6121 0
6122 2
6123 2
6124 2
6125 0
6126 2
6127 2
6128 1
6129 1
6130 2
6131 2
6132 1
6133 1
6134 2
6135 0
6136 1
6137 1
6138 2
6139 2
6140 2
6141 0
6142 1
6143 2
6144 2
6145 1
6146 1
6147 0
6148 0
6149 1
6150 0
6151 1
6152 1
6153 2
6154 0
6155 1
6156 1
6157 1
6158 0
6159 1
6160 2
6161 2
6162 2
6163 1
6164 1
6165 0
6166 1
6167 0
6168 0
6169 1
6170 1
6171 2
6172 2
6173 2
6174 0
6175 0
6176 0
6177 2
6178 1
6179 1
6180 2
6181 1
6182 1
6183 1
6184 1
6185 0
6186 2
6187 2
6188 1
6189 1
6190 2
6191 0
6192 0
6193 0
6194 0
6195 0
6196 1
6197 0
6198 0
6199 0
6200 0
6201 0
6202 0
6203 0
6204 1
6205 1
6206 0
6207 0
6208 0
6209 1
6210 2
6211 1
6212 2
6213 2
6214 3
6215 2
6216 1
6217 1
6218 1
6219 2
6220 1
6221 1
6222 2
6223 1
6224 2
6225 1
6226 2
6227 2
6228 2
6229 2
6230 2
6231 1
6232 1
6233 2
6234 2
6235 2
6236 1
6237 0
6238 1
6239 1
6240 0
6241 2
6242 2
6243 2
6244 1
6245 0
6246 2
6247 2
6248 2
6249 2
6250 1
6251 0
6252 1
6253 1
6254 2
6255 1
6256 2
6257 3
6258 2
6259 2
6260 1
6261 2
6262 2
6263 2
6264 1
6265 2
6266 1
6267 0
6268 1
6269 2
6270 1
6271 2
6272 2
6273 2
6274 2
6275 2
6276 1
6277 1
6278 1
6279 2
6280 2
6281 1
6282 1
6283 2
6284 1
6285 2
6286 2
6287 2
6288 1
6289 2
6290 1
6291 1
6292 2
6293 1
6294 1
6295 1
6296 1
6297 2
6298 1
6299 1
6300 1
6301 1
6302 2
6303 1
6304 2
6305 0
6306 1
6307 1
6308 1
6309 1
6310 2
6311 0
6312 1
6313 1
6314 1
6315 2
6316 2
6317 1
6318 1
6319 3
6320 2
6321 2
6322 1
6323 1
6324 1
6325 1
6326 1
6327 2
6328 2
6329 0
6330 2
6331 2
6332 0
6333 1
6334 0
6335 1
6336 2
6337 1
6338 1
6339 2
6340 1
6341 3
6342 1
6343 1
6344 2
6345 1
6346 1
6347 2
6348 1
6349 2
6350 1
6351 1
6352 0
6353 1
6354 1
6355 2
6356 0
6357 0
6358 1
6359 0
6360 0
6361 0
6362 1
6363 0
6364 1
6365 2
6366 1
6367 1
6368 1
6369 1
6370 0
6371 1
6372 2
6373 2
6374 0
6375 1
6376 1
6377 1
6378 1
6379 0
6380 2
6381 2
6382 2
6383 2
6384 1
6385 3
6386 2
6387 2
6388 2
6389 2
6390 0
6391 2
6392 2
6393 1
6394 2
6395 2
6396 1
6397 2
6398 1
6399 1
6400 0
6401 1
6402 1
6403 2
6404 1
6405 2
6406 2
6407 1
6408 2
6409 1
6410 1
6411 2
6412 1
6413 1
6414 1
6415 2
6416 1
6417 0
6418 1
6419 2
6420 1
6421 1
6422 0
6423 2
6424 2
6425 2
6426 2
6427 2
6428 1
6429 1
6430 2
6431 1
6432 2
6433 2
6434 1
6435 2
6436 2
6437 1
6438 2
6439 0
6440 1
6441 2
6442 1
6443 2
6444 1
6445 0
6446 1
6447 1
6448 1
6449 0
6450 2
6451 2
6452 1
6453 2
6454 1
6455 1
6456 3
6457 1
6458 2
6459 2
6460 1
6461 1
6462 1
6463 0
6464 1
6465 2
6466 1
6467 1
6468 2
6469 1
6470 2
6471 2
6472 2
6473 2
6474 1
6475 2
6476 2
6477 0
6478 0
6479 2
6480 1
6481 0
6482 2
6483 1
6484 0
6485 1
6486 1
6487 1
6488 0
6489 1
6490 2
6491 1
6492 1
6493 0
6494 2
6495 2
6496 1
6497 1
6498 2
6499 1
6500 2
6501 2
6502 1
6503 3
6504 3
6505 2
6506 2
6507 1
6508 1
6509 2
6510 2
6511 2
6512 2
6513 1
6514 2
6515 2
6516 1
6517 2
6518 0
6519 2
6520 3
6521 0
6522 1
6523 3
6524 1
6525 1
6526 1
6527 1
6528 1
6529 2
6530 2
6531 1
6532 1
6533 2
6534 0
6535 2
6536 1
6537 1
6538 1
6539 1
6540 1
6541 1
6542 0
6543 2
6544 1
6545 1
6546 1
6547 1
6548 2
6549 1
6550 0
6551 0
6552 1
6553 2
6554 1
6555 2
6556 1
6557 1
6558 1
6559 1
6560 2
6561 1
6562 1
6563 2
6564 2
6565 1
6566 1
6567 0
6568 1
6569 1
6570 1
6571 1
6572 0
6573 2
6574 1
6575 1
6576 2
6577 1
6578 1
6579 2
6580 1
6581 1
6582 2
6583 2
6584 1
6585 1
6586 2
6587 1
6588 2
6589 1
6590 2
6591 2
6592 1
6593 1
6594 1
6595 2
6596 2
6597 1
6598 1
6599 2
6600 1
6601 1
6602 0
6603 1
6604 0
6605 2
6606 1
6607 1
6608 1
6609 0
6610 0
6611 0
6612 0
6613 0
6614 1
6615 0
6616 1
6617 1
6618 2
6619 0
6620 0
6621 0
6622 0
6623 0
6624 0
6625 0
6626 1
6627 0
6628 0
6629 1
6630 0
6631 0
6632 1
6633 0
6634 1
6635 0
6636 0
6637 1
6638 0
6639 0
6640 1
6641 1
6642 1
6643 1
6644 0
6645 0
6646 0
6647 0
6648 0
6649 1
6650 0
6651 1
6652 0
6653 1
6654 1
6655 0
6656 1
6657 0
6658 0
6659 1
6660 0
6661 0
6662 0
6663 1
6664 0
6665 1
6666 1
6667 1
6668 0
6669 0
6670 0
6671 1
6672 0
6673 0
6674 0
6675 1
6676 1
6677 0
6678 1
6679 1
6680 0
6681 0
6682 0
6683 1
6684 0
6685 0
6686 0
6687 1
6688 0
6689 1
6690 0
6691 0
6692 1
6693 1
6694 0
6695 0
6696 0
6697 1
6698 0
6699 1
6700 0
6701 0
6702 1
6703 1
6704 1
6705 1
6706 1
6707 1
6708 0
6709 0
6710 0
6711 2
6712 0
6713 0
6714 1
6715 0
6716 1
6717 0
6718 0
6719 0
6720 1
6721 1
6722 0
6723 1
6724 1
6725 0
6726 1
6727 0
6728 1
6729 1
6730 1
6731 1
6732 0
6733 1
6734 0
6735 0
6736 0
6737 1
6738 0
6739 0
6740 0
6741 0
6742 1
6743 0
6744 1
6745 2
6746 1
6747 1
6748 1
6749 1
6750 0
6751 1
6752 1
6753 2
6754 3
6755 2
6756 1
6757 1
6758 2
6759 1
6760 1
6761 1
6762 1
6763 1
6764 1
6765 1
6766 1
6767 1
6768 2
6769 1
6770 3
6771 2
6772 1
6773 1
6774 2
6775 0
6776 1
6777 2
6778 1
6779 2
6780 1
6781 2
6782 1
6783 2
6784 1
6785 2
6786 1
6787 2
6788 1
6789 1
6790 0
6791 2
6792 1
6793 2
6794 1
6795 2
6796 1
6797 1
6798 2
6799 0
6800 2
6801 1
6802 0
6803 2
6804 1
6805 1
6806 0
6807 0
6808 0
6809 0
6810 1
6811 0
6812 0
6813 0
6814 0
6815 0
6816 1
6817 0
6818 1
6819 0
6820 0
6821 0
6822 0
6823 0
6824 0
6825 1
6826 1
6827 0
6828 1
6829 0
6830 1
6831 0
6832 1
6833 0
6834 0
6835 1
6836 0
6837 0
6838 0
6839 1
6840 0
6841 1
6842 0
6843 1
6844 1
6845 1
6846 0
6847 2
6848 1
6849 1
6850 0
6851 0
6852 1
6853 0
6854 0
6855 0
6856 1
6857 3
6858 0
6859 1
6860 1
6861 1
6862 0
6863 0
6864 0
6865 2
6866 0
6867 1
6868 1
6869 0
6870 0
6871 0
6872 0
6873 0
6874 0
6875 1
6876 2
6877 1
6878 2
6879 1
6880 1
6881 2
6882 1
6883 1
6884 1
6885 1
6886 1
6887 1
6888 0
6889 2
6890 1
6891 2
6892 2
6893 2
6894 1
6895 2
6896 1
6897 1
6898 0
6899 2
6900 2
6901 1
6902 1
6903 2
6904 1
6905 1
6906 1
6907 1
6908 2
6909 1
6910 2
6911 1
6912 2
6913 1
6914 2
6915 2
6916 1
6917 1
6918 0
6919 1
6920 0
6921 1
6922 1
6923 1
6924 2
6925 1
6926 2
6927 0
6928 1
6929 2
6930 1
6931 2
6932 2
6933 2
6934 1
6935 2
6936 2
6937 2
6938 2
6939 1
6940 1
6941 1
6942 1
6943 2
6944 2
6945 1
6946 2
6947 2
6948 2
6949 1
6950 2
6951 2
6952 2
6953 0
6954 0
6955 1
6956 2
6957 1
6958 1
6959 1
6960 1
6961 1
6962 2
6963 2
6964 3
6965 2
6966 1
6967 1
6968 1
6969 1
6970 1
6971 2
6972 2
6973 2
6974 1
6975 2
6976 2
6977 1
6978 1
6979 1
6980 2
6981 0
6982 2
6983 1
6984 1
6985 1
6986 2
6987 2
6988 2
6989 1
6990 1
6991 1
6992 2
6993 2
6994 2
6995 0
6996 1
6997 1
6998 0
6999 0
7000 2
7001 2
7002 3
7003 2
7004 1
7005 1
7006 1
7007 0
7008 2
7009 2
7010 1
7011 1
7012 1
7013 0
7014 1
7015 2
7016 1
7017 0
7018 1
7019 1
7020 1
7021 0
7022 2
7023 1
7024 2
7025 2
7026 2
7027 1
7028 1
7029 2
7030 1
7031 1
7032 3
7033 1
7034 0
7035 1
7036 0
7037 1
7038 2
7039 2
7040 1
7041 1
7042 0
7043 2
7044 1
7045 1
7046 1
7047 2
7048 1
7049 2
7050 0
7051 1
7052 0
7053 1
7054 2
7055 2
7056 2
7057 2
7058 0
7059 2
7060 1
7061 1
7062 2
7063 1
7064 2
7065 1
7066 2
7067 2
7068 2
7069 2
7070 1
7071 1
7072 0
7073 1
7074 0
7075 0
7076 0
7077 2
7078 2
7079 2
7080 1
7081 2
7082 1
7083 1
7084 1
7085 1
7086 2
7087 1
7088 1
7089 1
7090 2
7091 1
7092 1
7093 2
7094 1
7095 1
7096 2
7097 2
7098 3
7099 1
7100 1
7101 2
7102 0
7103 2
7104 2
7105 1
7106 1
7107 0
7108 1
7109 2
7110 2
7111 1
7112 2
7113 2
7114 1
7115 2
7116 2
7117 2
7118 0
7119 0
7120 2
7121 0
7122 2
7123 2
7124 1
7125 1
7126 1
7127 0
7128 2
7129 1
7130 2
7131 1
7132 2
7133 1
7134 2
7135 1
7136 0
7137 1
7138 1
7139 2
7140 1
7141 2
7142 2
7143 1
7144 2
7145 2
7146 1
7147 2
7148 1
7149 2
7150 1
7151 0
7152 3
7153 1
7154 3
7155 2
7156 2
7157 1
7158 2
7159 1
7160 1
7161 2
7162 2
7163 2
7164 0
7165 1
7166 1
7167 1
7168 1
7169 2
7170 2
7171 2
7172 1
7173 1
7174 2
7175 2
7176 1
7177 1
7178 1
7179 1
7180 1
7181 1
7182 0
7183 2
7184 1
7185 3
7186 1
7187 1
7188 1
7189 2
7190 1
7191 1
7192 1
7193 2
7194 3
7195 1
7196 1
7197 1
7198 2
7199 2
7200 1
7201 0
7202 1
7203 0
7204 1
7205 1
7206 2
7207 0
7208 1
7209 1
7210 1
7211 2
7212 1
7213 1
7214 1
7215 1
7216 2
7217 1
7218 0
7219 2
7220 2
7221 2
7222 1
7223 2
7224 2
7225 1
7226 2
7227 1
7228 2
7229 2
7230 2
7231 2
7232 1
7233 1
7234 2
7235 2
7236 1
7237 2
7238 1
7239 0
7240 1
7241 2
7242 1
7243 3
7244 2
7245 2
7246 1
7247 1
7248 3
7249 0
7250 1
7251 2
7252 2
7253 1
7254 2
7255 2
7256 1
7257 2
7258 1
7259 2
7260 2
7261 1
7262 1
7263 2
7264 2
7265 2
7266 1
7267 1
7268 2
7269 1
7270 2
7271 1
7272 2
7273 2
7274 1
7275 0
7276 2
7277 2
7278 2
7279 2
7280 2
7281 1
7282 1
7283 2
7284 2
7285 1
7286 2
7287 0
7288 1
7289 1
7290 0
7291 2
7292 0
7293 0
7294 1
7295 1
7296 1
7297 1
7298 2
7299 2
7300 1
7301 1
7302 2
7303 0
7304 2
7305 2
7306 2
7307 1
7308 2
7309 1
7310 1
7311 3
7312 0
7313 1
7314 1
7315 1
7316 0
7317 1
7318 3
7319 2
7320 1
7321 2
7322 2
7323 1
7324 0
7325 1
7326 2
7327 0
7328 1
7329 2
7330 3
7331 0
7332 1
7333 1
7334 1
7335 0
7336 2
7337 1
7338 2
7339 2
7340 2
7341 0
7342 1
7343 1
7344 1
7345 2
7346 1
7347 2
7348 2
7349 2
7350 1
7351 2
7352 1
7353 2
7354 1
7355 2
7356 1
7357 2
7358 1
7359 1
7360 2
7361 2
7362 1
7363 2
7364 2
7365 2
7366 0
7367 0
7368 1
7369 0
7370 0
7371 1
7372 0
7373 0
7374 0
7375 0
7376 1
7377 0
7378 0
7379 1
7380 0
7381 0
7382 1
7383 0
7384 0
7385 0
7386 0
7387 0
7388 1
7389 2
7390 1
7391 0
7392 0
7393 0
7394 0
7395 1
7396 0
7397 1
7398 1
7399 0
7400 0
7401 0
7402 2
7403 0
7404 1
7405 0
7406 0
7407 0
7408 0
7409 0
7410 0
7411 0
7412 0
7413 1
7414 0
7415 0
7416 2
7417 1
7418 1
7419 2
7420 1
7421 1
7422 1
7423 2
7424 2
7425 1
7426 2
7427 1
7428 1
7429 1
7430 2
7431 1
7432 0
7433 2
7434 0
7435 2
7436 1
7437 1
7438 2
7439 1
7440 2
7441 1
7442 2
7443 0
7444 3
7445 3
7446 2
7447 2
7448 2
7449 2
7450 0
7451 2
7452 2
7453 0
7454 1
7455 2
7456 1
7457 2
7458 2
7459 0
7460 1
7461 2
7462 1
7463 2
7464 1
7465 2
7466 1
7467 0
7468 3
7469 2
7470 2
7471 0
7472 1
7473 1
7474 1
7475 1
7476 1
7477 1
7478 1
7479 1
7480 1
7481 2
7482 3
7483 2
7484 2
7485 1
7486 3
7487 1
7488 2
7489 2
7490 1
7491 0
7492 2
7493 1
7494 1
7495 2
7496 1
7497 1
7498 0
7499 1
7500 2
7501 2
7502 1
7503 1
7504 1
7505 1
7506 1
7507 3
7508 1
7509 0
7510 0
7511 2
7512 2
7513 1
7514 0
7515 0
7516 2
7517 2
7518 1
7519 0
7520 2
7521 2
7522 0
7523 1
7524 1
7525 1
7526 0
7527 1
7528 0
7529 1
7530 1
7531 1
7532 0
7533 0
7534 1
7535 2
7536 0
7537 0
7538 2
7539 2
7540 1
7541 2
7542 1
7543 2
7544 1
7545 2
7546 3
7547 0
7548 1
7549 0
7550 1
7551 1
7552 1
7553 3
7554 2
7555 2
7556 2
7557 1
7558 0
7559 2
7560 2
7561 1
7562 2
7563 0
7564 0
7565 2
7566 1
7567 2
7568 1
7569 1
7570 0
7571 1
7572 1
7573 2
7574 0
7575 2
7576 1
7577 1
7578 1
7579 1
7580 2
7581 1
7582 2
7583 2
7584 1
7585 1
7586 0
7587 0
7588 1
7589 0
7590 1
7591 1
7592 0
7593 1
7594 1
7595 0
7596 2
7597 2
7598 1
7599 2
7600 0
7601 2
7602 2
7603 1
7604 1
7605 0
7606 1
7607 1
7608 1
7609 1
7610 2
7611 1
7612 1
7613 2
7614 2
7615 2
7616 2
7617 2
7618 2
7619 2
7620 2
7621 1
7622 2
7623 1
7624 2
7625 2
7626 2
7627 1
7628 2
7629 1
7630 1
7631 2
7632 1
7633 2
7634 1
7635 2
7636 1
7637 1
7638 1
7639 0
7640 2
7641 2
7642 1
7643 1
7644 1
7645 1
7646 1
7647 2
7648 1
7649 2
7650 2
7651 2
7652 0
7653 1
7654 0
7655 0
7656 0
7657 0
7658 0
7659 1
7660 0
7661 0
7662 0
7663 0
7664 0
7665 1
7666 1
7667 0
7668 0
7669 0
7670 0
7671 0
7672 0
7673 0
7674 0
7675 0
7676 0
7677 0
7678 0
7679 0
7680 1
7681 0
7682 1
7683 0
7684 1
7685 1
7686 1
7687 0
7688 0
7689 0
7690 1
7691 0
7692 0
7693 0
7694 1
7695 1
7696 1
7697 0
7698 0
7699 1
7700 1
7701 2
7702 0
7703 0
7704 0
7705 0
7706 0
7707 0
7708 1
7709 1
7710 1
7711 1
7712 1
7713 1
7714 1
7715 1
7716 0
7717 1
7718 1
7719 0
7720 0
7721 1
7722 1
7723 0
7724 1
7725 1
7726 0
7727 0
7728 0
7729 1
7730 0
7731 0
7732 1
7733 0
7734 0
7735 0
7736 0
7737 0
7738 1
7739 0
7740 0
7741 0
7742 1
7743 1
7744 0
7745 1
7746 1
7747 2
7748 0
7749 0
7750 1
7751 0
7752 1
7753 0
7754 1
7755 0
7756 1
7757 0
7758 0
7759 1
7760 1
7761 1
7762 1
7763 0
7764 0
7765 1
7766 1
7767 0
7768 0
7769 0
7770 1
7771 0
7772 1
7773 1
7774 2
7775 0
7776 0
7777 1
7778 0
7779 0
7780 0
7781 0
7782 0
7783 0
7784 1
7785 0
7786 0
7787 1
7788 1
7789 0
7790 0
7791 0
7792 0
7793 1
7794 1
7795 0
7796 0
7797 0
7798 0
7799 0
7800 0
7801 0
7802 0
7803 0
7804 0
7805 0
7806 0
7807 0
7808 0
7809 1
7810 0
7811 0
7812 0
7813 0
7814 0
7815 0
7816 1
7817 1
7818 0
7819 0
7820 0
7821 0
7822 0
7823 1
7824 0
7825 0
7826 0
7827 0
7828 0
7829 0
7830 1
7831 0
7832 1
7833 1
7834 1
7835 1
7836 1
7837 2
7838 1
7839 0
7840 2
7841 2
7842 2
7843 1
7844 2
7845 2
7846 1
7847 1
7848 1
7849 0
7850 2
7851 1
7852 2
7853 1
7854 1
7855 1
7856 2
7857 0
7858 1
7859 0
7860 0
7861 0
7862 0
7863 0
7864 1
7865 0
7866 1
7867 1
7868 0
7869 0
7870 0
7871 1
7872 2
7873 1
7874 1
7875 1
7876 1
7877 0
7878 0
7879 1
7880 0
7881 1
7882 0
7883 1
7884 0
7885 1
7886 1
7887 0
7888 0
7889 1
7890 0
7891 0
7892 1
7893 0
7894 0
7895 0
7896 0
7897 0
7898 0
7899 1
7900 1
7901 1
7902 0
7903 0
7904 1
7905 0
7906 1
7907 0
7908 1
7909 0
7910 0
7911 0
7912 1
7913 1
7914 2
7915 1
7916 0
7917 0
7918 1
7919 0
7920 0
7921 0
7922 1
7923 1
7924 1
7925 0
7926 0
7927 0
7928 0
7929 1
7930 1
7931 1
7932 1
7933 0
7934 0
7935 0
7936 0
7937 1
7938 0
7939 1
7940 0
7941 1
7942 0
7943 1
7944 1
7945 0
7946 1
7947 1
7948 1
7949 1
7950 1
7951 1
7952 0
7953 0
7954 0
7955 0
7956 0
7957 0
7958 0
7959 0
7960 0
7961 0
7962 0
7963 0
7964 0
7965 1
7966 0
7967 0
7968 0
7969 0
7970 1
7971 1
7972 0
7973 0
7974 0
7975 0
7976 0
7977 0
7978 0
7979 1
7980 0
7981 1
7982 0
7983 1
7984 1
7985 1
7986 1
7987 1
7988 0
7989 1
7990 0
7991 0
7992 1
7993 0
7994 1
7995 1
7996 1
7997 0
7998 0
7999 0
8000 1
8001 0
8002 0
8003 0
8004 0
8005 1
8006 0
8007 1
8008 1
8009 0
8010 1
8011 0
8012 1
8013 1
8014 1
8015 1
8016 0
8017 1
8018 0
8019 1
8020 1
8021 1
8022 1
8023 0
8024 0
8025 0
8026 0
8027 1
8028 0
8029 0
8030 0
8031 0
8032 0
8033 0
8034 0
8035 1
8036 0
8037 0
8038 0
8039 0
8040 0
8041 0
8042 0
8043 1
8044 0
8045 0
8046 0
8047 0
8048 0
8049 0
8050 0
8051 0
8052 0
8053 0
8054 0
8055 0
8056 0
8057 0
8058 0
8059 0
8060 0
8061 0
8062 0
8063 0
8064 1
8065 0
8066 0
8067 0
8068 0
8069 0
8070 0
8071 1
8072 0
8073 0
8074 0
8075 0
8076 1
8077 0
8078 0
8079 0
8080 0
8081 1
8082 0
8083 0
8084 1
8085 1
8086 1
8087 0
8088 0
8089 0
8090 1
8091 0
8092 1
8093 1
8094 0
8095 0
8096 0
8097 1
8098 1
8099 2
8100 1
8101 1
8102 2
8103 0
8104 0
8105 2
8106 1
8107 1
8108 2
8109 0
8110 2
8111 1
8112 2
8113 1
8114 1
8115 1
8116 2
8117 1
8118 2
8119 0
8120 1
8121 1
8122 1
8123 1
8124 0
8125 0
8126 0
8127 1
8128 0
8129 0
8130 0
8131 0
8132 1
8133 0
8134 0
8135 1
8136 0
8137 0
8138 0
8139 0
8140 0
8141 0
8142 1
8143 0
8144 0
8145 0
8146 0
8147 0
8148 0
8149 0
8150 0
8151 0
8152 0
8153 0
8154 0
8155 0
8156 0
8157 0
8158 0
8159 0
8160 0
8161 0
8162 1
8163 0
8164 0
8165 0
8166 0
8167 0
8168 0
8169 0
8170 1
8171 0
8172 1
8173 0
8174 0
8175 0
8176 0
8177 0
8178 0
8179 0
8180 0
8181 0
8182 0
8183 0
8184 1
8185 1
8186 0
8187 0
8188 0
8189 0
8190 0
8191 1
8192 0
8193 0
8194 0
8195 0
8196 0
8197 0
8198 0
8199 0
8200 0
8201 0
8202 1
8203 0
8204 1
8205 0
8206 0
8207 1
8208 1
8209 1
8210 1
8211 1
8212 2
8213 2
8214 3
8215 1
8216 2
8217 2
8218 1
8219 1
8220 1
8221 1
8222 1
8223 2
8224 1
8225 2
8226 2
8227 1
8228 1
8229 1
8230 0
8231 3
8232 3
8233 1
8234 2
8235 3
8236 2
8237 1
8238 1
8239 2
8240 1
8241 2
8242 2
8243 0
8244 1
8245 2
8246 1
8247 3
8248 2
8249 2
8250 2
8251 2
8252 2
8253 1
8254 2
8255 1
8256 0
8257 2
8258 1
8259 2
8260 0
8261 1
8262 1
8263 1
8264 1
8265 2
8266 1
8267 1
8268 1
8269 2
8270 1
8271 3
8272 0
8273 1
8274 1
8275 0
8276 0
8277 1
8278 0
8279 1
8280 1
8281 0
8282 2
8283 1
8284 1
8285 1
8286 1
8287 2
8288 0
8289 1
8290 1
8291 1
8292 1
8293 2
8294 1
8295 0
8296 0
8297 0
8298 0
8299 1
8300 0
8301 0
8302 0
8303 0
8304 0
8305 1
8306 1
8307 0
8308 1
8309 1
8310 1
8311 2
8312 2
8313 1
8314 0
8315 2
8316 1
8317 1
8318 1
8319 2
8320 1
8321 2
8322 0
8323 2
8324 1
8325 2
8326 1
8327 2
8328 1
8329 0
8330 1
8331 1
8332 0
8333 1
8334 1
8335 1
8336 0
8337 1
8338 0
8339 1
8340 0
8341 1
8342 2
8343 1
8344 0
8345 0
8346 1
8347 0
8348 0
8349 0
8350 1
8351 1
8352 0
8353 0
8354 1
8355 1
8356 1
8357 0
8358 1
8359 1
8360 1
8361 0
8362 1
8363 1
8364 1
8365 1
8366 1
8367 1
8368 1
8369 1
8370 0
8371 1
8372 0
8373 0
8374 0
8375 1
8376 0
8377 1
8378 0
8379 1
8380 0
8381 0
8382 1
8383 0
8384 1
8385 1
8386 0
8387 0
8388 1
8389 0
8390 1
8391 0
8392 1
8393 1
8394 1
8395 1
8396 0
8397 0
8398 0
8399 1
8400 1
8401 1
8402 1
8403 1
8404 1
8405 2
8406 2
8407 1
8408 3
8409 0
8410 0
8411 1
8412 1
8413 1
8414 1
8415 1
8416 1
8417 2
8418 2
8419 2
8420 1
8421 2
8422 2
8423 1
8424 1
8425 2
8426 0
8427 2
8428 2
8429 2
8430 0
8431 2
8432 2
8433 1
8434 2
8435 0
8436 0
8437 0
8438 2
8439 2
8440 1
8441 2
8442 1
8443 0
8444 1
8445 1
8446 1
8447 0
8448 2
8449 0
8450 1
8451 1
8452 2
8453 1
8454 1
8455 3
8456 1
8457 1
8458 0
8459 1
8460 1
8461 1
8462 0
8463 2
8464 0
8465 1
8466 2
8467 2
8468 1
8469 1
8470 2
8471 1
8472 1
8473 1
8474 1
8475 2
8476 3
8477 2
8478 2
8479 1
8480 1
8481 0
8482 2
8483 1
8484 1
8485 0
8486 2
8487 1
8488 2
8489 2
8490 1
8491 1
8492 1
8493 1
8494 1
8495 3
8496 1
8497 1
8498 1
8499 1
8500 2
8501 1
8502 1
8503 2
8504 1
8505 0
8506 2
8507 2
8508 1
8509 2
8510 1
8511 1
8512 1
8513 1
8514 1
8515 1
8516 0
8517 1
8518 1
8519 0
8520 1
8521 2
8522 2
8523 1
8524 1
8525 1
8526 1
8527 2
8528 2
8529 2
8530 2
8531 1
8532 2
8533 1
8534 2
8535 1
8536 2
8537 2
8538 2
8539 3
8540 2
8541 2
8542 1
8543 2
8544 1
8545 1
8546 2
8547 1
8548 1
8549 2
8550 1
8551 2
8552 2
8553 1
8554 1
8555 3
8556 2
8557 2
8558 1
8559 1
8560 3
8561 1
8562 2
8563 0
8564 1
8565 0
8566 2
8567 0
8568 1
8569 1
8570 1
8571 0
8572 1
8573 0
8574 1
8575 1
8576 1
8577 1
8578 1
8579 1
8580 1
8581 2
8582 2
8583 1
8584 1
8585 1
8586 1
8587 1
8588 0
8589 3
8590 2
8591 1
8592 1
8593 2
8594 1
8595 0
8596 1
8597 2
8598 1
8599 1
8600 1
8601 1
8602 2
8603 1
8604 1
8605 1
8606 1
8607 1
8608 3
8609 2
8610 1
8611 2
8612 1
8613 1
8614 1
8615 2
8616 1
8617 0
8618 0
8619 2
8620 0
8621 2
8622 1
8623 0
8624 1
8625 1
8626 1
8627 2
8628 1
8629 1
8630 2
8631 1
8632 2
8633 3
8634 2
8635 2
8636 1
8637 0
8638 1
8639 1
8640 1
8641 1
8642 1
8643 1
8644 2
8645 2
8646 2
8647 0
8648 1
8649 2
8650 1
8651 3
8652 1
8653 1
8654 1
8655 0
8656 1
8657 1
8658 1
8659 1
8660 1
8661 2
8662 2
8663 2
8664 2
8665 1
8666 0
8667 2
8668 2
8669 1
8670 1
8671 0
8672 1
8673 1
8674 2
8675 1
8676 0
8677 2
8678 2
8679 1
8680 1
8681 0
8682 1
8683 2
8684 2
8685 1
8686 0
8687 1
8688 1
8689 1
8690 2
8691 1
8692 2
8693 1
8694 3
8695 2
8696 2
8697 1
8698 2
8699 1
8700 1
8701 1
8702 1
8703 2
8704 2
8705 1
8706 2
8707 1
8708 2
8709 1
8710 1
8711 2
8712 1
8713 1
8714 2
8715 2
8716 1
8717 2
8718 2
8719 2
8720 1
8721 1
8722 1
8723 2
8724 1
8725 0
8726 2
8727 1
8728 2
8729 1
8730 1
8731 2
8732 2
8733 1
8734 1
8735 1
8736 3
8737 3
8738 2
8739 2
8740 1
8741 1
8742 1
8743 1
8744 1
8745 1
8746 2
8747 3
8748 2
8749 2
8750 2
8751 1
8752 1
8753 0
8754 0
8755 1
8756 2
8757 1
8758 1
8759 1
8760 1
8761 1
8762 1
8763 1
8764 1
8765 0
8766 1
8767 1
8768 2
8769 1
8770 1
8771 2
8772 1
8773 3
8774 2
8775 1
8776 2
8777 1
8778 2
8779 0
8780 2
8781 2
8782 0
8783 2
8784 1
8785 1
8786 2
8787 1
8788 2
8789 2
8790 1
8791 2
8792 2
8793 1
8794 2
8795 1
8796 1
8797 2
8798 3
8799 0
8800 1
8801 2
8802 1
8803 1
8804 2
8805 1
8806 1
8807 0
8808 1
8809 0
8810 1
8811 0
8812 0
8813 0
8814 0
8815 0
8816 0
8817 0
8818 1
8819 1
8820 0
8821 0
8822 1
8823 1
8824 1
8825 1
8826 1
8827 0
8828 1
8829 2
8830 2
8831 1
8832 1
8833 2
8834 1
8835 3
8836 2
8837 2
8838 0
8839 1
8840 2
8841 1
8842 0
8843 2
8844 0
8845 1
8846 1
8847 0
8848 1
8849 2
8850 1
8851 2
8852 1
8853 1
8854 1
8855 2
8856 2
8857 1
8858 1
8859 3
8860 1
8861 1
8862 1
8863 1
8864 2
8865 0
8866 2
8867 1
8868 2
8869 2
8870 1
8871 2
8872 1
8873 0
8874 2
8875 1
8876 2
8877 2
8878 2
8879 0
8880 1
8881 2
8882 1
8883 0
8884 0
8885 0
8886 0
8887 0
8888 0
8889 0
8890 0
8891 1
8892 0
8893 0
8894 0
8895 0
8896 0
8897 0
8898 0
8899 0
8900 0
8901 0
8902 0
8903 0
8904 0
8905 1
8906 1
8907 0
8908 0
8909 0
8910 1
8911 1
8912 1
8913 0
8914 1
8915 0
8916 0
8917 0
8918 0
8919 1
8920 0
8921 0
8922 0
8923 1
8924 1
8925 0
8926 0
8927 0
8928 0
8929 0
8930 0
8931 0
8932 0
8933 0
8934 0
8935 0
8936 0
8937 0
8938 0
8939 0
8940 0
8941 0
8942 0
8943 0
8944 1
8945 0
8946 0
8947 0
8948 0
8949 0
8950 1
8951 0
8952 1
8953 0
8954 0
8955 0
8956 0
8957 1
8958 0
8959 0
8960 0
8961 0
8962 0
8963 0
8964 0
8965 0
8966 1
8967 0
8968 0
8969 1
8970 0
8971 0
8972 0
8973 0
8974 0
8975 1
8976 1
8977 0
8978 1
8979 0
8980 1
8981 2
8982 0
8983 2
8984 2
8985 1
8986 1
8987 1
8988 2
8989 1
8990 2
8991 1
8992 1
8993 2
8994 1
8995 0
8996 2
8997 2
8998 0
8999 0
9000 0
9001 0
9002 0
9003 0
9004 0
9005 0
9006 0
9007 0
9008 0
9009 0
9010 0
9011 0
9012 0
9013 0
9014 0
9015 0
9016 1
9017 0
9018 0
9019 0
9020 0
9021 0
9022 0
9023 0
9024 1
9025 0
9026 0
9027 0
9028 0
9029 0
9030 0
9031 0
9032 0
9033 0
9034 1
9035 2
9036 0
9037 1
9038 0
9039 1
9040 1
9041 0
9042 2
9043 2
9044 1
9045 1
9046 1
9047 2
9048 1
9049 2
9050 1
9051 1
9052 0
9053 2
9054 2
9055 2
9056 0
9057 0
9058 2
9059 2
9060 3
9061 0
9062 2
9063 2
9064 1
9065 2
9066 2
9067 2
9068 1
9069 1
9070 0
9071 1
9072 1
9073 0
9074 2
9075 1
9076 2
9077 2
9078 2
9079 0
9080 1
9081 2
9082 2
9083 3
9084 3
9085 2
9086 2
9087 2
9088 1
9089 2
9090 1
9091 2
9092 1
9093 2
9094 1
9095 1
9096 2
9097 0
9098 1
9099 0
9100 0
9101 1
9102 1
9103 1
9104 1
9105 1
9106 2
9107 1
9108 1
9109 3
9110 1
9111 0
9112 1
9113 2
9114 2
9115 2
9116 1
9117 1
9118 1
9119 1
9120 0
9121 2
9122 2
9123 1
9124 1
9125 1
9126 2
9127 2
9128 2
9129 1
9130 0
9131 0
9132 1
9133 2
9134 1
9135 2
9136 1
9137 1
9138 2
9139 0
9140 2
9141 2
9142 1
9143 1
9144 0
9145 2
9146 1
9147 2
9148 1
9149 1
9150 1
9151 1
9152 2
9153 1
9154 1
9155 1
9156 1
9157 2
9158 1
9159 1
9160 1
9161 1
9162 2
9163 1
9164 2
9165 1
9166 2
9167 0
9168 1
9169 2
9170 2
9171 2
9172 2
9173 0
9174 0
9175 0
9176 1
9177 2
9178 1
9179 1
9180 2
9181 0
9182 0
9183 2
9184 1
9185 0
9186 2
9187 0
9188 2
9189 2
9190 2
9191 0
9192 1
9193 1
9194 1
9195 1
9196 1
9197 2
9198 2
9199 0
9200 2
9201 0
9202 2
9203 1
9204 1
9205 0
9206 2
9207 1
9208 1
9209 1
9210 0
9211 1
9212 2
9213 1
9214 1
9215 0
9216 1
9217 1
9218 0
9219 2
9220 1
9221 0
9222 1
9223 1
9224 1
9225 1
9226 2
9227 1
9228 2
9229 1
9230 1
9231 0
9232 0
9233 1
9234 3
9235 2
9236 0
9237 1
9238 1
9239 0
9240 2
9241 1
9242 1
9243 1
9244 1
9245 1
9246 1
9247 2
9248 1
9249 2
9250 2
9251 0
9252 2
9253 1
9254 0
9255 0
9256 1
9257 0
9258 0
9259 1
9260 1
9261 1
9262 1
9263 0
9264 0
9265 0
9266 1
9267 1
9268 1
9269 1
9270 0
9271 0
9272 0
9273 0
9274 1
9275 1
9276 1
9277 0
9278 0
9279 1
9280 1
9281 1
9282 1
9283 2
9284 2
9285 2
9286 2
9287 0
9288 2
9289 2
9290 1
9291 0
9292 1
9293 2
9294 0
9295 2
9296 0
9297 1
9298 1
9299 0
9300 0
9301 1
9302 1
9303 1
9304 1
9305 0
9306 2
9307 1
9308 2
9309 1
9310 1
9311 0
9312 3
9313 1
9314 1
9315 2
9316 1
9317 1
9318 0
9319 1
9320 1
9321 1
9322 2
9323 1
9324 2
9325 2
9326 2
9327 2
9328 1
9329 2
9330 1
9331 1
9332 2
9333 1
9334 1
9335 1
9336 2
9337 2
9338 2
9339 1
9340 2
9341 0
9342 1
9343 2
9344 1
9345 1
9346 2
9347 0
9348 2
9349 1
9350 1
9351 1
9352 2
9353 1
9354 0
9355 1
9356 2
9357 2
9358 1
9359 2
9360 0
9361 2
9362 1
9363 1
9364 1
9365 2
9366 2
9367 2
9368 0
9369 1
9370 1
9371 1
9372 1
9373 2
9374 3
9375 2
9376 1
9377 2
9378 2
9379 0
9380 1
9381 2
9382 2
9383 2
9384 1
9385 2
9386 2
9387 1
9388 2
9389 1
9390 0
9391 2
9392 1
9393 1
9394 1
9395 1
9396 1
9397 1
9398 1
9399 2
9400 1
9401 1
9402 1
9403 1
9404 1
9405 3
9406 2
9407 0
9408 1
9409 1
9410 1
9411 0
9412 2
9413 2
9414 2
9415 2
9416 1
9417 2
9418 1
9419 0
9420 1
9421 2
9422 2
9423 2
9424 3
9425 1
9426 0
9427 2
9428 1
9429 2
9430 1
9431 1
9432 3
9433 1
9434 0
9435 1
9436 0
9437 0
9438 0
9439 0
9440 0
9441 1
9442 0
9443 1
9444 2
9445 1
9446 2
9447 1
9448 1
9449 0
9450 1
9451 1
9452 0
9453 0
9454 0
9455 0
9456 0
9457 0
9458 0
9459 1
9460 0
9461 1
9462 0
9463 0
9464 0
9465 0
9466 1
9467 1
9468 0
9469 0
9470 0
9471 0
9472 2
9473 0
9474 1
9475 0
9476 1
9477 0
9478 0
9479 0
9480 0
9481 0
9482 1
9483 0
9484 1
9485 2
9486 3
9487 1
9488 1
9489 2
9490 0
9491 2
9492 3
9493 2
9494 1
9495 2
9496 1
9497 1
9498 2
9499 2
9500 1
9501 2
9502 2
9503 2
9504 2
9505 2
9506 2
9507 2
9508 1
9509 2
9510 1
9511 2
9512 1
9513 1
9514 2
9515 2
9516 2
9517 2
9518 1
9519 2
9520 2
9521 2
9522 1
9523 1
9524 2
9525 1
9526 1
9527 3
9528 1
9529 1
9530 1
9531 1
9532 2
9533 0
9534 1
9535 2
9536 2
9537 3
9538 0
9539 2
9540 0
9541 0
9542 1
9543 0
9544 0
9545 0
9546 0
9547 0
9548 0
9549 0
9550 0
9551 0
9552 0
9553 0
9554 0
9555 0
9556 0
9557 0
9558 0
9559 0
9560 0
9561 0
9562 0
9563 0
9564 1
9565 1
9566 0
9567 0
9568 0
9569 0
9570 0
9571 0
9572 1
9573 0
9574 0
9575 0
9576 0
9577 0
9578 1
9579 1
9580 1
9581 0
9582 1
9583 1
9584 1
9585 0
9586 2
9587 1
9588 2
9589 0
9590 0
9591 1
9592 1
9593 1
9594 1
9595 0
9596 1
9597 0
9598 0
9599 1
9600 0
9601 0
9602 1
9603 0
9604 0
9605 0
9606 0
9607 0
9608 0
9609 1
9610 0
9611 0
9612 1
9613 0
9614 1
9615 1
9616 0
9617 0
9618 0
9619 1
9620 0
9621 1
9622 1
9623 1
9624 0
9625 0
9626 1
9627 1
9628 1
9629 0
9630 1
9631 1
9632 1
9633 0
9634 1
9635 1
9636 1
9637 0
9638 0
9639 0
9640 0
9641 0
9642 1
9643 0
9644 0
9645 1
9646 1
9647 0
9648 1
9649 0
9650 0
9651 1
9652 0
9653 1
9654 1
9655 1
9656 1
9657 0
9658 0
9659 0
9660 0
9661 0
9662 1
9663 0
9664 0
9665 0
9666 1
9667 0
9668 0
9669 0
9670 1
9671 0
9672 0
9673 0
9674 0
9675 0
9676 0
9677 0
9678 1
9679 0
9680 0
9681 1
9682 0
9683 0
9684 0
9685 0
9686 0
9687 0
9688 0
9689 1
9690 0
9691 1
9692 0
9693 0
9694 0
9695 1
9696 1
9697 1
9698 0
9699 0
9700 0
9701 0
9702 0
9703 1
9704 2
9705 0
9706 1
9707 0
9708 1
9709 0
9710 0
9711 0
9712 0
9713 0
9714 0
9715 1
9716 0
9717 0
9718 1
9719 0
9720 0
9721 2
9722 1
9723 0
9724 0
9725 0
9726 0
9727 0
9728 0
9729 0
9730 0
9731 0
9732 1
9733 0
9734 1
9735 0
9736 0
9737 0
9738 0
9739 1
9740 1
9741 0
9742 0
9743 0
9744 0
9745 0
9746 1
9747 1
9748 0
9749 0
9750 0
9751 1
9752 0
9753 1
9754 2
9755 0
9756 0
9757 0
9758 0
9759 1
9760 0
9761 0
9762 0
9763 1
9764 0
9765 0
9766 0
9767 0
9768 0
9769 0
9770 0
9771 0
9772 0
9773 0
9774 0
9775 1
9776 0
9777 0
9778 0
9779 0
9780 0
9781 0
9782 0
9783 0
9784 0
9785 0
9786 1
9787 0
9788 0
9789 0
9790 0
9791 0
9792 0
9793 0
9794 0
9795 0
9796 1
9797 0
9798 0
9799 0
9800 0
9801 0
9802 0
9803 0
9804 0
9805 0
9806 0
9807 1
9808 1
9809 0
9810 0
9811 1
9812 1
9813 0
9814 1
9815 1
9816 1
9817 1
9818 1
9819 0
9820 0
9821 0
9822 0
9823 0
9824 0
9825 0
9826 0
9827 0
9828 0
9829 0
9830 0
9831 0
9832 0
9833 0
9834 0
9835 0
9836 0
9837 0
9838 0
9839 0
9840 0
9841 0
9842 0
9843 0
9844 0
9845 0
9846 0
9847 1
9848 0
9849 0
9850 0
9851 1
9852 2
9853 1
9854 2
9855 1
9856 2
9857 1
9858 1
9859 1
9860 0
9861 0
9862 3
9863 2
9864 1
9865 2
9866 1
9867 0
9868 1
9869 1
9870 1
9871 1
9872 0
9873 0
9874 0
9875 0
9876 0
9877 0
9878 0
9879 0
9880 0
9881 0
9882 1
9883 1
9884 0
9885 0
9886 0
9887 0
9888 1
9889 1
9890 0
9891 0
9892 0
9893 1
9894 0
9895 0
9896 0
9897 0
9898 0
9899 0
9900 0
9901 1
9902 1
9903 1
9904 0
9905 0
9906 1
9907 0
9908 0
9909 0
9910 0
9911 0
9912 1
9913 0
9914 1
9915 0
9916 1
9917 1
9918 0
9919 0
9920 0
9921 0
9922 1
9923 1
9924 1
9925 1
9926 1
9927 0
9928 0
9929 0
9930 1
9931 0
9932 0
9933 0
9934 0
9935 1
9936 1
9937 1
9938 1
9939 0
9940 1
9941 2
9942 1
9943 0
9944 0
9945 0
9946 0
9947 0
9948 1
9949 1
9950 3
9951 1
9952 1
9953 2
9954 2
9955 1
9956 0
9957 1
9958 0
9959 0
9960 0
9961 0
9962 0
9963 0
9964 0
9965 0
9966 0
9967 0
9968 2
9969 1
9970 1
9971 2
9972 1
9973 2
9974 1
9975 0
9976 2
9977 1
9978 2
9979 2
9980 0
9981 1
9982 1
9983 0
9984 1
9985 1
9986 2
9987 0
9988 2
9989 1
9990 2
9991 1
9992 1
9993 1
9994 1
9995 1
9996 1
9997 1
9998 1
9999 1
10000 1
10001 2
