1 0
2 0
3 0
4 0
5 0
6 1
7 0
8 0
9 0
10 0
11 0
12 1
13 0
14 0
15 0
16 0
17 0
18 0
19 0
20 0
21 0
22 0
23 0
24 0
25 0
26 1
27 0
28 0
29 1
30 1
31 1
32 0
33 1
34 0
35 0
36 1
37 0
38 1
39 0
40 0
41 0
42 0
43 0
44 0
45 0
46 0
47 0
48 0
49 0
50 1
51 0
52 0
53 1
54 0
55 1
56 0
57 0
58 1
59 1
60 1
61 1
62 1
63 0
64 0
65 0
66 1
67 1
68 1
69 1
70 1
71 1
72 1
73 1
74 0
75 1
76 1
77 1
78 0
79 1
80 1
81 1
82 0
83 1
84 0
85 0
86 0
87 1
88 0
89 1
90 0
91 1
92 0
93 1
94 0
95 0
96 0
97 1
98 1
99 1
100 1
101 1
102 0
103 0
104 0
105 1
106 1
107 0
108 1
109 1
110 1
111 0
112 0
113 0
114 1
115 1
116 0
117 0
118 0
119 0
120 0
121 1
122 0
123 0
124 0
125 1
126 1
127 0
128 0
129 1
130 0
131 0
132 0
133 0
134 0
135 0
136 0
137 0
138 0
139 0
140 0
141 0
142 0
143 1
144 0
145 1
146 1
147 0
148 0
149 1
150 0
151 1
152 1
153 1
154 1
155 1
156 1
157 0
158 0
159 1
160 0
161 0
162 1
163 0
164 1
165 0
166 0
167 0
168 0
169 1
170 1
171 0
172 0
173 0
174 0
175 0
176 1
177 0
178 1
179 1
180 0
181 0
182 0
183 0
184 0
185 0
186 0
187 0
188 0
189 0
190 0
191 0
192 0
193 0
194 0
195 0
196 0
197 0
198 0
199 0
200 0
201 0
202 0
203 0
204 0
205 0
206 0
207 0
208 0
209 0
210 0
211 0
212 0
213 1
214 1
215 0
216 0
217 0
218 0
219 0
220 0
221 0
222 0
223 0
224 0
225 1
226 1
227 1
228 1
229 1
230 1
231 0
232 1
233 0
234 1
235 0
236 0
237 0
238 0
239 0
240 0
241 0
242 0
243 1
244 0
245 0
246 0
247 0
248 0
249 0
250 0
251 0
252 0
253 1
254 1
255 0
256 1
257 0
258 1
259 1
260 1
261 0
262 0
263 0
264 1
265 0
266 0
267 0
268 1
269 0
270 1
271 0
272 1
273 0
274 1
275 0
276 0
277 0
278 0
279 0
280 0
281 0
282 0
283 0
284 0
285 0
286 0
287 0
288 0
289 0
290 0
291 0
292 0
293 0
294 0
295 1
296 1
297 0
298 0
299 0
300 0
301 0
302 0
303 1
304 1
305 1
306 0
307 1
308 0
309 1
310 0
311 0
312 0
313 0
314 0
315 0
316 0
317 1
318 1
319 0
320 1
321 0
322 0
323 0
324 0
325 1
326 1
327 0
328 0
329 0
330 0
331 1
332 0
333 0
334 1
335 0
336 0
337 0
338 0
339 0
340 0
341 0
342 0
343 1
344 0
345 1
346 0
347 1
348 0
349 0
350 1
351 0
352 1
353 0
354 1
355 0
356 0
357 0
358 2
359 0
360 1
361 0
362 1
363 1
364 0
365 0
366 1
367 1
368 0
369 0
370 1
371 1
372 0
373 0
374 0
375 1
376 0
377 0
378 0
379 0
380 0
381 1
382 0
383 0
384 0
385 0
386 0
387 0
388 0
389 0
390 0
391 0
392 0
393 0
394 0
395 0
396 0
397 0
398 0
399 0
400 0
401 0
402 0
403 0
404 0
405 0
406 0
407 0
408 0
409 0
410 0
411 0
412 0
413 1
414 0
415 0
416 0
417 0
418 1
419 0
420 0
421 0
422 0
423 0
424 0
425 0
426 0
427 0
428 0
429 0
430 0
431 0
432 0
433 0
434 0
435 0
436 0
437 0
438 0
439 0
440 0
441 0
442 0
443 0
444 0
445 0
446 0
447 0
448 0
449 0
450 0
451 0
452 0
453 0
454 0
455 0
456 0
457 0
458 1
459 1
460 1
461 1
462 1
463 1
464 1
465 1
466 1
467 0
468 0
469 1
470 0
471 1
472 0
473 1
474 0
475 1
476 0
477 1
478 1
479 1
480 0
481 1
482 1
483 1
484 1
485 1
486 1
487 1
488 1
489 1
490 1
491 1
492 1
493 1
494 1
495 1
496 1
497 1
498 1
499 0
500 2
501 0
502 1
503 1
504 2
505 1
506 1
507 1
508 1
509 1
510 1
511 1
512 1
513 2
514 1
515 1
516 1
517 1
518 1
519 1
520 1
521 1
522 1
523 1
524 1
525 0
526 1
527 1
528 0
529 0
530 0
531 0
532 0
533 0
534 1
535 1
536 1
537 1
538 1
539 1
540 0
541 0
542 1
543 1
544 1
545 1
546 1
547 1
548 1
549 1
550 0
551 0
552 1
553 1
554 0
555 0
556 1
557 0
558 1
559 0
560 0
561 1
562 1
563 1
564 0
565 0
566 1
567 1
568 1
569 1
570 1
571 1
572 0
573 0
574 0
575 1
576 0
577 1
578 1
579 1
580 1
581 1
582 0
583 1
584 1
585 1
586 1
587 0
588 1
589 0
590 0
591 0
592 1
593 0
594 1
595 1
596 1
597 1
598 1
599 1
600 0
601 0
602 0
603 0
604 0
605 1
606 1
607 0
608 0
609 0
610 0
611 1
612 0
613 0
614 0
615 0
616 0
617 0
618 0
619 1
620 0
621 0
622 0
623 1
624 0
625 1
626 1
627 0
628 1
629 0
630 1
631 0
632 1
633 0
634 0
635 1
636 0
637 1
638 1
639 0
640 0
641 0
642 0
643 0
644 0
645 0
646 0
647 0
648 0
649 0
650 0
651 0
652 0
653 0
654 0
655 0
656 0
657 0
658 0
659 0
660 1
661 0
662 0
663 0
664 0
665 0
666 0
667 0
668 0
669 0
670 0
671 1
672 0
673 0
674 0
675 0
676 1
677 0
678 1
679 1
680 0
681 0
682 0
683 0
684 0
685 0
686 0
687 0
688 0
689 0
690 0
691 0
692 0
693 0
694 0
695 0
696 1
697 0
698 0
699 0
700 0
701 0
702 0
703 0
704 0
705 0
706 0
707 0
708 0
709 0
710 0
711 0
712 0
713 0
714 0
715 0
716 0
717 0
718 0
719 1
720 0
721 0
722 1
723 0
724 0
725 1
726 0
727 0
728 0
729 0
730 0
731 0
732 1
733 0
734 1
735 1
736 1
737 1
738 1
739 1
740 1
741 1
742 1
743 0
744 1
745 0
746 0
747 0
748 1
749 1
750 1
751 0
752 1
753 1
754 0
755 0
756 1
757 0
758 0
759 1
760 0
761 0
762 0
763 1
764 1
765 1
766 1
767 0
768 1
769 1
770 0
771 0
772 1
773 1
774 1
775 1
776 1
777 1
778 0
779 1
780 1
781 0
782 1
783 0
784 1
785 1
786 0
787 1
788 1
789 0
790 1
791 1
792 1
793 1
794 1
795 1
796 1
797 1
798 0
799 1
800 1
801 1
802 1
803 0
804 0
805 1
806 0
807 0
808 0
809 0
810 0
811 0
812 0
813 1
814 0
815 0
816 0
817 0
818 0
819 0
820 0
821 1
822 0
823 0
824 0
825 0
826 0
827 0
828 0
829 0
830 0
831 0
832 0
833 0
834 0
835 1
836 0
837 0
838 0
839 0
840 0
841 0
842 0
843 0
844 0
845 1
846 0
847 0
848 0
849 0
850 0
851 0
852 1
853 0
854 0
855 0
856 0
857 0
858 0
859 1
860 0
861 1
862 0
863 0
864 1
865 1
866 0
867 0
868 0
869 0
870 1
871 1
872 0
873 1
874 1
875 0
876 0
877 1
878 0
879 0
880 0
881 1
882 0
883 1
884 0
885 0
886 0
887 1
888 0
889 0
890 0
891 1
892 1
893 1
894 1
895 1
896 0
897 0
898 1
899 0
900 0
901 0
902 1
903 0
904 1
905 0
906 0
907 1
908 1
909 1
910 0
911 0
912 0
913 1
914 1
915 0
916 0
917 1
918 1
919 0
920 1
921 0
922 0
923 0
924 1
925 0
926 1
927 0
928 0
929 0
930 0
931 0
932 0
933 0
934 0
935 0
936 0
937 1
938 0
939 0
940 1
941 1
942 1
943 0
944 0
945 0
946 1
947 0
948 1
949 1
950 0
951 0
952 1
953 1
954 1
955 0
956 1
957 1
958 0
959 1
960 0
961 0
962 0
963 0
964 0
965 0
966 0
967 0
968 0
969 0
970 0
971 1
972 0
973 0
974 0
975 0
976 1
977 0
978 0
979 1
980 0
981 1
982 1
983 0
984 0
985 1
986 1
987 0
988 0
989 0
990 2
991 0
992 1
993 1
994 1
995 1
996 1
997 1
998 0
999 1
1000 1
1001 1
1002 1
1003 1
1004 1
1005 0
1006 1
1007 1
1008 0
1009 1
1010 0
1011 0
1012 1
1013 0
1014 1
1015 0
1016 0
1017 0
1018 0
1019 1
1020 0
1021 0
1022 0
1023 0
1024 1
1025 1
1026 0
1027 1
1028 1
1029 0
1030 1
1031 1
1032 3
1033 1
1034 3
1035 0
1036 2
1037 2
1038 1
1039 2
1040 1
1041 2
1042 2
1043 1
1044 1
1045 1
1046 2
1047 0
1048 0
1049 0
1050 0
1051 0
1052 0
1053 0
1054 1
1055 0
1056 0
1057 0
1058 0
1059 0
1060 0
1061 0
1062 0
1063 0
1064 0
1065 0
1066 0
1067 0
1068 0
1069 1
1070 1
1071 1
1072 0
1073 1
1074 0
1075 1
1076 0
1077 0
1078 0
1079 0
1080 2
1081 1
1082 0
1083 1
1084 2
1085 0
1086 1
1087 1
1088 1
1089 2
1090 1
1091 1
1092 1
1093 1
1094 1
1095 2
1096 1
1097 2
1098 2
1099 1
1100 2
1101 2
1102 2
1103 1
1104 3
1105 2
1106 2
1107 1
1108 2
1109 2
1110 1
1111 2
1112 0
1113 1
1114 0
1115 1
1116 1
1117 1
1118 2
1119 1
1120 1
1121 1
1122 0
1123 0
1124 2
1125 1
1126 3
1127 1
1128 2
1129 1
1130 2
1131 1
1132 2
1133 1
1134 2
1135 1
1136 1
1137 2
1138 2
1139 1
1140 0
1141 1
1142 1
1143 3
1144 1
1145 1
1146 1
1147 1
1148 2
1149 1
1150 0
1151 2
1152 1
1153 1
1154 2
1155 1
1156 1
1157 1
1158 2
1159 2
1160 1
1161 1
1162 3
1163 1
1164 2
1165 1
1166 1
1167 0
1168 2
1169 2
1170 2
1171 2
1172 2
1173 1
1174 2
1175 0
1176 1
1177 1
1178 1
1179 1
1180 3
1181 2
1182 1
1183 1
1184 1
1185 1
1186 2
1187 1
1188 0
1189 0
1190 2
1191 2
1192 2
1193 1
1194 1
1195 2
1196 2
1197 1
1198 2
1199 1
1200 1
1201 1
1202 2
1203 1
1204 1
1205 1
1206 1
1207 1
1208 0
1209 1
1210 1
1211 2
1212 2
1213 1
1214 2
1215 1
1216 1
1217 1
1218 3
1219 2
1220 0
1221 3
1222 1
1223 2
1224 2
1225 1
1226 0
1227 2
1228 1
1229 2
1230 2
1231 1
1232 2
1233 1
1234 1
1235 2
1236 1
1237 1
1238 0
1239 2
1240 1
1241 1
1242 2
1243 1
1244 1
1245 3
1246 1
1247 2
1248 2
1249 0
1250 1
1251 2
1252 1
1253 2
1254 1
1255 2
1256 1
1257 1
1258 1
1259 1
1260 2
1261 2
1262 2
1263 2
1264 2
1265 2
1266 1
1267 0
1268 2
1269 2
1270 2
1271 0
1272 1
1273 1
1274 2
1275 1
1276 2
1277 0
1278 2
1279 1
1280 3
1281 1
1282 1
1283 2
1284 2
1285 1
1286 0
1287 1
1288 1
1289 1
1290 1
1291 1
1292 2
1293 1
1294 1
1295 2
1296 0
1297 1
1298 2
1299 2
1300 2
1301 3
1302 2
1303 1
1304 2
1305 2
1306 2
1307 2
1308 2
1309 2
1310 1
1311 0
1312 3
1313 0
1314 0
1315 1
1316 2
1317 1
1318 1
1319 1
1320 1
1321 1
1322 1
1323 0
1324 0
1325 1
1326 2
1327 1
1328 2
1329 2
1330 2
1331 1
1332 1
1333 0
1334 1
1335 2
1336 2
1337 2
1338 1
1339 2
1340 3
1341 2
1342 3
1343 2
1344 2
1345 2
1346 1
1347 2
1348 0
1349 1
1350 1
1351 2
1352 1
1353 1
1354 2
1355 2
1356 1
1357 2
1358 0
1359 3
1360 1
1361 0
1362 3
1363 2
1364 1
1365 2
1366 2
1367 1
1368 1
1369 1
1370 1
1371 0
1372 1
1373 0
1374 0
1375 0
1376 1
1377 0
1378 2
1379 1
1380 2
1381 2
1382 2
1383 2
1384 1
1385 1
1386 1
1387 1
1388 1
1389 0
1390 2
1391 1
1392 0
1393 1
1394 1
1395 1
1396 1
1397 2
1398 1
1399 1
1400 1
1401 1
1402 1
1403 2
1404 3
1405 1
1406 2
1407 1
1408 2
1409 0
1410 1
1411 2
1412 1
1413 1
1414 1
1415 1
1416 0
1417 1
1418 1
1419 0
1420 1
1421 1
1422 1
1423 2
1424 0
1425 1
1426 1
1427 0
1428 1
1429 1
1430 2
1431 1
1432 2
1433 0
1434 0
1435 1
1436 1
1437 1
1438 1
1439 1
1440 1
1441 1
1442 1
1443 2
1444 1
1445 1
1446 2
1447 0
1448 1
1449 0
1450 2
1451 1
1452 1
1453 2
1454 1
1455 0
1456 2
1457 1
1458 1
1459 0
1460 1
1461 0
1462 0
1463 0
1464 0
1465 0
1466 1
1467 0
1468 0
1469 0
1470 0
1471 1
1472 1
1473 2
1474 2
1475 0
1476 0
1477 0
1478 0
1479 0
1480 0
1481 1
1482 1
1483 0
1484 2
1485 0
1486 0
1487 0
1488 0
1489 0
1490 0
1491 0
1492 1
1493 0
1494 0
1495 1
1496 1
1497 1
1498 0
1499 1
1500 3
1501 2
1502 1
1503 0
1504 1
1505 0
1506 0
1507 0
1508 1
1509 1
1510 1
1511 0
1512 0
1513 0
1514 0
1515 0
1516 1
1517 0
1518 1
1519 1
1520 1
1521 0
1522 0
1523 1
1524 0
1525 2
1526 1
1527 1
1528 0
1529 0
1530 0
1531 0
1532 1
1533 1
1534 0
1535 1
1536 1
1537 0
1538 0
1539 1
1540 0
1541 0
1542 0
1543 0
1544 0
1545 0
1546 0
1547 0
1548 0
1549 0
1550 0
1551 0
1552 0
1553 1
1554 0
1555 1
1556 0
1557 0
1558 1
1559 0
1560 1
1561 1
1562 0
1563 0
1564 0
1565 0
1566 0
1567 0
1568 0
1569 0
1570 0
1571 0
1572 0
1573 0
1574 0
1575 0
1576 0
1577 0
1578 0
1579 0
1580 0
1581 0
1582 0
1583 0
1584 0
1585 0
1586 0
1587 1
1588 0
1589 0
1590 0
1591 0
1592 1
1593 1
1594 0
1595 0
1596 0
1597 1
1598 1
1599 0
1600 0
1601 0
1602 0
1603 0
1604 1
1605 0
1606 2
1607 1
1608 2
1609 1
1610 1
1611 2
1612 0
1613 0
1614 1
1615 2
1616 0
1617 1
1618 2
1619 2
1620 2
1621 1
1622 0
1623 0
1624 1
1625 1
1626 0
1627 1
1628 1
1629 1
1630 1
1631 1
1632 1
1633 1
1634 0
1635 1
1636 1
1637 2
1638 2
1639 0
1640 2
1641 1
1642 1
1643 2
1644 2
1645 2
1646 1
1647 1
1648 2
1649 1
1650 1
1651 2
1652 1
1653 1
1654 1
1655 1
1656 1
1657 2
1658 1
1659 3
1660 1
1661 0
1662 2
1663 1
1664 3
1665 1
1666 1
1667 0
1668 0
1669 0
1670 0
1671 1
1672 1
1673 0
1674 0
1675 0
1676 1
1677 0
1678 0
1679 0
1680 0
1681 0
1682 0
1683 0
1684 0
1685 1
1686 0
1687 1
1688 0
1689 0
1690 0
1691 0
1692 0
1693 1
1694 0
1695 1
1696 0
1697 0
1698 0
1699 0
1700 0
1701 0
1702 1
1703 0
1704 0
1705 0
1706 0
1707 0
1708 1
1709 0
1710 0
1711 1
1712 0
1713 0
1714 0
1715 0
1716 0
1717 0
1718 0
1719 0
1720 0
1721 0
1722 0
1723 1
1724 1
1725 1
1726 0
1727 0
1728 0
1729 1
1730 0
1731 0
1732 0
1733 0
1734 0
1735 1
1736 0
1737 1
1738 0
1739 0
1740 0
1741 0
1742 0
1743 0
1744 0
1745 0
1746 0
1747 0
1748 0
1749 1
1750 0
1751 0
1752 0
1753 0
1754 0
1755 1
1756 0
1757 0
1758 0
1759 0
1760 0
1761 0
1762 0
1763 0
1764 1
1765 0
1766 0
1767 0
1768 0
1769 0
1770 0
1771 1
1772 0
1773 1
1774 0
1775 1
1776 1
1777 1
1778 1
1779 1
1780 0
1781 1
1782 0
1783 0
1784 0
1785 0
1786 1
1787 1
1788 0
1789 1
1790 1
1791 1
1792 0
1793 1
1794 1
1795 0
1796 0
1797 1
1798 0
1799 1
1800 1
1801 1
1802 0
1803 2
1804 1
1805 0
1806 1
1807 0
1808 1
1809 0
1810 0
1811 1
1812 1
1813 2
1814 2
1815 3
1816 2
1817 1
1818 1
1819 0
1820 2
1821 1
1822 2
1823 1
1824 0
1825 0
1826 2
1827 1
1828 2
1829 2
1830 1
1831 2
1832 1
1833 0
1834 0
1835 0
1836 0
1837 0
1838 1
1839 0
1840 1
1841 0
1842 0
1843 0
1844 0
1845 0
1846 0
1847 2
1848 1
1849 2
1850 1
1851 2
1852 1
1853 1
1854 2
1855 2
1856 1
1857 2
1858 1
1859 2
1860 2
1861 2
1862 2
1863 1
1864 1
1865 2
1866 2
1867 1
1868 2
1869 2
1870 2
1871 1
1872 2
1873 1
1874 2
1875 1
1876 2
1877 1
1878 2
1879 0
1880 1
1881 1
1882 1
1883 0
1884 1
1885 1
1886 2
1887 1
1888 1
1889 2
1890 0
1891 0
1892 1
1893 1
1894 2
1895 2
1896 1
1897 1
1898 0
1899 1
1900 1
1901 2
1902 2
1903 1
1904 1
1905 0
1906 2
1907 0
1908 0
1909 0
1910 0
1911 1
1912 1
1913 1
1914 1
1915 0
1916 2
1917 2
1918 1
1919 0
1920 2
1921 1
1922 2
1923 2
1924 2
1925 1
1926 0
1927 0
1928 2
1929 2
1930 0
1931 2
1932 0
1933 1
1934 2
1935 1
1936 2
1937 1
1938 1
1939 1
1940 1
1941 2
1942 1
1943 1
1944 1
1945 2
1946 2
1947 2
1948 1
1949 2
1950 2
1951 1
1952 1
1953 1
1954 0
1955 1
1956 2
1957 1
1958 0
1959 0
1960 0
1961 1
1962 2
1963 2
1964 0
1965 1
1966 1
1967 1
1968 2
1969 1
1970 2
1971 0
1972 0
1973 2
1974 1
1975 1
1976 2
1977 1
1978 2
1979 2
1980 1
1981 1
1982 1
1983 2
1984 2
1985 2
1986 1
1987 3
1988 1
1989 1
1990 2
1991 1
1992 2
1993 2
1994 2
1995 2
1996 0
1997 2
1998 1
1999 2
2000 0
2001 0
2002 0
2003 1
2004 0
2005 0
2006 1
2007 0
2008 1
2009 1
2010 0
2011 0
2012 0
2013 0
2014 0
2015 0
2016 0
2017 1
2018 1
2019 1
2020 0
2021 0
2022 1
2023 1
2024 2
2025 1
2026 0
2027 3
2028 0
2029 1
2030 1
2031 2
2032 1
2033 1
2034 0
2035 2
2036 2
2037 1
2038 1
2039 1
2040 2
2041 1
2042 0
2043 1
2044 2
2045 3
2046 2
2047 2
2048 0
2049 2
2050 1
2051 1
2052 2
2053 1
2054 2
2055 2
2056 1
2057 1
2058 2
2059 2
2060 2
2061 1
2062 0
2063 1
2064 2
2065 2
2066 1
2067 1
2068 1
2069 1
2070 0
2071 2
2072 1
2073 3
2074 2
2075 1
2076 1
2077 2
2078 0
2079 3
2080 2
2081 2
2082 2
2083 1
2084 3
2085 2
2086 1
2087 0
2088 1
2089 3
2090 2
2091 1
2092 0
2093 0
2094 1
2095 0
2096 0
2097 0
2098 0
2099 0
2100 0
2101 0
2102 1
2103 0
2104 0
2105 0
2106 0
2107 0
2108 1
2109 0
2110 1
2111 0
2112 0
2113 0
2114 0
2115 1
2116 0
2117 1
2118 0
2119 0
2120 0
2121 0
2122 0
2123 1
2124 0
2125 1
2126 0
2127 0
2128 3
2129 2
2130 0
2131 2
2132 1
2133 1
2134 1
2135 0
2136 1
2137 1
2138 0
2139 0
2140 0
2141 0
2142 0
2143 0
2144 0
2145 0
2146 0
2147 0
2148 0
2149 0
2150 0
2151 0
2152 1
2153 0
2154 0
2155 0
2156 1
2157 0
2158 0
2159 1
2160 1
2161 2
2162 2
2163 1
2164 0
2165 1
2166 2
2167 2
2168 0
2169 0
2170 0
2171 0
2172 0
2173 0
2174 1
2175 0
2176 0
2177 0
2178 2
2179 0
2180 1
2181 0
2182 0
2183 0
2184 1
2185 0
2186 0
2187 0
2188 1
2189 0
2190 0
2191 0
2192 1
2193 1
2194 1
2195 1
2196 0
2197 2
2198 0
2199 0
2200 1
2201 0
2202 0
2203 0
2204 1
2205 0
2206 0
2207 0
2208 0
2209 0
2210 0
2211 0
2212 1
2213 0
2214 0
2215 1
2216 0
2217 0
2218 0
2219 1
2220 0
2221 0
2222 0
2223 0
2224 1
2225 0
2226 1
2227 0
2228 1
2229 0
2230 0
2231 0
2232 0
2233 0
2234 0
2235 0
2236 1
2237 1
2238 1
2239 0
2240 2
2241 2
2242 1
2243 0
2244 0
2245 0
2246 1
2247 1
2248 1
2249 1
2250 2
2251 0
2252 1
2253 2
2254 0
2255 1
2256 2
2257 0
2258 1
2259 1
2260 0
2261 1
2262 1
2263 1
2264 1
2265 1
2266 0
2267 1
2268 1
2269 2
2270 2
2271 2
2272 1
2273 1
2274 0
2275 2
2276 1
2277 3
2278 0
2279 1
2280 0
2281 1
2282 2
2283 2
2284 2
2285 0
2286 2
2287 1
2288 1
2289 1
2290 1
2291 3
2292 1
2293 3
2294 1
2295 0
2296 2
2297 1
2298 2
2299 1
2300 1
2301 1
2302 2
2303 2
2304 1
2305 2
2306 1
2307 0
2308 2
2309 1
2310 1
2311 2
2312 1
2313 1
2314 1
2315 1
2316 2
2317 2
2318 1
2319 1
2320 1
2321 0
2322 3
2323 1
2324 2
2325 2
2326 1
2327 1
2328 0
2329 1
2330 2
2331 1
2332 1
2333 1
2334 0
2335 1
2336 1
2337 1
2338 2
2339 1
2340 1
2341 2
2342 1
2343 2
2344 1
2345 2
2346 2
2347 2
2348 1
2349 1
2350 1
2351 0
2352 2
2353 0
2354 2
2355 1
2356 2
2357 2
2358 1
2359 1
2360 2
2361 2
2362 1
2363 1
2364 1
2365 1
2366 1
2367 1
2368 2
2369 2
2370 1
2371 2
2372 2
2373 1
2374 1
2375 1
2376 1
2377 2
2378 2
2379 2
2380 1
2381 2
2382 1
2383 2
2384 1
2385 2
2386 1
2387 2
2388 2
2389 3
2390 1
2391 2
2392 1
2393 1
2394 2
2395 1
2396 2
2397 2
2398 2
2399 3
2400 1
2401 1
2402 2
2403 1
2404 2
2405 0
2406 1
2407 2
2408 0
2409 0
2410 3
2411 1
2412 1
2413 2
2414 1
2415 1
2416 1
2417 1
2418 1
2419 2
2420 2
2421 1
2422 2
2423 1
2424 2
2425 0
2426 1
2427 1
2428 0
2429 1
2430 1
2431 1
2432 1
2433 2
2434 1
2435 1
2436 1
2437 2
2438 2
2439 2
2440 1
2441 2
2442 2
2443 1
2444 1
2445 1
2446 2
2447 2
2448 1
2449 2
2450 1
2451 2
2452 1
2453 1
2454 1
2455 2
2456 2
2457 2
2458 1
2459 2
2460 2
2461 1
2462 2
2463 0
2464 2
2465 1
2466 1
2467 1
2468 1
2469 1
2470 1
2471 2
2472 2
2473 2
2474 2
2475 1
2476 1
2477 2
2478 0
2479 1
2480 0
2481 1
2482 3
2483 0
2484 3
2485 0
2486 2
2487 1
2488 2
2489 1
2490 1
2491 2
2492 2
2493 2
2494 1
2495 2
2496 1
2497 1
2498 2
2499 1
2500 1
2501 2
2502 1
2503 1
2504 3
2505 1
2506 2
2507 2
2508 2
2509 1
2510 1
2511 2
2512 2
2513 1
2514 2
2515 3
2516 2
2517 0
2518 2
2519 2
2520 0
2521 0
2522 1
2523 2
2524 1
2525 1
2526 1
2527 2
2528 2
2529 1
2530 1
2531 1
2532 2
2533 2
2534 1
2535 2
2536 1
2537 1
2538 1
2539 2
2540 2
2541 0
2542 2
2543 1
2544 2
2545 1
2546 1
2547 1
2548 1
2549 1
2550 3
2551 2
2552 1
2553 1
2554 2
2555 1
2556 1
2557 2
2558 2
2559 2
2560 0
2561 2
2562 1
2563 1
2564 3
2565 2
2566 2
2567 1
2568 3
2569 0
2570 2
2571 1
2572 1
2573 1
2574 0
2575 0
2576 2
2577 2
2578 1
2579 1
2580 0
2581 0
2582 0
2583 0
2584 0
2585 1
2586 0
2587 1
2588 0
2589 0
2590 1
2591 0
2592 0
2593 1
2594 0
2595 1
2596 0
2597 0
2598 0
2599 0
2600 0
2601 0
2602 0
2603 0
2604 0
2605 0
2606 0
2607 0
2608 1
2609 0
2610 0
2611 0
2612 0
2613 0
2614 0
2615 0
2616 0
2617 0
2618 0
2619 1
2620 0
2621 2
2622 1
2623 0
2624 2
2625 0
2626 0
2627 2
2628 2
2629 2
2630 1
2631 2
2632 1
2633 2
2634 1
2635 1
2636 0
2637 1
2638 2
2639 1
2640 0
2641 1
2642 2
2643 1
2644 1
2645 2
2646 2
2647 1
2648 0
2649 1
2650 1
2651 1
2652 2
2653 2
2654 1
2655 1
2656 0
2657 1
2658 1
2659 1
2660 2
2661 2
2662 1
2663 1
2664 0
2665 1
2666 1
2667 1
2668 1
2669 1
2670 2
2671 2
2672 1
2673 1
2674 1
2675 2
2676 2
2677 0
2678 1
2679 2
2680 1
2681 1
2682 0
2683 1
2684 1
2685 2
2686 1
2687 2
2688 1
2689 2
2690 1
2691 2
2692 3
2693 1
2694 1
2695 2
2696 2
2697 2
2698 1
2699 1
2700 1
2701 1
2702 2
2703 1
2704 2
2705 1
2706 2
2707 2
2708 1
2709 1
2710 1
2711 1
2712 1
2713 1
2714 0
2715 2
2716 2
2717 2
2718 3
2719 2
2720 1
2721 1
2722 2
2723 1
2724 1
2725 1
2726 0
2727 2
2728 0
2729 2
2730 1
2731 1
2732 2
2733 1
2734 2
2735 2
2736 2
2737 1
2738 2
2739 1
2740 2
2741 2
2742 1
2743 1
2744 1
2745 2
2746 1
2747 2
2748 1
2749 2
2750 1
2751 1
2752 2
2753 0
2754 0
2755 1
2756 1
2757 1
2758 1
2759 1
2760 1
2761 0
2762 1
2763 1
2764 2
2765 1
2766 0
2767 2
2768 3
2769 2
2770 1
2771 2
2772 1
2773 0
2774 1
2775 1
2776 1
2777 2
2778 1
2779 2
2780 0
2781 0
2782 1
2783 0
2784 0
2785 0
2786 0
2787 0
2788 0
2789 0
2790 0
2791 0
2792 0
2793 0
2794 0
2795 1
2796 0
2797 0
2798 0
2799 0
2800 1
2801 0
2802 0
2803 1
2804 1
2805 1
2806 0
2807 0
2808 0
2809 0
2810 0
2811 1
2812 1
2813 2
2814 2
2815 2
2816 3
2817 0
2818 2
2819 1
2820 2
2821 2
2822 1
2823 1
2824 1
2825 3
2826 1
2827 1
2828 1
2829 1
2830 1
2831 2
2832 2
2833 2
2834 1
2835 1
2836 1
2837 3
2838 1
2839 2
2840 1
2841 2
2842 1
2843 1
2844 1
2845 1
2846 1
2847 1
2848 1
2849 0
2850 2
2851 1
2852 1
2853 1
2854 2
2855 2
2856 1
2857 1
2858 1
2859 3
2860 1
2861 0
2862 0
2863 1
2864 1
2865 2
2866 1
2867 2
2868 1
2869 2
2870 0
2871 2
2872 3
2873 1
2874 1
2875 0
2876 0
2877 1
2878 1
2879 0
2880 1
2881 2
2882 2
2883 1
2884 1
2885 2
2886 2
2887 2
2888 2
2889 1
2890 2
2891 2
2892 0
2893 1
2894 1
2895 1
2896 2
2897 2
2898 1
2899 2
2900 2
2901 1
2902 2
2903 1
2904 1
2905 2
2906 2
2907 1
2908 1
2909 1
2910 1
2911 1
2912 2
2913 0
2914 2
2915 1
2916 1
2917 1
2918 2
2919 2
2920 1
2921 1
2922 2
2923 2
2924 1
2925 1
2926 1
2927 1
2928 1
2929 1
2930 1
2931 1
2932 1
2933 2
2934 2
2935 2
2936 2
2937 1
2938 0
2939 2
2940 1
2941 1
2942 3
2943 2
2944 1
2945 0
2946 1
2947 1
2948 2
2949 2
2950 1
2951 1
2952 1
2953 0
2954 2
2955 2
2956 1
2957 1
2958 2
2959 1
2960 1
2961 2
2962 1
2963 0
2964 0
2965 1
2966 0
2967 1
2968 1
2969 2
2970 0
2971 2
2972 2
2973 1
2974 2
2975 3
2976 0
2977 1
2978 1
2979 2
2980 1
2981 0
2982 0
2983 2
2984 1
2985 1
2986 3
2987 0
2988 2
2989 1
2990 1
2991 3
2992 2
2993 2
2994 1
2995 2
2996 2
2997 0
2998 1
2999 1
3000 0
3001 1
3002 1
3003 0
3004 0
3005 2
3006 2
3007 2
3008 2
3009 2
3010 0
3011 2
3012 1
3013 1
3014 1
3015 1
3016 1
3017 2
3018 1
3019 1
3020 2
3021 2
3022 2
3023 2
3024 2
3025 2
3026 2
3027 2
3028 0
3029 1
3030 1
3031 1
3032 1
3033 2
3034 1
3035 2
3036 2
3037 1
3038 1
3039 1
3040 3
3041 2
3042 1
3043 1
3044 2
3045 1
3046 1
3047 1
3048 1
3049 0
3050 1
3051 1
3052 1
3053 1
3054 2
3055 1
3056 1
3057 0
3058 2
3059 0
3060 1
3061 2
3062 1
3063 1
3064 1
3065 1
3066 0
3067 1
3068 0
3069 1
3070 2
3071 1
3072 1
3073 1
3074 1
3075 2
3076 1
3077 1
3078 1
3079 2
3080 1
3081 1
3082 0
3083 1
3084 2
3085 2
3086 2
3087 1
3088 1
3089 1
3090 1
3091 0
3092 0
3093 1
3094 1
3095 1
3096 1
3097 0
3098 1
3099 1
3100 1
3101 0
3102 2
3103 1
3104 2
3105 0
3106 1
3107 1
3108 0
3109 2
3110 0
3111 2
3112 0
3113 0
3114 0
3115 0
3116 0
3117 0
3118 0
3119 1
3120 2
3121 0
3122 1
3123 0
3124 0
3125 0
3126 1
3127 0
3128 0
3129 1
3130 0
3131 0
3132 0
3133 0
3134 0
3135 1
3136 0
3137 0
3138 0
3139 0
3140 0
3141 1
3142 0
3143 0
3144 0
3145 0
3146 0
3147 0
3148 0
3149 0
3150 0
3151 0
3152 0
3153 1
3154 1
3155 1
3156 0
3157 0
3158 0
3159 0
3160 0
3161 0
3162 0
3163 1
3164 0
3165 0
3166 1
3167 1
3168 0
3169 0
3170 0
3171 0
3172 0
3173 0
3174 0
3175 0
3176 0
3177 0
3178 0
3179 0
3180 0
3181 0
3182 0
3183 0
3184 1
3185 1
3186 1
3187 1
3188 0
3189 0
3190 0
3191 0
3192 1
3193 1
3194 0
3195 0
3196 1
3197 1
3198 0
3199 0
3200 0
3201 0
3202 1
3203 0
3204 0
3205 1
3206 0
3207 0
3208 1
3209 1
3210 0
3211 1
3212 2
3213 0
3214 0
3215 1
3216 0
3217 0
3218 0
3219 0
3220 1
3221 0
3222 0
3223 0
3224 0
3225 0
3226 0
3227 0
3228 0
3229 0
3230 1
3231 0
3232 0
3233 0
3234 1
3235 0
3236 0
3237 0
3238 1
3239 1
3240 1
3241 1
3242 1
3243 0
3244 0
3245 0
3246 0
3247 0
3248 0
3249 0
3250 0
3251 0
3252 0
3253 0
3254 0
3255 0
3256 0
3257 0
3258 0
3259 0
3260 0
3261 1
3262 0
3263 0
3264 1
3265 0
3266 1
3267 0
3268 1
3269 0
3270 0
3271 0
3272 0
3273 0
3274 0
3275 1
3276 0
3277 0
3278 0
3279 0
3280 0
3281 0
3282 0
3283 0
3284 0
3285 1
3286 0
3287 1
3288 0
3289 0
3290 0
3291 0
3292 0
3293 0
3294 0
3295 0
3296 1
3297 0
3298 0
3299 0
3300 1
3301 0
3302 0
3303 0
3304 0
3305 2
3306 1
3307 0
3308 1
3309 1
3310 0
3311 0
3312 1
3313 0
3314 0
3315 1
3316 2
3317 0
3318 0
3319 1
3320 0
3321 0
3322 1
3323 1
3324 0
3325 1
3326 0
3327 0
3328 0
3329 1
3330 1
3331 1
3332 1
3333 1
3334 0
3335 0
3336 0
3337 0
3338 0
3339 0
3340 1
3341 0
3342 0
3343 0
3344 0
3345 0
3346 0
3347 0
3348 0
3349 0
3350 0
3351 1
3352 0
3353 0
3354 1
3355 0
3356 0
3357 0
3358 0
3359 0
3360 0
3361 0
3362 1
3363 0
3364 1
3365 0
3366 0
3367 0
3368 0
3369 0
3370 0
3371 0
3372 0
3373 0
3374 1
3375 2
3376 1
3377 0
3378 0
3379 0
3380 0
3381 0
3382 1
3383 0
3384 0
3385 1
3386 1
3387 1
3388 1
3389 0
3390 0
3391 1
3392 0
3393 0
3394 1
3395 0
3396 1
3397 1
3398 2
3399 2
3400 2
3401 2
3402 1
3403 2
3404 0
3405 1
3406 2
3407 2
3408 1
3409 1
3410 1
3411 1
3412 0
3413 2
3414 0
3415 1
3416 1
3417 2
3418 1
3419 2
3420 2
3421 0
3422 1
3423 0
3424 0
3425 2
3426 2
3427 2
3428 0
3429 0
3430 1
3431 2
3432 1
3433 2
3434 1
3435 1
3436 1
3437 2
3438 2
3439 1
3440 3
3441 2
3442 2
3443 2
3444 0
3445 0
3446 0
3447 0
3448 0
3449 1
3450 1
3451 0
3452 0
3453 1
3454 3
3455 2
3456 0
3457 0
3458 1
3459 1
3460 1
3461 0
3462 0
3463 0
3464 1
3465 1
3466 1
3467 2
3468 2
3469 2
3470 2
3471 2
3472 2
3473 2
3474 2
3475 2
3476 1
3477 1
3478 1
3479 1
3480 1
3481 1
3482 0
3483 2
3484 2
3485 1
3486 1
3487 1
3488 0
3489 1
3490 2
3491 0
3492 2
3493 2
3494 1
3495 1
3496 2
3497 0
3498 1
3499 2
3500 2
3501 1
3502 2
3503 1
3504 1
3505 1
3506 2
3507 2
3508 0
3509 1
3510 2
3511 1
3512 1
3513 2
3514 1
3515 0
3516 2
3517 1
3518 3
3519 2
3520 0
3521 0
3522 1
3523 2
3524 3
3525 1
3526 2
3527 1
3528 1
3529 2
3530 2
3531 1
3532 1
3533 2
3534 2
3535 1
3536 1
3537 2
3538 2
3539 1
3540 2
3541 2
3542 0
3543 1
3544 1
3545 1
3546 2
3547 1
3548 1
3549 2
3550 0
3551 1
3552 1
3553 1
3554 0
3555 0
3556 0
3557 0
3558 0
3559 1
3560 2
3561 0
3562 1
3563 1
3564 1
3565 2
3566 0
3567 3
3568 1
3569 1
3570 0
3571 1
3572 1
3573 1
3574 2
3575 2
3576 2
3577 2
3578 1
3579 1
3580 2
3581 2
3582 2
3583 2
3584 0
3585 2
3586 2
3587 3
3588 0
3589 1
3590 1
3591 0
3592 2
3593 2
3594 2
3595 2
3596 1
3597 1
3598 2
3599 2
3600 1
3601 1
3602 1
3603 1
3604 0
3605 2
3606 1
3607 2
3608 0
3609 1
3610 1
3611 1
3612 1
3613 2
3614 2
3615 1
3616 2
3617 2
3618 2
3619 2
3620 2
3621 1
3622 0
3623 0
3624 1
3625 1
3626 2
3627 2
3628 1
3629 2
3630 1
3631 2
3632 0
3633 2
3634 1
3635 0
3636 2
3637 2
3638 0
3639 2
3640 1
3641 1
3642 1
3643 1
3644 2
3645 2
3646 1
3647 0
3648 2
3649 2
3650 2
3651 2
3652 1
3653 2
3654 1
3655 2
3656 2
3657 1
3658 3
3659 1
3660 1
3661 1
3662 2
3663 1
3664 0
3665 2
3666 1
3667 2
3668 2
3669 2
3670 1
3671 2
3672 1
3673 1
3674 2
3675 2
3676 2
3677 1
3678 0
3679 1
3680 1
3681 1
3682 2
3683 0
3684 2
3685 0
3686 1
3687 0
3688 2
3689 1
3690 1
3691 2
3692 2
3693 2
3694 1
3695 2
3696 1
3697 1
3698 1
3699 1
3700 2
3701 1
3702 2
3703 2
3704 1
3705 3
3706 1
3707 0
3708 3
3709 1
3710 1
3711 2
3712 1
3713 1
3714 2
3715 3
3716 2
3717 1
3718 2
3719 2
3720 2
3721 1
3722 0
3723 1
3724 0
3725 2
3726 0
3727 1
3728 2
3729 2
3730 3
3731 0
3732 1
3733 1
3734 1
3735 2
3736 2
3737 0
3738 1
3739 2
3740 1
3741 3
3742 0
3743 1
3744 2
3745 1
3746 0
3747 1
3748 2
3749 2
3750 2
3751 1
3752 2
3753 1
3754 3
3755 1
3756 1
3757 2
3758 1
3759 1
3760 2
3761 2
3762 2
3763 1
3764 1
3765 2
3766 2
3767 2
3768 0
3769 1
3770 1
3771 1
3772 1
3773 1
3774 1
3775 2
3776 1
3777 1
3778 2
3779 1
3780 1
3781 2
3782 2
3783 1
3784 2
3785 2
3786 0
3787 1
3788 1
3789 0
3790 1
3791 1
3792 2
3793 1
3794 1
3795 0
3796 0
3797 1
3798 0
3799 1
3800 2
3801 2
3802 2
3803 2
3804 2
3805 1
3806 1
3807 1
3808 1
3809 1
3810 1
3811 2
3812 0
3813 2
3814 1
3815 2
3816 2
3817 1
3818 2
3819 1
3820 1
3821 2
3822 2
3823 1
3824 2
3825 1
3826 2
3827 3
3828 3
3829 1
3830 1
3831 1
3832 1
3833 2
3834 1
3835 1
3836 0
3837 1
3838 1
3839 1
3840 2
3841 2
3842 2
3843 2
3844 1
3845 2
3846 1
3847 0
3848 3
3849 0
3850 1
3851 1
3852 2
3853 1
3854 2
3855 1
3856 1
3857 1
3858 3
3859 2
3860 2
3861 2
3862 1
3863 2
3864 1
3865 0
3866 1
3867 2
3868 1
3869 1
3870 1
3871 0
3872 1
3873 2
3874 0
3875 0
3876 2
3877 2
3878 1
3879 2
3880 2
3881 2
3882 1
3883 1
3884 0
3885 1
3886 2
3887 1
3888 1
3889 1
3890 1
3891 2
3892 1
3893 1
3894 1
3895 2
3896 2
3897 1
3898 2
3899 1
3900 1
3901 2
3902 2
3903 1
3904 1
3905 1
3906 2
3907 1
3908 1
3909 2
3910 1
3911 2
3912 1
3913 1
3914 1
3915 1
3916 2
3917 1
3918 1
3919 1
3920 2
3921 0
3922 2
3923 1
3924 1
3925 1
3926 1
3927 0
3928 1
3929 1
3930 1
3931 2
3932 2
3933 2
3934 0
3935 1
3936 2
3937 3
3938 1
3939 2
3940 1
3941 1
3942 2
3943 2
3944 2
3945 1
3946 2
3947 1
3948 2
3949 1
3950 0
3951 0
3952 1
3953 0
3954 2
3955 1
3956 2
3957 1
3958 1
3959 2
3960 1
3961 1
3962 1
3963 0
3964 1
3965 0
3966 2
3967 2
3968 1
3969 1
3970 1
3971 3
3972 1
3973 0
3974 2
3975 0
3976 2
3977 1
3978 1
3979 2
3980 2
3981 2
3982 1
3983 1
3984 2
3985 1
3986 0
3987 1
3988 2
3989 0
3990 2
3991 1
3992 1
3993 0
3994 0
3995 2
3996 1
3997 1
3998 0
3999 2
4000 2
4001 1
4002 1
4003 2
4004 1
4005 2
4006 2
4007 1
4008 2
4009 2
4010 0
4011 1
4012 1
4013 0
4014 2
4015 2
4016 1
4017 2
4018 1
4019 2
4020 1
4021 2
4022 1
4023 1
4024 0
4025 1
4026 1
4027 1
4028 1
4029 2
4030 1
4031 1
4032 2
4033 2
4034 2
4035 0
4036 1
4037 1
4038 0
4039 1
4040 1
4041 1
4042 1
4043 1
4044 1
4045 1
4046 2
4047 2
4048 2
4049 1
4050 0
4051 0
4052 2
4053 1
4054 2
4055 2
4056 2
4057 2
4058 2
4059 1
4060 1
4061 2
4062 1
4063 1
4064 1
4065 1
4066 2
4067 2
4068 2
4069 3
4070 1
4071 2
4072 2
4073 1
4074 2
4075 1
4076 2
4077 1
4078 2
4079 1
4080 1
4081 2
4082 1
4083 1
4084 1
4085 0
4086 0
4087 1
4088 1
4089 1
4090 2
4091 1
4092 0
4093 1
4094 2
4095 1
4096 2
4097 1
4098 2
4099 1
4100 1
4101 2
4102 1
4103 1
4104 1
4105 1
4106 2
4107 1
4108 2
4109 1
4110 1
4111 1
4112 1
4113 2
4114 2
4115 2
4116 2
4117 1
4118 1
4119 1
4120 1
4121 1
4122 0
4123 2
4124 1
4125 1
4126 1
4127 2
4128 2
4129 1
4130 0
4131 0
4132 1
4133 1
4134 2
4135 0
4136 2
4137 2
4138 2
4139 2
4140 3
4141 1
4142 0
4143 1
4144 1
4145 1
4146 2
4147 2
4148 0
4149 1
4150 2
4151 2
4152 0
4153 1
4154 0
4155 2
4156 1
4157 2
4158 2
4159 1
4160 1
4161 1
4162 2
4163 2
4164 1
4165 0
4166 1
4167 0
4168 1
4169 0
4170 1
4171 1
4172 1
4173 1
4174 0
4175 1
4176 1
4177 1
4178 2
4179 0
4180 1
4181 1
4182 2
4183 0
4184 1
4185 2
4186 1
4187 0
4188 1
4189 1
4190 0
4191 1
4192 0
4193 0
4194 1
4195 1
4196 3
4197 2
4198 1
4199 0
4200 1
4201 1
4202 0
4203 1
4204 2
4205 1
4206 0
4207 0
4208 0
4209 2
4210 1
4211 0
4212 1
4213 1
4214 1
4215 1
4216 2
4217 2
4218 0
4219 1
4220 2
4221 1
4222 1
4223 2
4224 1
4225 2
4226 2
4227 2
4228 2
4229 0
4230 1
4231 0
4232 2
4233 0
4234 2
4235 2
4236 0
4237 1
4238 2
4239 0
4240 1
4241 0
4242 0
4243 0
4244 1
4245 1
4246 2
4247 1
4248 2
4249 1
4250 1
4251 1
4252 1
4253 1
4254 1
4255 2
4256 2
4257 1
4258 1
4259 1
4260 1
4261 0
4262 1
4263 1
4264 1
4265 0
4266 0
4267 0
4268 0
4269 0
4270 0
4271 0
4272 0
4273 0
4274 0
4275 0
4276 0
4277 0
4278 0
4279 0
4280 0
4281 0
4282 0
4283 1
4284 0
4285 1
4286 0
4287 0
4288 0
4289 0
4290 0
4291 0
4292 0
4293 0
4294 0
4295 0
4296 1
4297 0
4298 0
4299 0
4300 0
4301 0
4302 0
4303 0
4304 0
4305 0
4306 0
4307 1
4308 0
4309 0
4310 0
4311 0
4312 0
4313 0
4314 0
4315 0
4316 0
4317 0
4318 0
4319 0
4320 1
4321 0
4322 0
4323 0
4324 0
4325 0
4326 0
4327 0
4328 0
4329 0
4330 0
4331 0
4332 0
4333 0
4334 0
4335 0
4336 0
4337 1
4338 0
4339 0
4340 0
4341 0
4342 0
4343 0
4344 1
4345 1
4346 1
4347 0
4348 2
4349 0
4350 1
4351 1
4352 2
4353 0
4354 0
4355 1
4356 0
4357 0
4358 1
4359 1
4360 1
4361 1
4362 0
4363 0
4364 0
4365 1
4366 1
4367 2
4368 1
4369 0
4370 1
4371 0
4372 1
4373 2
4374 1
4375 1
4376 2
4377 2
4378 1
4379 0
4380 2
4381 0
4382 2
4383 1
4384 1
4385 0
4386 1
4387 1
4388 0
4389 1
4390 1
4391 2
4392 2
4393 1
4394 2
4395 2
4396 1
4397 0
4398 0
4399 1
4400 0
4401 2
4402 2
4403 1
4404 3
4405 1
4406 0
4407 2
4408 2
4409 1
4410 2
4411 1
4412 1
4413 1
4414 2
4415 1
4416 2
4417 1
4418 1
4419 0
4420 1
4421 1
4422 1
4423 1
4424 0
4425 0
4426 2
4427 1
4428 0
4429 1
4430 1
4431 2
4432 1
4433 2
4434 2
4435 0
4436 2
4437 1
4438 0
4439 2
4440 1
4441 1
4442 1
4443 1
4444 0
4445 1
4446 2
4447 1
4448 2
4449 0
4450 0
4451 1
4452 2
4453 1
4454 3
4455 2
4456 0
4457 2
4458 3
4459 2
4460 2
4461 2
4462 1
4463 2
4464 2
4465 2
4466 1
4467 1
4468 1
4469 2
4470 2
4471 1
4472 1
4473 2
4474 0
4475 2
4476 0
4477 1
4478 1
4479 1
4480 1
4481 2
4482 2
4483 1
4484 1
4485 1
4486 1
4487 2
4488 1
4489 1
4490 1
4491 2
4492 2
4493 2
4494 2
4495 2
4496 1
4497 1
4498 1
4499 1
4500 0
4501 0
4502 2
4503 1
4504 1
4505 2
4506 1
4507 3
4508 2
4509 2
4510 2
4511 2
4512 1
4513 1
4514 1
4515 1
4516 2
4517 2
4518 1
4519 1
4520 1
4521 1
4522 1
4523 1
4524 1
4525 2
4526 2
4527 0
4528 1
4529 1
4530 2
4531 2
4532 2
4533 2
4534 2
4535 1
4536 0
4537 1
4538 1
4539 1
4540 2
4541 1
4542 1
4543 1
4544 1
4545 3
4546 2
4547 2
4548 2
4549 1
4550 1
4551 1
4552 0
4553 1
4554 1
4555 2
4556 2
4557 1
4558 1
4559 1
4560 2
4561 1
4562 2
4563 1
4564 1
4565 1
4566 3
4567 2
4568 2
4569 0
4570 2
4571 0
4572 2
4573 1
4574 1
4575 0
4576 2
4577 0
4578 1
4579 1
4580 0
4581 0
4582 2
4583 2
4584 1
4585 1
4586 0
4587 2
4588 1
4589 1
4590 0
4591 1
4592 2
4593 1
4594 3
4595 0
4596 1
4597 1
4598 1
4599 1
4600 0
4601 0
4602 1
4603 1
4604 2
4605 1
4606 1
4607 2
4608 1
4609 2
4610 1
4611 1
4612 2
4613 2
4614 2
4615 2
4616 2
4617 0
4618 0
4619 0
4620 2
4621 0
4622 1
4623 0
4624 1
4625 1
4626 0
4627 0
4628 1
4629 0
4630 1
4631 1
4632 2
4633 0
4634 1
4635 0
4636 0
4637 0
4638 0
4639 0
4640 0
4641 1
4642 2
4643 1
4644 1
4645 0
4646 0
4647 0
4648 0
4649 0
4650 0
4651 0
4652 1
4653 0
4654 0
4655 1
4656 1
4657 0
4658 1
4659 0
4660 0
4661 0
4662 0
4663 0
4664 0
4665 0
4666 0
4667 0
4668 1
4669 0
4670 1
4671 0
4672 1
4673 0
4674 0
4675 1
4676 1
4677 0
4678 0
4679 0
4680 0
4681 0
4682 0
4683 1
4684 0
4685 0
4686 1
4687 1
4688 0
4689 0
4690 0
4691 0
4692 0
4693 0
4694 1
4695 0
4696 0
4697 0
4698 0
4699 0
4700 0
4701 0
4702 0
4703 0
4704 0
4705 0
4706 0
4707 1
4708 0
4709 0
4710 0
4711 0
4712 0
4713 0
4714 0
4715 0
4716 0
4717 0
4718 0
4719 0
4720 0
4721 0
4722 0
4723 0
4724 0
4725 0
4726 0
4727 0
4728 0
4729 1
4730 0
4731 0
4732 0
4733 1
4734 0
4735 0
4736 1
4737 1
4738 0
4739 1
4740 0
4741 0
4742 0
4743 0
4744 0
4745 0
4746 0
4747 0
4748 1
4749 0
4750 0
4751 0
4752 1
4753 0
4754 0
4755 0
4756 0
4757 1
4758 1
4759 1
4760 0
4761 1
4762 1
4763 0
4764 0
4765 0
4766 0
4767 0
4768 0
4769 0
4770 0
4771 0
4772 0
4773 0
4774 0
4775 0
4776 0
4777 0
4778 0
4779 0
4780 0
4781 0
4782 0
4783 0
4784 0
4785 0
4786 0
4787 0
4788 0
4789 0
4790 0
4791 0
4792 0
4793 0
4794 0
4795 0
4796 0
4797 0
4798 0
4799 0
4800 0
4801 0
4802 0
4803 0
4804 0
4805 1
4806 0
4807 0
4808 0
4809 1
4810 2
4811 2
4812 0
4813 0
4814 0
4815 1
4816 1
4817 2
4818 2
4819 2
4820 2
4821 1
4822 1
4823 1
4824 1
4825 0
4826 2
4827 1
4828 1
4829 2
4830 2
4831 1
4832 1
4833 2
4834 0
4835 1
4836 1
4837 1
4838 2
4839 1
4840 1
4841 1
4842 1
4843 0
4844 2
4845 2
4846 1
4847 1
4848 0
4849 0
4850 1
4851 1
4852 2
4853 0
4854 0
4855 0
4856 0
4857 0
4858 1
4859 2
4860 1
4861 2
4862 0
4863 1
4864 1
4865 2
4866 1
4867 1
4868 1
4869 1
4870 1
4871 2
4872 2
4873 2
4874 2
4875 0
4876 2
4877 2
4878 0
4879 1
4880 1
4881 0
4882 2
4883 2
4884 1
4885 2
4886 0
4887 1
4888 1
4889 1
4890 1
4891 0
4892 0
4893 1
4894 0
4895 0
4896 0
4897 2
4898 1
4899 0
4900 1
4901 1
4902 1
4903 1
4904 1
4905 2
4906 1
4907 0
4908 1
4909 1
4910 1
4911 1
4912 1
4913 1
4914 2
4915 2
4916 2
4917 1
4918 1
4919 1
4920 1
4921 1
4922 1
4923 2
4924 2
4925 1
4926 2
4927 2
4928 2
4929 2
4930 1
4931 1
4932 1
4933 0
4934 1
4935 1
4936 0
4937 2
4938 1
4939 0
4940 1
4941 1
4942 2
4943 1
4944 1
4945 2
4946 2
4947 2
4948 1
4949 1
4950 1
4951 1
4952 2
4953 1
4954 1
4955 1
4956 0
4957 2
4958 2
4959 0
4960 2
4961 1
4962 1
4963 1
4964 1
4965 2
4966 1
4967 2
4968 1
4969 0
4970 1
4971 0
4972 0
4973 0
4974 1
4975 1
4976 1
4977 2
4978 0
4979 2
4980 2
4981 1
4982 2
4983 2
4984 1
4985 2
4986 1
4987 1
4988 2
4989 1
4990 0
4991 0
4992 1
4993 2
4994 2
4995 2
4996 1
4997 1
4998 1
4999 0
5000 0
5001 1
5002 1
5003 1
5004 0
5005 1
5006 2
5007 1
5008 0
5009 2
5010 0
5011 2
5012 2
5013 1
5014 2
5015 0
5016 1
5017 1
5018 0
5019 0
5020 1
5021 2
5022 2
5023 2
5024 2
5025 2
5026 1
5027 2
5028 0
5029 2
5030 1
5031 2
5032 1
5033 1
5034 2
5035 1
5036 2
5037 0
5038 1
5039 1
5040 2
5041 2
5042 0
5043 0
5044 1
5045 0
5046 1
5047 1
5048 1
5049 1
5050 1
5051 1
5052 2
5053 1
5054 2
5055 1
5056 2
5057 1
5058 1
5059 1
5060 2
5061 1
5062 2
5063 2
5064 1
5065 3
5066 1
5067 3
5068 2
5069 0
5070 1
5071 2
5072 2
5073 1
5074 0
5075 3
5076 2
5077 1
5078 2
5079 1
5080 2
5081 2
5082 2
5083 1
5084 1
5085 1
5086 2
5087 2
5088 1
5089 2
5090 2
5091 1
5092 3
5093 2
5094 0
5095 2
5096 1
5097 1
5098 1
5099 2
5100 2
5101 0
5102 1
5103 2
5104 0
5105 1
5106 2
5107 1
5108 1
5109 1
5110 2
5111 2
5112 2
5113 2
5114 2
5115 1
5116 1
5117 2
5118 2
5119 1
5120 1
5121 2
5122 2
5123 1
5124 2
5125 1
5126 1
5127 2
5128 2
5129 1
5130 1
5131 0
5132 1
5133 1
5134 0
5135 0
5136 0
5137 1
5138 1
5139 0
5140 1
5141 1
5142 1
5143 1
5144 1
5145 0
5146 1
5147 0
5148 0
5149 0
5150 1
5151 1
5152 0
5153 1
5154 0
5155 0
5156 0
5157 1
5158 0
5159 0
5160 1
5161 2
5162 1
5163 0
5164 0
5165 0
5166 1
5167 1
5168 0
5169 0
5170 0
5171 0
5172 0
5173 0
5174 0
5175 1
5176 1
5177 1
5178 1
5179 0
5180 2
5181 2
5182 1
5183 0
5184 1
5185 0
5186 1
5187 1
5188 1
5189 0
5190 0
5191 1
5192 1
5193 0
5194 0
5195 1
5196 1
5197 1
5198 0
5199 0
5200 0
5201 1
5202 1
5203 1
5204 1
5205 1
5206 1
5207 1
5208 0
5209 1
5210 2
5211 1
5212 0
5213 1
5214 1
5215 0
5216 1
5217 1
5218 0
5219 1
5220 0
5221 1
5222 1
5223 2
5224 1
5225 0
5226 0
5227 1
5228 1
5229 1
5230 0
5231 0
5232 0
5233 1
5234 2
5235 1
5236 2
5237 1
5238 2
5239 1
5240 1
5241 2
5242 1
5243 1
5244 1
5245 1
5246 2
5247 2
5248 2
5249 1
5250 2
5251 1
5252 1
5253 2
5254 1
5255 0
5256 1
5257 1
5258 1
5259 2
5260 1
5261 2
5262 2
5263 2
5264 2
5265 1
5266 0
5267 2
5268 1
5269 0
5270 2
5271 1
5272 2
5273 2
5274 2
5275 1
5276 2
5277 2
5278 0
5279 1
5280 1
5281 2
5282 1
5283 1
5284 2
5285 2
5286 1
5287 2
5288 1
5289 1
5290 1
5291 1
5292 2
5293 1
5294 1
5295 2
5296 1
5297 2
5298 0
5299 1
5300 0
5301 1
5302 0
5303 1
5304 0
5305 0
5306 0
5307 1
5308 1
5309 0
5310 1
5311 1
5312 0
5313 1
5314 2
5315 1
5316 1
5317 1
5318 2
5319 1
5320 1
5321 2
5322 1
5323 1
5324 1
5325 1
5326 2
5327 1
5328 1
5329 0
5330 0
5331 3
5332 1
5333 1
5334 1
5335 1
5336 1
5337 1
5338 2
5339 1
5340 2
5341 2
5342 1
5343 1
5344 3
5345 1
5346 2
5347 1
5348 3
5349 3
5350 2
5351 1
5352 1
5353 2
5354 0
5355 2
5356 1
5357 1
5358 2
5359 2
5360 1
5361 0
5362 1
5363 1
5364 1
5365 1
5366 1
5367 2
5368 2
5369 1
5370 3
5371 1
5372 1
5373 1
5374 2
5375 1
5376 2
5377 1
5378 0
5379 1
5380 1
5381 3
5382 2
5383 1
5384 2
5385 1
5386 2
5387 0
5388 1
5389 0
5390 1
5391 0
5392 1
5393 0
5394 0
5395 0
5396 0
5397 0
5398 0
5399 0
5400 0
5401 1
5402 1
5403 1
5404 1
5405 0
5406 0
5407 0
5408 1
5409 0
5410 0
5411 0
5412 0
5413 0
5414 0
5415 0
5416 0
5417 0
5418 0
5419 1
5420 0
5421 0
5422 0
5423 0
5424 0
5425 1
5426 0
5427 0
5428 1
5429 0
5430 1
5431 0
5432 1
5433 1
5434 0
5435 1
5436 1
5437 1
5438 2
5439 2
5440 0
5441 1
5442 2
5443 1
5444 1
5445 1
5446 1
5447 2
5448 1
5449 2
5450 1
5451 0
5452 0
5453 2
5454 1
5455 2
5456 1
5457 0
5458 2
5459 2
5460 1
5461 0
5462 1
5463 1
5464 2
5465 1
5466 1
5467 2
5468 2
5469 1
5470 1
5471 1
5472 2
5473 2
5474 1
5475 1
5476 2
5477 1
5478 1
5479 2
5480 1
5481 1
5482 2
5483 1
5484 2
5485 1
5486 1
5487 0
5488 0
5489 1
5490 2
5491 1
5492 1
5493 1
5494 2
5495 2
5496 1
5497 1
5498 1
5499 0
5500 1
5501 0
5502 2
5503 1
5504 1
5505 2
5506 2
5507 2
5508 2
5509 2
5510 1
5511 0
5512 1
5513 1
5514 2
5515 1
5516 2
5517 2
5518 2
5519 1
5520 2
5521 2
5522 2
5523 1
5524 2
5525 2
5526 1
5527 2
5528 2
5529 3
5530 1
5531 0
5532 0
5533 1
5534 0
5535 0
5536 0
5537 0
5538 0
5539 0
5540 0
5541 0
5542 0
5543 1
5544 0
5545 1
5546 0
5547 0
5548 0
5549 0
5550 0
5551 0
5552 0
5553 0
5554 0
5555 1
5556 1
5557 0
5558 0
5559 0
5560 0
5561 0
5562 0
5563 0
5564 0
5565 0
5566 0
5567 0
5568 0
5569 0
5570 0
5571 1
5572 0
5573 0
5574 0
5575 0
5576 0
5577 0
5578 0
5579 0
5580 0
5581 0
5582 0
5583 1
5584 1
5585 0
5586 0
5587 0
5588 0
5589 1
5590 0
5591 0
5592 0
5593 0
5594 1
5595 1
5596 1
5597 2
5598 1
5599 1
5600 0
5601 2
5602 2
5603 2
5604 2
5605 0
5606 0
5607 1
5608 0
5609 0
5610 0
5611 0
5612 1
5613 1
5614 1
5615 1
5616 1
5617 0
5618 0
5619 1
5620 0
5621 1
5622 0
5623 0
5624 0
5625 0
5626 0
5627 0
5628 0
5629 0
5630 0
5631 0
5632 0
5633 0
5634 0
5635 0
5636 0
5637 0
5638 0
5639 0
5640 0
5641 1
5642 0
5643 0
5644 0
5645 0
5646 0
5647 0
5648 0
5649 0
5650 0
5651 0
5652 0
5653 0
5654 0
5655 1
5656 0
5657 0
5658 0
5659 0
5660 0
5661 0
5662 0
5663 0
5664 0
5665 1
5666 1
5667 1
5668 1
5669 0
5670 1
5671 0
5672 1
5673 2
5674 1
5675 2
5676 2
5677 2
5678 1
5679 2
5680 0
5681 1
5682 1
5683 1
5684 0
5685 1
5686 1
5687 2
5688 2
5689 0
5690 0
5691 2
5692 2
5693 1
5694 2
5695 2
5696 1
5697 1
5698 0
5699 1
5700 2
5701 1
5702 1
5703 0
5704 2
5705 1
5706 1
5707 1
5708 1
5709 1
5710 2
5711 2
5712 1
5713 2
5714 1
5715 3
5716 0
5717 0
5718 2
5719 2
5720 1
5721 0
5722 1
5723 2
5724 1
5725 0
5726 0
5727 1
5728 0
5729 1
5730 0
5731 1
5732 0
5733 0
5734 0
5735 0
5736 0
5737 0
5738 0
5739 0
5740 0
5741 0
5742 0
5743 0
5744 0
5745 0
5746 0
5747 0
5748 0
5749 0
5750 1
5751 1
5752 0
5753 0
5754 0
5755 0
5756 1
5757 0
5758 0
5759 0
5760 0
5761 0
5762 0
5763 0
5764 0
5765 0
5766 0
5767 0
5768 0
5769 0
5770 0
5771 0
5772 1
5773 0
5774 1
5775 0
5776 0
5777 0
5778 0
5779 1
5780 0
5781 0
5782 0
5783 0
5784 1
5785 0
5786 0
5787 0
5788 0
5789 0
5790 0
5791 0
5792 1
5793 1
5794 1
5795 0
5796 1
5797 0
5798 1
5799 0
5800 0
5801 0
5802 1
5803 1
5804 0
5805 0
5806 2
5807 0
5808 0
5809 0
5810 0
5811 1
5812 0
5813 1
5814 1
5815 0
5816 0
5817 1
5818 0
5819 0
5820 0
5821 0
5822 0
5823 0
5824 0
5825 0
5826 0
5827 1
5828 0
5829 0
5830 0
5831 0
5832 0
5833 0
5834 0
5835 0
5836 1
5837 0
5838 0
5839 1
5840 0
5841 0
5842 0
5843 0
5844 0
5845 0
5846 0
5847 0
5848 0
5849 0
5850 0
5851 1
5852 0
5853 0
5854 0
5855 0
5856 0
5857 0
5858 0
5859 0
5860 0
5861 1
5862 0
5863 0
5864 0
5865 0
5866 0
5867 0
5868 0
5869 1
5870 0
5871 0
5872 0
5873 0
5874 1
5875 0
5876 2
5877 2
5878 2
5879 3
5880 1
5881 2
5882 2
5883 2
5884 2
5885 2
5886 0
5887 2
5888 3
5889 1
5890 0
5891 0
5892 0
5893 0
5894 0
5895 0
5896 0
5897 0
5898 0
5899 0
5900 1
5901 0
5902 1
5903 1
5904 2
5905 2
5906 1
5907 1
5908 1
5909 1
5910 1
5911 2
5912 2
5913 2
5914 2
5915 1
5916 1
5917 2
5918 2
5919 2
5920 2
5921 2
5922 1
5923 2
5924 2
5925 2
5926 2
5927 1
5928 1
5929 1
5930 2
5931 1
5932 0
5933 2
5934 2
5935 0
5936 1
5937 1
5938 2
5939 0
5940 2
5941 2
5942 1
5943 2
5944 0
5945 2
5946 2
5947 2
5948 2
5949 0
5950 2
5951 1
5952 1
5953 1
5954 1
5955 1
5956 1
5957 1
5958 1
5959 2
5960 2
5961 0
5962 0
5963 0
5964 0
5965 1
5966 1
5967 0
5968 1
5969 0
5970 1
5971 0
5972 1
5973 0
5974 1
5975 1
5976 0
5977 1
5978 0
5979 1
5980 0
5981 1
5982 0
5983 0
5984 0
5985 0
5986 1
5987 1
5988 0
5989 0
5990 0
5991 0
5992 0
5993 0
5994 0
5995 0
5996 0
5997 1
5998 0
5999 0
6000 1
6001 1
6002 1
6003 1
6004 1
6005 1
6006 1
6007 2
6008 1
6009 1
6010 1
6011 0
6012 0
6013 0
6014 1
6015 3
6016 0
6017 1
6018 1
6019 0
6020 1
6021 0
6022 0
6023 0
6024 0
6025 2
6026 1
6027 0
6028 0
6029 1
6030 0
6031 2
6032 1
6033 0
6034 2
6035 0
6036 1
6037 1
6038 1
6039 0
6040 1
6041 1
6042 0
6043 1
6044 1
6045 1
6046 0
6047 2
6048 2
6049 2
6050 1
6051 0
6052 1
6053 1
6054 1
6055 2
6056 1
6057 3
6058 0
6059 1
6060 0
6061 1
6062 1
6063 1
6064 0
6065 0
6066 1
6067 2
6068 1
6069 2
6070 2
6071 1
6072 0
6073 0
6074 2
6075 1
6076 1
6077 1
6078 0
6079 1
6080 1
6081 0
6082 1
6083 2
6084 2
6085 1
6086 1
6087 2
6088 1
6089 1
6090 1
6091 1
6092 2
6093 1
6094 2
6095 1
6096 2
6097 1
6098 2
6099 2
6100 1
6101 1
6102 0
6103 0
6104 1
6105 0
6106 1
6107 1
6108 2
6109 1
6110 1
6111 1
6112 1
6113 1
6114 2
6115 0
6116 1
6117 1
6118 0
6119 0
6120 2
6121 1
6122 2
6123 1
6124 1
6125 2
6126 2
6127 2
6128 1
6129 2
6130 3
6131 2
6132 1
6133 1
6134 0
6135 1
6136 2
6137 1
6138 1
6139 0
6140 0
6141 1
6142 0
6143 1
6144 0
6145 0
6146 1
6147 1
6148 0
6149 0
6150 1
6151 0
6152 1
6153 1
6154 0
6155 1
6156 1
6157 0
6158 1
6159 1
6160 0
6161 1
6162 2
6163 0
6164 1
6165 1
6166 2
6167 1
6168 1
6169 1
6170 0
6171 1
6172 0
6173 0
6174 0
6175 0
6176 0
6177 0
6178 0
6179 1
6180 0
6181 0
6182 1
6183 1
6184 0
6185 0
6186 1
6187 1
6188 1
6189 1
6190 1
6191 1
6192 1
6193 1
6194 0
6195 0
6196 0
6197 2
6198 1
6199 1
6200 1
6201 0
6202 1
6203 1
6204 2
6205 1
6206 1
6207 1
6208 1
6209 2
6210 0
6211 1
6212 3
6213 1
6214 1
6215 1
6216 1
6217 2
6218 1
6219 1
6220 2
6221 1
6222 2
6223 2
6224 1
6225 0
6226 0
6227 1
6228 0
6229 1
6230 2
6231 0
6232 1
6233 1
6234 1
6235 1
6236 1
6237 2
6238 1
6239 2
6240 1
6241 1
6242 1
6243 1
6244 1
6245 1
6246 0
6247 1
6248 1
6249 0
6250 3
6251 1
6252 1
6253 1
6254 1
6255 2
6256 1
6257 0
6258 1
6259 1
6260 2
6261 1
6262 0
6263 1
6264 1
6265 1
6266 1
6267 0
6268 1
6269 2
6270 2
6271 1
6272 1
6273 1
6274 0
6275 1
6276 1
6277 1
6278 1
6279 0
6280 1
6281 2
6282 2
6283 0
6284 1
6285 1
6286 1
6287 2
6288 1
6289 0
6290 2
6291 2
6292 1
6293 0
6294 0
6295 1
6296 1
6297 1
6298 2
6299 2
6300 1
6301 2
6302 1
6303 1
6304 1
6305 0
6306 2
6307 2
6308 2
6309 2
6310 2
6311 2
6312 2
6313 1
6314 2
6315 2
6316 1
6317 1
6318 2
6319 3
6320 1
6321 1
6322 1
6323 1
6324 0
6325 0
6326 1
6327 1
6328 1
6329 2
6330 0
6331 1
6332 1
6333 0
6334 0
6335 0
6336 0
6337 1
6338 0
6339 0
6340 0
6341 0
6342 0
6343 0
6344 0
6345 0
6346 0
6347 0
6348 0
6349 0
6350 0
6351 1
6352 0
6353 0
6354 0
6355 0
6356 0
6357 0
6358 2
6359 1
6360 2
6361 1
6362 1
6363 1
6364 2
6365 2
6366 1
6367 1
6368 2
6369 2
6370 0
6371 1
6372 1
6373 1
6374 1
6375 1
6376 0
6377 0
6378 0
6379 0
6380 1
6381 0
6382 0
6383 0
6384 0
6385 1
6386 0
6387 1
6388 1
6389 0
6390 0
6391 0
6392 2
6393 1
6394 0
6395 0
6396 0
6397 1
6398 0
6399 0
6400 1
6401 1
6402 0
6403 0
6404 1
6405 0
6406 0
6407 0
6408 0
6409 0
6410 0
6411 0
6412 0
6413 0
6414 0
6415 0
6416 1
6417 0
6418 0
6419 0
6420 1
6421 0
6422 0
6423 1
6424 1
6425 0
6426 0
6427 0
6428 0
6429 1
6430 0
6431 0
6432 0
6433 0
6434 1
6435 0
6436 0
6437 0
6438 1
6439 0
6440 1
6441 0
6442 0
6443 0
6444 0
6445 0
6446 0
6447 1
6448 0
6449 2
6450 0
6451 1
6452 0
6453 0
6454 1
6455 0
6456 0
6457 0
6458 0
6459 0
6460 0
6461 0
6462 0
6463 1
6464 0
6465 0
6466 0
6467 0
6468 0
6469 1
6470 0
6471 0
6472 0
6473 1
6474 1
6475 1
6476 1
6477 1
6478 1
6479 0
6480 1
6481 0
6482 0
6483 0
6484 0
6485 0
6486 0
6487 0
6488 0
6489 0
6490 0
6491 0
6492 0
6493 0
6494 0
6495 0
6496 0
6497 0
6498 0
6499 0
6500 0
6501 1
6502 1
6503 0
6504 0
6505 1
6506 0
6507 1
6508 0
6509 1
6510 0
6511 0
6512 0
6513 0
6514 0
6515 1
6516 1
6517 0
6518 1
6519 0
6520 1
6521 0
6522 0
6523 1
6524 0
6525 0
6526 0
6527 0
6528 1
6529 0
6530 1
6531 0
6532 0
6533 1
6534 0
6535 0
6536 0
6537 0
6538 0
6539 0
6540 0
6541 0
6542 0
6543 0
6544 0
6545 0
6546 0
6547 0
6548 1
6549 1
6550 0
6551 0
6552 0
6553 1
6554 0
6555 0
6556 0
6557 0
6558 0
6559 0
6560 0
6561 0
6562 0
6563 0
6564 1
6565 0
6566 0
6567 0
6568 0
6569 0
6570 0
6571 0
6572 0
6573 0
6574 0
6575 1
6576 0
6577 0
6578 1
6579 0
6580 0
6581 0
6582 0
6583 0
6584 1
6585 0
6586 0
6587 0
6588 1
6589 0
6590 0
6591 0
6592 0
6593 0
6594 0
6595 0
6596 0
6597 0
6598 1
6599 1
6600 1
6601 1
6602 1
6603 2
6604 0
6605 1
6606 0
6607 0
6608 1
6609 1
6610 0
6611 2
6612 1
6613 0
6614 1
6615 1
6616 0
6617 0
6618 0
6619 0
6620 0
6621 0
6622 1
6623 1
6624 0
6625 1
6626 0
6627 0
6628 0
6629 0
6630 0
6631 1
6632 0
6633 0
6634 0
6635 0
6636 0
6637 0
6638 1
6639 0
6640 0
6641 0
6642 0
6643 1
6644 0
6645 0
6646 0
6647 0
6648 0
6649 0
6650 0
6651 0
6652 1
6653 1
6654 2
6655 3
6656 2
6657 1
6658 3
6659 2
6660 1
6661 1
6662 1
6663 0
6664 1
6665 1
6666 0
6667 1
6668 1
6669 0
6670 0
6671 0
6672 0
6673 1
6674 2
6675 1
6676 0
6677 0
6678 0
6679 0
6680 0
6681 0
6682 0
6683 0
6684 0
6685 0
6686 0
6687 0
6688 0
6689 1
6690 1
6691 0
6692 0
6693 2
6694 0
6695 1
6696 2
6697 2
6698 1
6699 2
6700 1
6701 1
6702 2
6703 1
6704 1
6705 2
6706 2
6707 1
6708 2
6709 2
6710 2
6711 2
6712 2
6713 2
6714 2
6715 2
6716 3
6717 1
6718 0
6719 2
6720 2
6721 2
6722 1
6723 1
6724 1
6725 1
6726 1
6727 1
6728 1
6729 1
6730 2
6731 2
6732 0
6733 2
6734 1
6735 1
6736 1
6737 2
6738 2
6739 2
6740 0
6741 1
6742 2
6743 0
6744 0
6745 2
6746 0
6747 0
6748 0
6749 0
6750 0
6751 1
6752 0
6753 0
6754 0
6755 0
6756 1
6757 0
6758 1
6759 2
6760 2
6761 1
6762 2
6763 2
6764 1
6765 2
6766 1
6767 1
6768 2
6769 2
6770 2
6771 0
6772 2
6773 0
6774 0
6775 1
6776 2
6777 1
6778 2
6779 1
6780 2
6781 2
6782 1
6783 0
6784 1
6785 1
6786 2
6787 2
6788 2
6789 2
6790 0
6791 1
6792 1
6793 1
6794 0
6795 2
6796 2
6797 1
6798 1
6799 1
6800 1
6801 1
6802 0
6803 2
6804 2
6805 1
6806 1
6807 2
6808 2
6809 1
6810 2
6811 2
6812 2
6813 1
6814 2
6815 2
6816 1
6817 3
6818 0
6819 3
6820 1
6821 2
6822 2
6823 1
6824 2
6825 2
6826 1
6827 2
6828 1
6829 1
6830 0
6831 3
6832 2
6833 2
6834 1
6835 2
6836 2
6837 1
6838 0
6839 2
6840 2
6841 2
6842 1
6843 2
6844 2
6845 3
6846 0
6847 2
6848 1
6849 2
6850 1
6851 1
6852 2
6853 1
6854 1
6855 1
6856 2
6857 1
6858 2
6859 0
6860 1
6861 1
6862 1
6863 3
6864 1
6865 2
6866 2
6867 0
6868 1
6869 1
6870 0
6871 1
6872 2
6873 0
6874 1
6875 1
6876 0
6877 2
6878 0
6879 2
6880 1
6881 0
6882 0
6883 1
6884 2
6885 1
6886 1
6887 2
6888 0
6889 0
6890 0
6891 0
6892 1
6893 2
6894 2
6895 1
6896 1
6897 1
6898 1
6899 1
6900 0
6901 1
6902 1
6903 1
6904 1
6905 2
6906 2
6907 2
6908 2
6909 2
6910 1
6911 2
6912 1
6913 2
6914 1
6915 0
6916 0
6917 0
6918 1
6919 0
6920 0
6921 1
6922 0
6923 0
6924 0
6925 1
6926 0
6927 0
6928 0
6929 0
6930 1
6931 0
6932 0
6933 0
6934 0
6935 0
6936 0
6937 0
6938 0
6939 0
6940 0
6941 0
6942 0
6943 0
6944 0
6945 0
6946 0
6947 0
6948 0
6949 0
6950 1
6951 0
6952 0
6953 0
6954 0
6955 0
6956 0
6957 0
6958 0
6959 0
6960 0
6961 0
6962 0
6963 1
6964 0
6965 1
6966 0
6967 0
6968 0
6969 1
6970 1
6971 0
6972 1
6973 0
6974 0
6975 0
6976 0
6977 0
6978 0
6979 0
6980 0
6981 1
6982 0
6983 0
6984 0
6985 0
6986 1
6987 0
6988 0
6989 0
6990 0
6991 0
6992 1
6993 0
6994 1
6995 0
6996 1
6997 0
6998 1
6999 0
7000 0
7001 0
7002 0
7003 0
7004 0
7005 0
7006 1
7007 1
7008 1
7009 1
7010 0
7011 0
7012 0
7013 0
7014 1
7015 0
7016 1
7017 1
7018 1
7019 1
7020 1
7021 2
7022 0
7023 0
7024 1
7025 2
7026 0
7027 2
7028 1
7029 1
7030 0
7031 2
7032 1
7033 1
7034 1
7035 2
7036 0
7037 2
7038 2
7039 0
7040 1
7041 2
7042 1
7043 2
7044 1
7045 1
7046 0
7047 2
7048 1
7049 2
7050 0
7051 0
7052 2
7053 2
7054 1
7055 0
7056 2
7057 2
7058 1
7059 1
7060 2
7061 1
7062 1
7063 3
7064 1
7065 1
7066 0
7067 0
7068 2
7069 0
7070 1
7071 1
7072 0
7073 1
7074 2
7075 1
7076 2
7077 1
7078 1
7079 2
7080 2
7081 1
7082 2
7083 3
7084 1
7085 2
7086 0
7087 0
7088 2
7089 1
7090 2
7091 1
7092 2
7093 2
7094 2
7095 1
7096 1
7097 1
7098 2
7099 1
7100 2
7101 1
7102 3
7103 2
7104 1
7105 2
7106 2
7107 1
7108 1
7109 0
7110 2
7111 0
7112 0
7113 2
7114 2
7115 1
7116 0
7117 3
7118 1
7119 3
7120 1
7121 2
7122 2
7123 2
7124 1
7125 1
7126 2
7127 1
7128 1
7129 0
7130 0
7131 0
7132 0
7133 0
7134 1
7135 1
7136 1
7137 1
7138 1
7139 0
7140 0
7141 0
7142 0
7143 0
7144 0
7145 1
7146 1
7147 1
7148 1
7149 0
7150 0
7151 1
7152 1
7153 0
7154 0
7155 1
7156 0
7157 0
7158 0
7159 0
7160 1
7161 0
7162 0
7163 0
7164 0
7165 0
7166 0
7167 0
7168 0
7169 0
7170 0
7171 0
7172 0
7173 0
7174 0
7175 0
7176 0
7177 0
7178 0
7179 0
7180 1
7181 0
7182 0
7183 2
7184 2
7185 1
7186 1
7187 1
7188 2
7189 1
7190 1
7191 1
7192 2
7193 1
7194 2
7195 1
7196 2
7197 1
7198 2
7199 1
7200 1
7201 1
7202 1
7203 2
7204 2
7205 1
7206 1
7207 0
7208 2
7209 2
7210 2
7211 1
7212 2
7213 3
7214 1
7215 2
7216 2
7217 1
7218 1
7219 1
7220 2
7221 1
7222 1
7223 1
7224 0
7225 1
7226 1
7227 0
7228 2
7229 2
7230 1
7231 2
7232 2
7233 2
7234 1
7235 1
7236 1
7237 1
7238 0
7239 2
7240 2
7241 3
7242 2
7243 2
7244 1
7245 1
7246 1
7247 2
7248 0
7249 2
7250 1
7251 0
7252 2
7253 1
7254 1
7255 1
7256 2
7257 1
7258 2
7259 1
7260 1
7261 2
7262 2
7263 2
7264 1
7265 2
7266 1
7267 0
7268 2
7269 1
7270 1
7271 0
7272 2
7273 2
7274 0
7275 1
7276 2
7277 3
7278 2
7279 1
7280 3
7281 2
7282 2
7283 1
7284 1
7285 2
7286 2
7287 2
7288 2
7289 1
7290 2
7291 2
7292 2
7293 0
7294 2
7295 1
7296 1
7297 1
7298 2
7299 1
7300 2
7301 1
7302 1
7303 0
7304 1
7305 1
7306 1
7307 2
7308 3
7309 1
7310 1
7311 0
7312 2
7313 1
7314 0
7315 2
7316 1
7317 1
7318 2
7319 0
7320 2
7321 2
7322 1
7323 0
7324 1
7325 2
7326 0
7327 1
7328 0
7329 2
7330 2
7331 1
7332 2
7333 2
7334 2
7335 1
7336 2
7337 0
7338 1
7339 2
7340 1
7341 2
7342 1
7343 1
7344 1
7345 1
7346 2
7347 1
7348 2
7349 2
7350 0
7351 0
7352 1
7353 1
7354 0
7355 1
7356 1
7357 2
7358 1
7359 1
7360 2
7361 1
7362 1
7363 1
7364 3
7365 1
7366 1
7367 2
7368 0
7369 2
7370 3
7371 1
7372 0
7373 0
7374 1
7375 1
7376 0
7377 1
7378 0
7379 1
7380 0
7381 0
7382 0
7383 0
7384 1
7385 1
7386 0
7387 0
7388 1
7389 1
7390 0
7391 1
7392 0
7393 1
7394 0
7395 0
7396 0
7397 0
7398 0
7399 0
7400 1
7401 1
7402 0
7403 0
7404 1
7405 0
7406 0
7407 0
7408 1
7409 0
7410 1
7411 0
7412 0
7413 1
7414 0
7415 1
7416 0
7417 1
7418 1
7419 0
7420 0
7421 0
7422 0
7423 0
7424 0
7425 0
7426 0
7427 0
7428 0
7429 0
7430 0
7431 0
7432 0
7433 0
7434 0
7435 0
7436 0
7437 0
7438 1
7439 0
7440 0
7441 0
7442 1
7443 0
7444 1
7445 1
7446 0
7447 1
7448 1
7449 1
7450 1
7451 1
7452 0
7453 1
7454 1
7455 2
7456 2
7457 1
7458 1
7459 1
7460 2
7461 0
7462 1
7463 1
7464 2
7465 1
7466 1
7467 1
7468 0
7469 1
7470 1
7471 1
7472 1
7473 2
7474 2
7475 1
7476 0
7477 1
7478 0
7479 1
7480 0
7481 2
7482 2
7483 1
7484 1
7485 2
7486 2
7487 1
7488 3
7489 2
7490 2
7491 3
7492 2
7493 2
7494 3
7495 1
7496 2
7497 2
7498 0
7499 2
7500 0
7501 1
7502 1
7503 2
7504 1
7505 0
7506 1
7507 2
7508 2
7509 0
7510 1
7511 1
7512 1
7513 1
7514 1
7515 1
7516 2
7517 1
7518 2
7519 1
7520 2
7521 2
7522 2
7523 1
7524 1
7525 1
7526 1
7527 1
7528 0
7529 2
7530 1
7531 2
7532 1
7533 1
7534 1
7535 0
7536 1
7537 1
7538 1
7539 0
7540 1
7541 2
7542 1
7543 3
7544 2
7545 2
7546 2
7547 1
7548 2
7549 0
7550 1
7551 1
7552 2
7553 1
7554 1
7555 2
7556 2
7557 3
7558 2
7559 1
7560 1
7561 1
7562 2
7563 1
7564 0
7565 1
7566 2
7567 0
7568 2
7569 2
7570 2
7571 2
7572 1
7573 1
7574 1
7575 1
7576 2
7577 1
7578 2
7579 2
7580 2
7581 2
7582 0
7583 2
7584 1
7585 1
7586 0
7587 2
7588 2
7589 2
7590 2
7591 2
7592 1
7593 2
7594 1
7595 3
7596 2
7597 1
7598 1
7599 1
7600 1
7601 2
7602 2
7603 3
7604 3
7605 1
7606 2
7607 1
7608 3
7609 2
7610 2
7611 1
7612 1
7613 2
7614 2
7615 0
7616 0
7617 1
7618 3
7619 1
7620 1
7621 2
7622 1
7623 1
7624 2
7625 0
7626 1
7627 0
7628 1
7629 1
7630 2
7631 1
7632 0
7633 1
7634 2
7635 1
7636 1
7637 1
7638 1
7639 1
7640 0
7641 1
7642 2
7643 2
7644 1
7645 1
7646 1
7647 0
7648 0
7649 0
7650 0
7651 0
7652 0
7653 0
7654 0
7655 0
7656 0
7657 0
7658 0
7659 0
7660 0
7661 0
7662 0
7663 0
7664 0
7665 0
7666 0
7667 0
7668 0
7669 0
7670 1
7671 1
7672 0
7673 0
7674 0
7675 0
7676 0
7677 0
7678 0
7679 1
7680 0
7681 1
7682 1
7683 0
7684 1
7685 0
7686 0
7687 0
7688 1
7689 1
7690 1
7691 0
7692 1
7693 1
7694 1
7695 0
7696 0
7697 0
7698 0
7699 0
7700 1
7701 1
7702 0
7703 0
7704 1
7705 0
7706 0
7707 0
7708 0
7709 0
7710 0
7711 0
7712 0
7713 2
7714 2
7715 0
7716 1
7717 2
7718 0
7719 1
7720 0
7721 0
7722 0
7723 0
7724 0
7725 0
7726 0
7727 0
7728 1
7729 0
7730 0
7731 0
7732 0
7733 0
7734 0
7735 1
7736 0
7737 1
7738 0
7739 0
7740 0
7741 0
7742 1
7743 1
7744 1
7745 1
7746 1
7747 1
7748 2
7749 0
7750 1
7751 1
7752 0
7753 1
7754 1
7755 1
7756 1
7757 0
7758 0
7759 0
7760 1
7761 1
7762 0
7763 0
7764 1
7765 1
7766 0
7767 1
7768 0
7769 1
7770 1
7771 1
7772 1
7773 0
7774 0
7775 0
7776 1
7777 0
7778 0
7779 0
7780 0
7781 0
7782 1
7783 1
7784 1
7785 0
7786 1
7787 0
7788 1
7789 0
7790 0
7791 0
7792 0
7793 1
7794 1
7795 2
7796 2
7797 2
7798 1
7799 1
7800 1
7801 1
7802 2
7803 2
7804 1
7805 2
7806 1
7807 0
7808 0
7809 0
7810 1
7811 1
7812 3
7813 1
7814 2
7815 2
7816 1
7817 1
7818 3
7819 1
7820 2
7821 1
7822 1
7823 2
7824 1
7825 1
7826 2
7827 0
7828 1
7829 0
7830 0
7831 1
7832 2
7833 0
7834 1
7835 2
7836 2
7837 2
7838 1
7839 1
7840 2
7841 2
7842 1
7843 1
7844 1
7845 2
7846 0
7847 1
7848 1
7849 1
7850 3
7851 1
7852 2
7853 2
7854 0
7855 2
7856 1
7857 2
7858 1
7859 1
7860 1
7861 1
7862 2
7863 1
7864 2
7865 1
7866 1
7867 1
7868 1
7869 1
7870 1
7871 1
7872 1
7873 1
7874 2
7875 1
7876 1
7877 2
7878 2
7879 2
7880 1
7881 3
7882 1
7883 2
7884 2
7885 2
7886 2
7887 1
7888 1
7889 2
7890 2
7891 2
7892 2
7893 2
7894 2
7895 1
7896 0
7897 1
7898 0
7899 0
7900 0
7901 0
7902 0
7903 0
7904 1
7905 0
7906 1
7907 1
7908 1
7909 1
7910 1
7911 1
7912 1
7913 1
7914 1
7915 2
7916 2
7917 2
7918 2
7919 0
7920 2
7921 2
7922 1
7923 1
7924 1
7925 1
7926 2
7927 2
7928 1
7929 1
7930 1
7931 1
7932 3
7933 1
7934 1
7935 2
7936 1
7937 2
7938 1
7939 1
7940 2
7941 0
7942 2
7943 1
7944 1
7945 2
7946 2
7947 1
7948 1
7949 0
7950 1
7951 2
7952 0
7953 2
7954 1
7955 2
7956 0
7957 1
7958 2
7959 0
7960 2
7961 1
7962 1
7963 2
7964 2
7965 1
7966 1
7967 1
7968 2
7969 1
7970 2
7971 1
7972 2
7973 0
7974 1
7975 1
7976 2
7977 1
7978 2
7979 1
7980 1
7981 3
7982 2
7983 1
7984 1
7985 0
7986 2
7987 1
7988 0
7989 1
7990 1
7991 1
7992 2
7993 1
7994 1
7995 2
7996 2
7997 1
7998 1
7999 1
8000 2
8001 0
8002 1
8003 2
8004 2
8005 2
8006 1
8007 1
8008 0
8009 0
8010 0
8011 0
8012 0
8013 1
8014 0
8015 1
8016 1
8017 1
8018 1
8019 0
8020 1
8021 2
8022 3
8023 2
8024 1
8025 1
8026 1
8027 0
8028 2
8029 1
8030 1
8031 0
8032 0
8033 0
8034 1
8035 0
8036 1
8037 1
8038 1
8039 0
8040 0
8041 0
8042 2
8043 0
8044 0
8045 0
8046 1
8047 0
8048 1
8049 2
8050 1
8051 2
8052 2
8053 0
8054 2
8055 2
8056 2
8057 1
8058 2
8059 2
8060 2
8061 1
8062 1
8063 1
8064 2
8065 1
8066 0
8067 2
8068 1
8069 1
8070 0
8071 2
8072 1
8073 2
8074 0
8075 2
8076 1
8077 1
8078 1
8079 1
8080 2
8081 1
8082 1
8083 1
8084 2
8085 0
8086 1
8087 1
8088 1
8089 2
8090 2
8091 0
8092 1
8093 1
8094 1
8095 1
8096 1
8097 1
8098 1
8099 1
8100 2
8101 1
8102 1
8103 2
8104 0
8105 2
8106 1
8107 2
8108 2
8109 3
8110 2
8111 2
8112 1
8113 2
8114 2
8115 2
8116 2
8117 1
8118 2
8119 1
8120 2
8121 1
8122 2
8123 1
8124 0
8125 0
8126 0
8127 0
8128 0
8129 1
8130 1
8131 1
8132 0
8133 0
8134 0
8135 1
8136 2
8137 2
8138 2
8139 2
8140 2
8141 1
8142 2
8143 1
8144 2
8145 1
8146 1
8147 1
8148 2
8149 1
8150 2
8151 1
8152 1
8153 1
8154 2
8155 1
8156 1
8157 1
8158 1
8159 0
8160 2
8161 2
8162 1
8163 1
8164 2
8165 0
8166 0
8167 0
8168 3
8169 2
8170 2
8171 1
8172 1
8173 3
8174 0
8175 0
8176 0
8177 0
8178 2
8179 2
8180 3
8181 1
8182 2
8183 1
8184 0
8185 2
8186 2
8187 2
8188 2
8189 1
8190 1
8191 1
8192 1
8193 2
8194 1
8195 1
8196 1
8197 2
8198 1
8199 1
8200 1
8201 1
8202 2
8203 1
8204 2
8205 0
8206 1
8207 1
8208 1
8209 1
8210 1
8211 1
8212 1
8213 2
8214 2
8215 0
8216 2
8217 1
8218 0
8219 2
8220 2
8221 1
8222 1
8223 2
8224 1
8225 2
8226 1
8227 1
8228 1
8229 2
8230 2
8231 1
8232 1
8233 1
8234 1
8235 1
8236 2
8237 0
8238 2
8239 0
8240 1
8241 1
8242 0
8243 0
8244 2
8245 2
8246 1
8247 2
8248 1
8249 2
8250 1
8251 1
8252 2
8253 1
8254 1
8255 2
8256 1
8257 1
8258 2
8259 2
8260 1
8261 0
8262 2
8263 1
8264 1
8265 2
8266 1
8267 0
8268 1
8269 2
8270 1
8271 2
8272 3
8273 2
8274 0
8275 2
8276 0
8277 2
8278 1
8279 0
8280 1
8281 1
8282 1
8283 1
8284 2
8285 1
8286 1
8287 1
8288 2
8289 1
8290 0
8291 0
8292 1
8293 1
8294 2
8295 1
8296 1
8297 1
8298 2
8299 1
8300 1
8301 2
8302 2
8303 1
8304 1
8305 1
8306 1
8307 1
8308 1
8309 1
8310 2
8311 2
8312 0
8313 0
8314 1
8315 2
8316 2
8317 2
8318 1
8319 1
8320 0
8321 2
8322 2
8323 1
8324 2
8325 2
8326 2
8327 0
8328 1
8329 1
8330 2
8331 2
8332 1
8333 2
8334 2
8335 1
8336 1
8337 1
8338 1
8339 1
8340 1
8341 2
8342 2
8343 1
8344 0
8345 2
8346 1
8347 2
8348 1
8349 1
8350 2
8351 1
8352 2
8353 1
8354 2
8355 1
8356 1
8357 2
8358 1
8359 3
8360 2
8361 1
8362 2
8363 3
8364 1
8365 1
8366 3
8367 3
8368 2
8369 1
8370 1
8371 1
8372 0
8373 0
8374 1
8375 2
8376 1
8377 0
8378 1
8379 2
8380 3
8381 2
8382 1
8383 0
8384 2
8385 1
8386 1
8387 0
8388 1
8389 2
8390 0
8391 2
8392 1
8393 1
8394 1
8395 2
8396 1
8397 2
8398 1
8399 1
8400 1
8401 1
8402 1
8403 1
8404 0
8405 1
8406 2
8407 1
8408 0
8409 0
8410 2
8411 2
8412 0
8413 2
8414 2
8415 1
8416 0
8417 0
8418 2
8419 0
8420 2
8421 1
8422 0
8423 3
8424 2
8425 2
8426 2
8427 1
8428 2
8429 2
8430 2
8431 3
8432 1
8433 1
8434 2
8435 1
8436 1
8437 0
8438 1
8439 1
8440 1
8441 1
8442 2
8443 1
8444 2
8445 2
8446 1
8447 1
8448 2
8449 3
8450 2
8451 3
8452 2
8453 1
8454 0
8455 1
8456 1
8457 2
8458 1
8459 1
8460 2
8461 0
8462 0
8463 1
8464 0
8465 0
8466 1
8467 0
8468 0
8469 2
8470 2
8471 2
8472 0
8473 1
8474 2
8475 1
8476 2
8477 1
8478 1
8479 3
8480 2
8481 1
8482 3
8483 0
8484 1
8485 1
8486 0
8487 1
8488 1
8489 0
8490 1
8491 1
8492 0
8493 0
8494 1
8495 1
8496 1
8497 0
8498 0
8499 1
8500 0
8501 0
8502 1
8503 1
8504 0
8505 1
8506 0
8507 0
8508 2
8509 1
8510 1
8511 1
8512 1
8513 2
8514 3
8515 1
8516 1
8517 2
8518 2
8519 2
8520 2
8521 0
8522 2
8523 2
8524 1
8525 1
8526 1
8527 3
8528 0
8529 2
8530 1
8531 2
8532 2
8533 1
8534 1
8535 2
8536 0
8537 1
8538 1
8539 2
8540 2
8541 0
8542 1
8543 2
8544 2
8545 2
8546 2
8547 1
8548 1
8549 2
8550 2
8551 1
8552 1
8553 0
8554 1
8555 2
8556 1
8557 1
8558 2
8559 2
8560 1
8561 1
8562 1
8563 2
8564 1
8565 2
8566 1
8567 1
8568 2
8569 1
8570 1
8571 2
8572 2
8573 2
8574 1
8575 2
8576 2
8577 2
8578 2
8579 1
8580 1
8581 1
8582 2
8583 2
8584 1
8585 0
8586 1
8587 3
8588 1
8589 2
8590 1
8591 2
8592 1
8593 2
8594 1
8595 2
8596 0
8597 0
8598 0
8599 1
8600 0
8601 1
8602 2
8603 2
8604 1
8605 0
8606 1
8607 0
8608 0
8609 0
8610 1
8611 0
8612 0
8613 1
8614 0
8615 0
8616 0
8617 0
8618 0
8619 1
8620 1
8621 1
8622 0
8623 0
8624 0
8625 0
8626 0
8627 0
8628 2
8629 0
8630 0
8631 0
8632 0
8633 0
8634 0
8635 0
8636 1
8637 0
8638 1
8639 0
8640 1
8641 0
8642 0
8643 0
8644 1
8645 1
8646 0
8647 0
8648 1
8649 0
8650 2
8651 0
8652 2
8653 0
8654 0
8655 0
8656 1
8657 1
8658 0
8659 1
8660 0
8661 0
8662 0
8663 0
8664 0
8665 0
8666 0
8667 0
8668 0
8669 1
8670 0
8671 0
8672 1
8673 1
8674 1
8675 0
8676 0
8677 0
8678 0
8679 0
8680 0
8681 0
8682 1
8683 1
8684 0
8685 2
8686 1
8687 0
8688 1
8689 0
8690 0
8691 0
8692 0
8693 0
8694 0
8695 0
8696 0
8697 0
8698 0
8699 0
8700 0
8701 1
8702 0
8703 0
8704 0
8705 1
8706 0
8707 0
8708 0
8709 1
8710 0
8711 0
8712 0
8713 0
8714 0
8715 0
8716 0
8717 0
8718 0
8719 0
8720 0
8721 0
8722 0
8723 0
8724 0
8725 0
8726 0
8727 0
8728 0
8729 0
8730 0
8731 0
8732 1
8733 0
8734 0
8735 0
8736 0
8737 0
8738 0
8739 0
8740 0
8741 0
8742 0
8743 0
8744 0
8745 0
8746 1
8747 0
8748 0
8749 0
8750 0
8751 0
8752 0
8753 0
8754 0
8755 0
8756 0
8757 0
8758 0
8759 0
8760 0
8761 0
8762 0
8763 0
8764 0
8765 0
8766 0
8767 0
8768 0
8769 0
8770 0
8771 0
8772 0
8773 0
8774 0
8775 0
8776 0
8777 0
8778 0
8779 0
8780 0
8781 0
8782 0
8783 0
8784 0
8785 0
8786 0
8787 0
8788 0
8789 0
8790 0
8791 0
8792 0
8793 0
8794 0
8795 0
8796 0
8797 0
8798 0
8799 0
8800 0
8801 0
8802 0
8803 0
8804 0
8805 1
8806 0
8807 1
8808 1
8809 1
8810 0
8811 0
8812 0
8813 0
8814 0
8815 0
8816 1
8817 1
8818 1
8819 0
8820 1
8821 0
8822 0
8823 0
8824 1
8825 0
8826 1
8827 0
8828 0
8829 0
8830 0
8831 1
8832 1
8833 1
8834 1
8835 1
8836 1
8837 0
8838 1
8839 1
8840 1
8841 0
8842 1
8843 0
8844 0
8845 0
8846 1
8847 0
8848 0
8849 0
8850 0
8851 0
8852 1
8853 1
8854 0
8855 0
8856 1
8857 1
8858 1
8859 1
8860 1
8861 1
8862 0
8863 0
8864 0
8865 0
8866 0
8867 1
8868 1
8869 0
8870 1
8871 1
8872 1
8873 1
8874 0
8875 1
8876 1
8877 1
8878 1
8879 0
8880 1
8881 0
8882 1
8883 1
8884 0
8885 0
8886 0
8887 0
8888 0
8889 0
8890 1
8891 1
8892 0
8893 0
8894 1
8895 0
8896 1
8897 1
8898 1
8899 0
8900 0
8901 1
8902 0
8903 0
8904 0
8905 1
8906 1
8907 0
8908 0
8909 0
8910 0
8911 0
8912 0
8913 0
8914 0
8915 0
8916 0
8917 0
8918 0
8919 0
8920 0
8921 0
8922 0
8923 0
8924 0
8925 0
8926 1
8927 0
8928 1
8929 0
8930 0
8931 0
8932 1
8933 1
8934 0
8935 1
8936 0
8937 0
8938 1
8939 0
8940 1
8941 0
8942 0
8943 0
8944 0
8945 0
8946 1
8947 1
8948 0
8949 0
8950 1
8951 0
8952 1
8953 0
8954 0
8955 1
8956 0
8957 1
8958 0
8959 0
8960 0
8961 1
8962 1
8963 1
8964 1
8965 1
8966 1
8967 1
8968 2
8969 1
8970 1
8971 1
8972 2
8973 2
8974 1
8975 0
8976 2
8977 1
8978 1
8979 1
8980 0
8981 2
8982 3
8983 2
8984 0
8985 2
8986 1
8987 1
8988 2
8989 0
8990 2
8991 0
8992 2
8993 1
8994 1
8995 0
8996 2
8997 1
8998 1
8999 2
9000 3
9001 2
9002 2
9003 2
9004 0
9005 2
9006 2
9007 0
9008 1
9009 0
9010 2
9011 1
9012 1
9013 2
9014 0
9015 1
9016 2
9017 0
9018 2
9019 1
9020 1
9021 1
9022 2
9023 3
9024 1
9025 2
9026 1
9027 1
9028 1
9029 2
9030 0
9031 1
9032 0
9033 1
9034 2
9035 1
9036 1
9037 1
9038 1
9039 2
9040 2
9041 2
9042 1
9043 2
9044 2
9045 1
9046 2
9047 1
9048 1
9049 0
9050 1
9051 0
9052 2
9053 1
9054 2
9055 2
9056 0
9057 2
9058 1
9059 2
9060 1
9061 2
9062 1
9063 1
9064 2
9065 2
9066 2
9067 1
9068 2
9069 2
9070 1
9071 1
9072 1
9073 2
9074 3
9075 1
9076 2
9077 1
9078 0
9079 1
9080 2
9081 1
9082 1
9083 1
9084 0
9085 2
9086 1
9087 2
9088 2
9089 1
9090 2
9091 1
9092 1
9093 2
9094 2
9095 2
9096 1
9097 2
9098 0
9099 1
9100 1
9101 2
9102 2
9103 0
9104 2
9105 0
9106 1
9107 0
9108 1
9109 2
9110 1
9111 1
9112 1
9113 1
9114 2
9115 2
9116 0
9117 2
9118 0
9119 2
9120 1
9121 1
9122 0
9123 1
9124 2
9125 1
9126 2
9127 1
9128 1
9129 0
9130 1
9131 1
9132 0
9133 1
9134 1
9135 0
9136 2
9137 0
9138 2
9139 0
9140 1
9141 2
9142 2
9143 2
9144 1
9145 2
9146 1
9147 1
9148 2
9149 1
9150 3
9151 0
9152 1
9153 1
9154 2
9155 2
9156 2
9157 1
9158 3
9159 1
9160 0
9161 2
9162 1
9163 3
9164 0
9165 1
9166 1
9167 2
9168 2
9169 1
9170 1
9171 2
9172 1
9173 1
9174 1
9175 0
9176 1
9177 2
9178 0
9179 1
9180 1
9181 1
9182 1
9183 2
9184 2
9185 0
9186 0
9187 2
9188 1
9189 1
9190 2
9191 2
9192 1
9193 2
9194 1
9195 2
9196 1
9197 0
9198 2
9199 3
9200 2
9201 2
9202 2
9203 1
9204 1
9205 2
9206 1
9207 1
9208 2
9209 2
9210 1
9211 3
9212 2
9213 1
9214 2
9215 1
9216 1
9217 1
9218 1
9219 3
9220 2
9221 1
9222 1
9223 2
9224 0
9225 2
9226 2
9227 2
9228 2
9229 2
9230 1
9231 1
9232 0
9233 1
9234 2
9235 2
9236 2
9237 0
9238 3
9239 3
9240 1
9241 1
9242 1
9243 2
9244 1
9245 0
9246 0
9247 3
9248 1
9249 2
9250 1
9251 1
9252 0
9253 2
9254 0
9255 1
9256 1
9257 2
9258 2
9259 2
9260 2
9261 1
9262 2
9263 1
9264 2
9265 0
9266 2
9267 0
9268 1
9269 1
9270 1
9271 1
9272 0
9273 1
9274 2
9275 2
9276 2
9277 1
9278 0
9279 1
9280 2
9281 1
9282 2
9283 1
9284 1
9285 1
9286 2
9287 2
9288 2
9289 1
9290 2
9291 2
9292 1
9293 2
9294 3
9295 1
9296 2
9297 2
9298 1
9299 1
9300 1
9301 2
9302 2
9303 1
9304 0
9305 0
9306 0
9307 1
9308 0
9309 0
9310 0
9311 0
9312 0
9313 0
9314 0
9315 0
9316 0
9317 0
9318 1
9319 0
9320 0
9321 2
9322 2
9323 0
9324 2
9325 1
9326 2
9327 2
9328 1
9329 1
9330 2
9331 1
9332 2
9333 2
9334 2
9335 2
9336 2
9337 0
9338 1
9339 0
9340 1
9341 2
9342 1
9343 2
9344 1
9345 2
9346 1
9347 2
9348 2
9349 2
9350 1
9351 2
9352 1
9353 1
9354 2
9355 1
9356 1
9357 2
9358 2
9359 2
9360 2
9361 2
9362 1
9363 1
9364 2
9365 0
9366 2
9367 0
9368 1
9369 1
9370 2
9371 2
9372 2
9373 0
9374 2
9375 0
9376 1
9377 0
9378 1
9379 2
9380 1
9381 2
9382 1
9383 1
9384 2
9385 2
9386 2
9387 2
9388 1
9389 2
9390 1
9391 1
9392 1
9393 2
9394 1
9395 1
9396 1
9397 0
9398 1
9399 1
9400 1
9401 2
9402 1
9403 1
9404 2
9405 1
9406 1
9407 1
9408 2
9409 1
9410 1
9411 2
9412 0
9413 0
9414 2
9415 2
9416 0
9417 2
9418 1
9419 1
9420 2
9421 2
9422 2
9423 1
9424 2
9425 2
9426 1
9427 2
9428 2
9429 1
9430 1
9431 0
9432 0
9433 2
9434 2
9435 2
9436 2
9437 1
9438 2
9439 1
9440 2
9441 0
9442 0
9443 1
9444 1
9445 2
9446 1
9447 1
9448 1
9449 1
9450 2
9451 1
9452 0
9453 2
9454 2
9455 2
9456 0
9457 0
9458 1
9459 1
9460 3
9461 2
9462 1
9463 2
9464 0
9465 2
9466 2
9467 1
9468 2
9469 1
9470 1
9471 2
9472 1
9473 1
9474 0
9475 1
9476 1
9477 0
9478 0
9479 0
9480 1
9481 0
9482 0
9483 1
9484 0
9485 1
9486 0
9487 1
9488 1
9489 0
9490 0
9491 0
9492 0
9493 1
9494 0
9495 1
9496 0
9497 0
9498 0
9499 0
9500 1
9501 0
9502 1
9503 0
9504 0
9505 0
9506 0
9507 0
9508 1
9509 1
9510 0
9511 1
9512 1
9513 1
9514 0
9515 0
9516 1
9517 0
9518 0
9519 0
9520 1
9521 0
9522 1
9523 0
9524 1
9525 1
9526 0
9527 0
9528 0
9529 1
9530 1
9531 1
9532 0
9533 1
9534 1
9535 1
9536 0
9537 1
9538 0
9539 1
9540 1
9541 0
9542 1
9543 1
9544 0
9545 0
9546 0
9547 0
9548 0
9549 1
9550 0
9551 0
9552 1
9553 0
9554 1
9555 0
9556 2
9557 1
9558 1
9559 0
9560 0
9561 0
9562 0
9563 0
9564 1
9565 0
9566 1
9567 0
9568 1
9569 1
9570 1
9571 1
9572 0
9573 0
9574 1
9575 2
9576 1
9577 2
9578 2
9579 2
9580 0
9581 2
9582 2
9583 1
9584 2
9585 1
9586 2
9587 1
9588 1
9589 1
9590 1
9591 0
9592 3
9593 2
9594 1
9595 1
9596 2
9597 1
9598 2
9599 0
9600 2
9601 2
9602 1
9603 1
9604 3
9605 1
9606 0
9607 2
9608 2
9609 1
9610 2
9611 1
9612 1
9613 1
9614 2
9615 1
9616 2
9617 2
9618 2
9619 1
9620 1
9621 2
9622 1
9623 1
9624 2
9625 0
9626 0
9627 0
9628 0
9629 0
9630 0
9631 0
9632 0
9633 0
9634 0
9635 0
9636 0
9637 0
9638 0
9639 0
9640 0
9641 0
9642 0
9643 0
9644 0
9645 0
9646 0
9647 1
9648 0
9649 1
9650 0
9651 0
9652 1
9653 0
9654 0
9655 0
9656 0
9657 0
9658 1
9659 1
9660 0
9661 0
9662 1
9663 1
9664 0
9665 0
9666 0
9667 0
9668 0
9669 0
9670 0
9671 0
9672 0
9673 1
9674 0
9675 0
9676 1
9677 0
9678 1
9679 0
9680 0
9681 0
9682 0
9683 0
9684 1
9685 0
9686 1
9687 0
9688 0
9689 0
9690 0
9691 1
9692 0
9693 0
9694 0
9695 0
9696 0
9697 0
9698 0
9699 1
9700 1
9701 1
9702 0
9703 0
9704 0
9705 0
9706 1
9707 0
9708 1
9709 1
9710 0
9711 0
9712 0
9713 1
9714 0
9715 0
9716 0
9717 0
9718 1
9719 0
9720 2
9721 1
9722 2
9723 2
9724 2
9725 2
9726 1
9727 1
9728 1
9729 2
9730 1
9731 1
9732 1
9733 1
9734 1
9735 0
9736 2
9737 0
9738 1
9739 2
9740 1
9741 0
9742 1
9743 1
9744 2
9745 2
9746 2
9747 1
9748 1
9749 1
9750 0
9751 0
9752 1
9753 0
9754 0
9755 0
9756 0
9757 1
9758 0
9759 0
9760 0
9761 0
9762 0
9763 0
9764 0
9765 1
9766 0
9767 0
9768 1
9769 0
9770 0
9771 0
9772 1
9773 0
9774 0
9775 1
9776 1
9777 0
9778 1
9779 0
9780 1
9781 1
9782 0
9783 0
9784 1
9785 2
9786 1
9787 0
9788 1
9789 0
9790 0
9791 0
9792 0
9793 0
9794 0
9795 0
9796 1
9797 0
9798 0
9799 0
9800 0
9801 0
9802 0
9803 0
9804 0
9805 0
9806 0
9807 0
9808 0
9809 0
9810 0
9811 0
9812 1
9813 1
9814 0
9815 0
9816 1
9817 1
9818 1
9819 1
9820 1
9821 2
9822 3
9823 1
9824 2
9825 2
9826 1
9827 2
9828 1
9829 1
9830 0
9831 1
9832 2
9833 1
9834 1
9835 1
9836 1
9837 1
9838 2
9839 1
9840 1
9841 1
9842 2
9843 1
9844 0
9845 1
9846 2
9847 1
9848 1
9849 0
9850 1
9851 2
9852 1
9853 0
9854 2
9855 1
9856 1
9857 1
9858 1
9859 0
9860 0
9861 1
9862 1
9863 1
9864 0
9865 1
9866 2
9867 2
9868 1
9869 1
9870 1
9871 2
9872 2
9873 1
9874 2
9875 3
9876 1
9877 2
9878 2
9879 0
9880 2
9881 1
9882 1
9883 0
9884 1
9885 2
9886 1
9887 2
9888 1
9889 1
9890 2
9891 2
9892 0
9893 1
9894 2
9895 0
9896 2
9897 2
9898 2
9899 3
9900 2
9901 0
9902 1
9903 0
9904 2
9905 1
9906 3
9907 0
9908 2
9909 1
9910 1
9911 0
9912 2
9913 1
9914 1
9915 1
9916 1
9917 2
9918 0
9919 2
9920 0
9921 1
9922 2
9923 2
9924 1
9925 1
9926 2
9927 1
9928 2
9929 1
9930 1
9931 0
9932 2
9933 2
9934 2
9935 1
9936 3
9937 1
9938 1
9939 1
9940 2
9941 0
9942 2
9943 2
9944 2
9945 2
9946 1
9947 0
9948 1
9949 1
9950 1
9951 2
9952 0
9953 1
9954 1
9955 1
9956 1
9957 1
9958 2
9959 1
9960 0
9961 2
9962 1
9963 1
9964 2
9965 2
9966 0
9967 0
9968 1
9969 2
9970 0
9971 1
9972 1
9973 1
9974 1
9975 1
9976 1
9977 2
9978 0
9979 2
9980 1
9981 0
9982 2
9983 2
9984 1
9985 1
9986 1
9987 0
9988 0
9989 2
9990 2
9991 1
9992 2
9993 2
9994 1
9995 1
9996 1
9997 1
9998 1
9999 1
10000 2
10001 2
