1 1
2 1
3 1
4 1
5 1
6 0
7 0
8 1
9 1
10 2
11 1
12 1
13 2
14 1
15 0
16 1
17 2
18 0
19 1
20 2
21 2
22 2
23 2
24 0
25 1
26 1
27 1
28 2
29 0
30 2
31 1
32 1
33 2
34 1
35 1
36 1
37 1
38 1
39 2
40 2
41 1
42 1
43 1
44 1
45 2
46 1
47 1
48 1
49 1
50 0
51 1
52 1
53 1
54 2
55 2
56 1
57 1
58 1
59 2
60 3
61 2
62 2
63 3
64 2
65 2
66 1
67 1
68 2
69 1
70 2
71 2
72 1
73 2
74 2
75 1
76 0
77 2
78 1
79 1
80 1
81 1
82 1
83 0
84 1
85 2
86 1
87 1
88 1
89 1
90 2
91 2
92 1
93 0
94 2
95 0
96 1
97 2
98 2
99 2
100 1
101 3
102 1
103 1
104 0
105 2
106 1
107 0
108 2
109 1
110 1
111 2
112 3
113 2
114 0
115 1
116 1
117 0
118 0
119 1
120 2
121 0
122 1
123 0
124 0
125 0
126 0
127 0
128 0
129 0
130 0
131 0
132 0
133 0
134 0
135 1
136 0
137 0
138 1
139 0
140 1
141 0
142 0
143 1
144 0
145 0
146 0
147 1
148 0
149 0
150 0
151 0
152 1
153 0
154 1
155 1
156 0
157 0
158 0
159 0
160 0
161 1
162 0
163 2
164 0
165 0
166 0
167 0
168 0
169 0
170 0
171 0
172 0
173 0
174 1
175 1
176 0
177 1
178 1
179 0
180 0
181 1
182 1
183 1
184 0
185 1
186 1
187 1
188 2
189 2
190 1
191 1
192 2
193 0
194 1
195 1
196 2
197 1
198 1
199 3
200 2
201 2
202 1
203 2
204 2
205 0
206 1
207 1
208 0
209 1
210 0
211 0
212 0
213 1
214 1
215 1
216 1
217 1
218 0
219 2
220 1
221 1
222 1
223 1
224 1
225 0
226 1
227 1
228 0
229 1
230 1
231 1
232 1
233 1
234 2
235 0
236 0
237 1
238 0
239 2
240 0
241 1
242 0
243 0
244 1
245 1
246 1
247 1
248 1
249 2
250 1
251 2
252 0
253 2
254 0
255 2
256 2
257 2
258 1
259 2
260 2
261 1
262 2
263 1
264 1
265 1
266 0
267 2
268 1
269 1
270 1
271 1
272 1
273 1
274 2
275 1
276 1
277 2
278 2
279 2
280 2
281 0
282 2
283 2
284 1
285 1
286 2
287 1
288 2
289 0
290 2
291 2
292 2
293 0
294 2
295 2
296 1
297 2
298 1
299 2
300 1
301 2
302 1
303 1
304 1
305 3
306 0
307 1
308 1
309 0
310 2
311 2
312 2
313 1
314 1
315 1
316 2
317 1
318 2
319 0
320 2
321 2
322 1
323 2
324 1
325 1
326 3
327 1
328 0
329 1
330 1
331 1
332 0
333 1
334 1
335 1
336 1
337 1
338 1
339 0
340 1
341 2
342 1
343 0
344 0
345 2
346 1
347 2
348 1
349 0
350 1
351 1
352 1
353 1
354 1
355 2
356 0
357 1
358 1
359 1
360 2
361 1
362 0
363 2
364 0
365 1
366 2
367 2
368 2
369 2
370 0
371 2
372 1
373 1
374 0
375 0
376 1
377 0
378 0
379 1
380 1
381 0
382 1
383 0
384 1
385 1
386 1
387 1
388 1
389 1
390 0
391 0
392 1
393 0
394 1
395 0
396 2
397 1
398 1
399 1
400 2
401 3
402 1
403 2
404 1
405 2
406 1
407 1
408 1
409 0
410 1
411 1
412 1
413 1
414 0
415 1
416 1
417 1
418 0
419 0
420 0
421 1
422 0
423 0
424 1
425 1
426 1
427 2
428 2
429 2
430 2
431 1
432 1
433 2
434 1
435 0
436 2
437 0
438 1
439 1
440 1
441 0
442 1
443 1
444 1
445 2
446 1
447 1
448 1
449 2
450 2
451 1
452 2
453 1
454 2
455 0
456 1
457 0
458 1
459 0
460 0
461 0
462 0
463 0
464 0
465 0
466 0
467 1
468 0
469 1
470 1
471 1
472 1
473 1
474 1
475 1
476 1
477 0
478 0
479 1
480 1
481 0
482 0
483 0
484 1
485 0
486 1
487 1
488 0
489 0
490 1
491 1
492 0
493 0
494 0
495 0
496 0
497 0
498 1
499 0
500 0
501 0
502 1
503 0
504 1
505 1
506 1
507 0
508 1
509 0
510 0
511 1
512 0
513 1
514 1
515 0
516 0
517 1
518 1
519 0
520 0
521 0
522 0
523 0
524 0
525 0
526 0
527 0
528 1
529 0
530 0
531 0
532 0
533 0
534 0
535 1
536 1
537 0
538 1
539 0
540 0
541 0
542 0
543 1
544 0
545 0
546 1
547 0
548 0
549 1
550 0
551 0
552 0
553 1
554 1
555 0
556 1
557 1
558 1
559 0
560 0
561 0
562 0
563 1
564 1
565 1
566 1
567 0
568 0
569 1
570 0
571 0
572 0
573 0
574 0
575 0
576 0
577 0
578 0
579 0
580 0
581 0
582 1
583 0
584 1
585 0
586 0
587 0
588 0
589 0
590 0
591 0
592 0
593 0
594 0
595 0
596 0
597 0
598 0
599 0
600 0
601 0
602 1
603 1
604 0
605 0
606 1
607 1
608 2
609 0
610 0
611 2
612 0
613 0
614 1
615 1
616 2
617 2
618 1
619 3
620 2
621 1
622 2
623 0
624 1
625 1
626 2
627 1
628 1
629 1
630 0
631 1
632 1
633 2
634 0
635 2
636 2
637 2
638 1
639 2
640 1
641 1
642 1
643 1
644 1
645 2
646 1
647 1
648 1
649 0
650 1
651 2
652 0
653 0
654 0
655 1
656 2
657 1
658 0
659 0
660 1
661 1
662 1
663 2
664 0
665 1
666 0
667 1
668 1
669 1
670 1
671 1
672 1
673 0
674 1
675 1
676 1
677 0
678 2
679 2
680 1
681 1
682 2
683 1
684 0
685 1
686 2
687 1
688 1
689 0
690 0
691 2
692 1
693 1
694 2
695 2
696 0
697 1
698 1
699 0
700 2
701 2
702 1
703 2
704 0
705 2
706 2
707 1
708 2
709 1
710 1
711 1
712 2
713 0
714 1
715 1
716 2
717 1
718 1
719 0
720 2
721 2
722 0
723 0
724 1
725 1
726 2
727 1
728 2
729 1
730 3
731 2
732 2
733 1
734 2
735 1
736 0
737 2
738 2
739 0
740 0
741 2
742 1
743 1
744 1
745 2
746 1
747 0
748 1
749 2
750 2
751 0
752 2
753 1
754 1
755 1
756 1
757 0
758 1
759 2
760 1
761 2
762 2
763 1
764 1
765 2
766 0
767 2
768 1
769 1
770 0
771 0
772 2
773 1
774 2
775 2
776 0
777 1
778 0
779 1
780 1
781 1
782 2
783 2
784 0
785 1
786 1
787 1
788 2
789 2
790 1
791 1
792 2
793 1
794 2
795 1
796 3
797 2
798 1
799 1
800 0
801 1
802 1
803 1
804 1
805 1
806 1
807 2
808 1
809 2
810 1
811 1
812 2
813 2
814 0
815 1
816 1
817 2
818 2
819 1
820 1
821 1
822 1
823 1
824 1
825 0
826 2
827 2
828 2
829 1
830 2
831 1
832 1
833 1
834 1
835 1
836 1
837 1
838 1
839 0
840 1
841 1
842 2
843 2
844 2
845 1
846 1
847 1
848 1
849 1
850 1
851 2
852 1
853 1
854 2
855 1
856 2
857 1
858 1
859 1
860 1
861 1
862 2
863 1
864 0
865 0
866 2
867 1
868 1
869 2
870 0
871 0
872 1
873 1
874 2
875 2
876 2
877 1
878 1
879 1
880 0
881 2
882 2
883 1
884 2
885 0
886 0
887 1
888 3
889 1
890 2
891 2
892 2
893 1
894 0
895 1
896 2
897 1
898 0
899 1
900 1
901 1
902 1
903 2
904 0
905 1
906 0
907 1
908 2
909 1
910 2
911 0
912 1
913 1
914 1
915 2
916 0
917 1
918 1
919 1
920 0
921 0
922 1
923 1
924 1
925 1
926 1
927 0
928 1
929 1
930 3
931 1
932 1
933 2
934 0
935 1
936 1
937 2
938 2
939 1
940 2
941 1
942 2
943 2
944 1
945 3
946 2
947 0
948 0
949 1
950 1
951 1
952 1
953 0
954 1
955 2
956 2
957 2
958 2
959 2
960 2
961 2
962 2
963 0
964 0
965 1
966 2
967 1
968 2
969 2
970 1
971 2
972 1
973 1
974 1
975 2
976 2
977 3
978 1
979 2
980 2
981 1
982 1
983 1
984 2
985 2
986 1
987 1
988 2
989 1
990 1
991 1
992 1
993 0
994 1
995 0
996 2
997 2
998 2
999 0
1000 1
1001 1
1002 2
1003 1
1004 0
1005 1
1006 1
1007 0
1008 1
1009 1
1010 1
1011 1
1012 1
1013 2
1014 2
1015 1
1016 1
1017 2
1018 1
1019 1
1020 0
1021 2
1022 2
1023 1
1024 1
1025 1
1026 1
1027 1
1028 1
1029 2
1030 2
1031 2
1032 2
1033 1
1034 2
1035 2
1036 2
1037 1
1038 0
1039 2
1040 1
1041 2
1042 2
1043 3
1044 2
1045 2
1046 0
1047 1
1048 0
1049 0
1050 0
1051 2
1052 1
1053 3
1054 1
1055 1
1056 1
1057 1
1058 1
1059 2
1060 2
1061 2
1062 2
1063 1
1064 1
1065 2
1066 1
1067 1
1068 2
1069 1
1070 1
1071 2
1072 2
1073 1
1074 2
1075 1
1076 2
1077 1
1078 2
1079 2
1080 1
1081 2
1082 2
1083 1
1084 2
1085 1
1086 2
1087 3
1088 1
1089 2
1090 0
1091 2
1092 1
1093 1
1094 0
1095 1
1096 1
1097 1
1098 1
1099 1
1100 1
1101 0
1102 1
1103 2
1104 2
1105 1
1106 1
1107 0
1108 1
1109 1
1110 1
1111 1
1112 2
1113 1
1114 1
1115 2
1116 1
1117 2
1118 2
1119 3
1120 2
1121 2
1122 1
1123 1
1124 1
1125 1
1126 2
1127 3
1128 1
1129 1
1130 0
1131 1
1132 0
1133 2
1134 1
1135 1
1136 2
1137 0
1138 2
1139 1
1140 1
1141 2
1142 2
1143 2
1144 2
1145 2
1146 1
1147 2
1148 1
1149 2
1150 1
1151 1
1152 2
1153 1
1154 2
1155 0
1156 2
1157 1
1158 2
1159 2
1160 0
1161 1
1162 1
1163 0
1164 2
1165 2
1166 2
1167 2
1168 1
1169 0
1170 1
1171 0
1172 1
1173 1
1174 2
1175 0
1176 1
1177 1
1178 1
1179 1
1180 2
1181 2
1182 1
1183 2
1184 2
1185 2
1186 3
1187 2
1188 2
1189 1
1190 0
1191 1
1192 1
1193 2
1194 2
1195 2
1196 1
1197 1
1198 0
1199 1
1200 1
1201 2
1202 0
1203 1
1204 0
1205 1
1206 1
1207 1
1208 2
1209 1
1210 2
1211 1
1212 0
1213 1
1214 2
1215 0
1216 1
1217 2
1218 1
1219 1
1220 2
1221 0
1222 2
1223 1
1224 1
1225 2
1226 2
1227 2
1228 0
1229 1
1230 1
1231 1
1232 1
1233 1
1234 1
1235 1
1236 0
1237 0
1238 2
1239 2
1240 2
1241 1
1242 2
1243 2
1244 1
1245 2
1246 1
1247 1
1248 1
1249 2
1250 0
1251 2
1252 2
1253 1
1254 0
1255 0
1256 0
1257 0
1258 1
1259 0
1260 0
1261 1
1262 0
1263 1
1264 1
1265 1
1266 0
1267 0
1268 0
1269 1
1270 0
1271 0
1272 0
1273 0
1274 1
1275 1
1276 1
1277 1
1278 1
1279 1
1280 1
1281 0
1282 1
1283 0
1284 0
1285 0
1286 0
1287 0
1288 1
1289 1
1290 0
1291 0
1292 0
1293 0
1294 0
1295 1
1296 0
1297 1
1298 1
1299 2
1300 2
1301 2
1302 1
1303 1
1304 2
1305 0
1306 0
1307 1
1308 0
1309 1
1310 1
1311 0
1312 1
1313 0
1314 0
1315 1
1316 0
1317 0
1318 0
1319 1
1320 0
1321 1
1322 1
1323 0
1324 0
1325 1
1326 1
1327 0
1328 1
1329 0
1330 0
1331 1
1332 1
1333 1
1334 0
1335 0
1336 1
1337 1
1338 1
1339 0
1340 1
1341 0
1342 1
1343 0
1344 1
1345 1
1346 0
1347 0
1348 1
1349 0
1350 0
1351 0
1352 1
1353 1
1354 0
1355 1
1356 1
1357 0
1358 1
1359 1
1360 0
1361 0
1362 1
1363 0
1364 0
1365 0
1366 1
1367 0
1368 1
1369 1
1370 0
1371 0
1372 1
1373 0
1374 0
1375 1
1376 1
1377 0
1378 1
1379 1
1380 1
1381 0
1382 0
1383 0
1384 0
1385 0
1386 0
1387 0
1388 0
1389 1
1390 0
1391 1
1392 0
1393 0
1394 0
1395 0
1396 0
1397 1
1398 0
1399 0
1400 0
1401 0
1402 0
1403 0
1404 0
1405 0
1406 0
1407 0
1408 0
1409 0
1410 0
1411 0
1412 1
1413 0
1414 0
1415 0
1416 0
1417 0
1418 0
1419 0
1420 0
1421 0
1422 0
1423 0
1424 0
1425 0
1426 0
1427 0
1428 1
1429 0
1430 0
1431 0
1432 0
1433 0
1434 0
1435 0
1436 0
1437 0
1438 0
1439 0
1440 0
1441 1
1442 0
1443 0
1444 1
1445 0
1446 0
1447 1
1448 0
1449 1
1450 0
1451 0
1452 0
1453 0
1454 0
1455 0
1456 0
1457 0
1458 0
1459 1
1460 1
1461 0
1462 1
1463 1
1464 1
1465 1
1466 1
1467 0
1468 0
1469 0
1470 0
1471 0
1472 0
1473 0
1474 0
1475 0
1476 0
1477 0
1478 1
1479 0
1480 0
1481 0
1482 0
1483 1
1484 1
1485 1
1486 0
1487 1
1488 0
1489 0
1490 1
1491 1
1492 0
1493 0
1494 0
1495 0
1496 1
1497 1
1498 0
1499 1
1500 1
1501 0
1502 0
1503 0
1504 1
1505 0
1506 0
1507 0
1508 0
1509 0
1510 0
1511 0
1512 0
1513 0
1514 0
1515 0
1516 0
1517 1
1518 1
1519 0
1520 0
1521 0
1522 1
1523 0
1524 1
1525 0
1526 0
1527 0
1528 0
1529 1
1530 1
1531 1
1532 0
1533 0
1534 0
1535 0
1536 0
1537 0
1538 0
1539 0
1540 0
1541 0
1542 1
1543 0
1544 0
1545 0
1546 0
1547 0
1548 0
1549 0
1550 0
1551 0
1552 0
1553 0
1554 1
1555 0
1556 1
1557 1
1558 0
1559 0
1560 0
1561 1
1562 0
1563 0
1564 0
1565 0
1566 0
1567 0
1568 0
1569 0
1570 0
1571 0
1572 0
1573 0
1574 0
1575 0
1576 1
1577 0
1578 0
1579 0
1580 0
1581 0
1582 0
1583 1
1584 0
1585 0
1586 0
1587 0
1588 0
1589 0
1590 0
1591 1
1592 0
1593 1
1594 0
1595 0
1596 1
1597 0
1598 0
1599 0
1600 0
1601 0
1602 0
1603 0
1604 1
1605 0
1606 0
1607 1
1608 0
1609 0
1610 1
1611 0
1612 1
1613 0
1614 0
1615 0
1616 0
1617 0
1618 0
1619 0
1620 0
1621 0
1622 0
1623 0
1624 0
1625 0
1626 0
1627 0
1628 0
1629 0
1630 0
1631 0
1632 0
1633 0
1634 0
1635 0
1636 0
1637 0
1638 0
1639 0
1640 0
1641 0
1642 0
1643 0
1644 1
1645 0
1646 0
1647 1
1648 0
1649 0
1650 0
1651 0
1652 1
1653 0
1654 1
1655 0
1656 0
1657 0
1658 0
1659 1
1660 0
1661 1
1662 1
1663 2
1664 0
1665 1
1666 1
1667 1
1668 1
1669 0
1670 0
1671 0
1672 0
1673 1
1674 0
1675 0
1676 1
1677 1
1678 0
1679 1
1680 1
1681 1
1682 1
1683 1
1684 1
1685 1
1686 1
1687 0
1688 1
1689 0
1690 1
1691 0
1692 1
1693 1
1694 0
1695 1
1696 1
1697 0
1698 1
1699 1
1700 1
1701 0
1702 0
1703 1
1704 1
1705 1
1706 1
1707 0
1708 1
1709 1
1710 1
1711 1
1712 1
1713 1
1714 1
1715 0
1716 1
1717 1
1718 1
1719 1
1720 0
1721 1
1722 0
1723 1
1724 1
1725 1
1726 0
1727 1
1728 1
1729 0
1730 1
1731 1
1732 1
1733 1
1734 1
1735 1
1736 1
1737 1
1738 1
1739 1
1740 2
1741 0
1742 1
1743 1
1744 1
1745 0
1746 1
1747 0
1748 1
1749 1
1750 0
1751 1
1752 0
1753 0
1754 1
1755 1
1756 1
1757 1
1758 1
1759 2
1760 1
1761 1
1762 1
1763 1
1764 1
1765 1
1766 1
1767 1
1768 1
1769 0
1770 1
1771 1
1772 1
1773 1
1774 1
1775 0
1776 0
1777 0
1778 0
1779 0
1780 0
1781 0
1782 0
1783 0
1784 0
1785 0
1786 0
1787 0
1788 0
1789 0
1790 0
1791 0
1792 0
1793 0
1794 0
1795 0
1796 0
1797 0
1798 0
1799 0
1800 0
1801 0
1802 0
1803 0
1804 1
1805 1
1806 0
1807 0
1808 0
1809 1
1810 1
1811 0
1812 0
1813 0
1814 0
1815 1
1816 0
1817 0
1818 0
1819 0
1820 0
1821 0
1822 0
1823 0
1824 0
1825 0
1826 0
1827 0
1828 0
1829 1
1830 1
1831 1
1832 1
1833 1
1834 1
1835 1
1836 0
1837 0
1838 0
1839 0
1840 0
1841 0
1842 0
1843 0
1844 0
1845 1
1846 1
1847 0
1848 0
1849 1
1850 1
1851 0
1852 0
1853 0
1854 0
1855 0
1856 2
1857 0
1858 0
1859 1
1860 1
1861 1
1862 1
1863 1
1864 0
1865 1
1866 0
1867 0
1868 1
1869 0
1870 1
1871 1
1872 0
1873 0
1874 0
1875 1
1876 0
1877 0
1878 1
1879 1
1880 1
1881 0
1882 0
1883 0
1884 0
1885 1
1886 1
1887 0
1888 0
1889 0
1890 0
1891 0
1892 1
1893 1
1894 0
1895 1
1896 1
1897 1
1898 0
1899 1
1900 1
1901 1
1902 1
1903 1
1904 0
1905 0
1906 1
1907 1
1908 0
1909 1
1910 0
1911 0
1912 1
1913 0
1914 2
1915 0
1916 1
1917 0
1918 1
1919 0
1920 0
1921 1
1922 0
1923 1
1924 0
1925 1
1926 1
1927 1
1928 0
1929 0
1930 1
1931 1
1932 1
1933 0
1934 1
1935 0
1936 0
1937 1
1938 0
1939 1
1940 0
1941 0
1942 0
1943 1
1944 1
1945 0
1946 1
1947 0
1948 1
1949 1
1950 1
1951 0
1952 0
1953 1
1954 1
1955 0
1956 0
1957 0
1958 0
1959 1
1960 1
1961 0
1962 1
1963 1
1964 0
1965 1
1966 0
1967 1
1968 1
1969 0
1970 1
1971 0
1972 1
1973 1
1974 1
1975 0
1976 2
1977 1
1978 1
1979 0
1980 0
1981 1
1982 1
1983 0
1984 0
1985 1
1986 0
1987 0
1988 1
1989 1
1990 1
1991 0
1992 0
1993 0
1994 0
1995 0
1996 0
1997 0
1998 0
1999 0
2000 1
2001 1
2002 1
2003 1
2004 0
2005 0
2006 0
2007 0
2008 0
2009 0
2010 1
2011 1
2012 1
2013 0
2014 1
2015 1
2016 1
2017 1
2018 1
2019 0
2020 1
2021 1
2022 1
2023 2
2024 1
2025 1
2026 1
2027 0
2028 0
2029 1
2030 0
2031 0
2032 1
2033 1
2034 0
2035 0
2036 1
2037 0
2038 1
2039 0
2040 0
2041 0
2042 1
2043 0
2044 1
2045 0
2046 0
2047 0
2048 1
2049 1
2050 0
2051 1
2052 0
2053 1
2054 0
2055 0
2056 1
2057 1
2058 1
2059 1
2060 0
2061 1
2062 1
2063 0
2064 1
2065 0
2066 1
2067 0
2068 2
2069 1
2070 1
2071 1
2072 0
2073 0
2074 0
2075 1
2076 0
2077 1
2078 0
2079 0
2080 1
2081 0
2082 0
2083 0
2084 0
2085 1
2086 1
2087 0
2088 0
2089 2
2090 1
2091 0
2092 1
2093 1
2094 1
2095 1
2096 0
2097 0
2098 0
2099 0
2100 0
2101 0
2102 1
2103 1
2104 1
2105 1
2106 1
2107 1
2108 1
2109 0
2110 1
2111 1
2112 1
2113 0
2114 0
2115 1
2116 1
2117 0
2118 1
2119 1
2120 1
2121 1
2122 1
2123 1
2124 0
2125 0
2126 1
2127 0
2128 0
2129 0
2130 1
2131 1
2132 1
2133 0
2134 0
2135 1
2136 1
2137 1
2138 0
2139 0
2140 1
2141 0
2142 0
2143 0
2144 1
2145 0
2146 1
2147 2
2148 1
2149 1
2150 1
2151 1
2152 1
2153 1
2154 1
2155 1
2156 1
2157 1
2158 1
2159 1
2160 1
2161 1
2162 1
2163 1
2164 0
2165 0
2166 0
2167 1
2168 1
2169 1
2170 0
2171 0
2172 1
2173 1
2174 0
2175 1
2176 1
2177 1
2178 1
2179 0
2180 1
2181 1
2182 1
2183 1
2184 1
2185 1
2186 0
2187 0
2188 0
2189 1
2190 1
2191 0
2192 0
2193 0
2194 0
2195 0
2196 0
2197 0
2198 1
2199 0
2200 1
2201 1
2202 1
2203 2
2204 0
2205 0
2206 0
2207 1
2208 0
2209 0
2210 0
2211 1
2212 0
2213 0
2214 1
2215 0
2216 0
2217 0
2218 0
2219 1
2220 0
2221 1
2222 0
2223 0
2224 0
2225 1
2226 0
2227 1
2228 1
2229 0
2230 1
2231 1
2232 1
2233 1
2234 1
2235 1
2236 1
2237 0
2238 1
2239 0
2240 0
2241 0
2242 0
2243 0
2244 0
2245 0
2246 0
2247 0
2248 0
2249 0
2250 0
2251 0
2252 0
2253 0
2254 0
2255 0
2256 0
2257 0
2258 0
2259 0
2260 0
2261 0
2262 0
2263 0
2264 1
2265 1
2266 0
2267 0
2268 0
2269 0
2270 1
2271 0
2272 0
2273 0
2274 1
2275 0
2276 0
2277 0
2278 1
2279 0
2280 1
2281 1
2282 0
2283 1
2284 1
2285 1
2286 1
2287 0
2288 1
2289 1
2290 0
2291 0
2292 1
2293 1
2294 1
2295 1
2296 1
2297 1
2298 0
2299 0
2300 0
2301 0
2302 1
2303 1
2304 0
2305 1
2306 1
2307 1
2308 0
2309 0
2310 0
2311 0
2312 0
2313 0
2314 1
2315 1
2316 1
2317 1
2318 0
2319 0
2320 1
2321 1
2322 0
2323 2
2324 1
2325 1
2326 1
2327 0
2328 0
2329 1
2330 0
2331 1
2332 1
2333 0
2334 1
2335 1
2336 1
2337 0
2338 1
2339 1
2340 1
2341 1
2342 0
2343 1
2344 1
2345 1
2346 0
2347 1
2348 1
2349 1
2350 1
2351 0
2352 1
2353 1
2354 1
2355 1
2356 0
2357 1
2358 1
2359 1
2360 1
2361 1
2362 1
2363 1
2364 1
2365 1
2366 0
2367 1
2368 0
2369 0
2370 1
2371 1
2372 1
2373 1
2374 0
2375 1
2376 0
2377 0
2378 0
2379 0
2380 1
2381 1
2382 1
2383 1
2384 1
2385 0
2386 1
2387 1
2388 1
2389 1
2390 1
2391 1
2392 1
2393 1
2394 1
2395 1
2396 1
2397 1
2398 1
2399 1
2400 1
2401 1
2402 0
2403 1
2404 0
2405 1
2406 1
2407 1
2408 1
2409 0
2410 1
2411 2
2412 1
2413 1
2414 2
2415 0
2416 1
2417 1
2418 1
2419 1
2420 1
2421 1
2422 1
2423 1
2424 1
2425 0
2426 1
2427 1
2428 0
2429 0
2430 1
2431 1
2432 1
2433 0
2434 1
2435 1
2436 0
2437 0
2438 1
2439 1
2440 1
2441 0
2442 0
2443 1
2444 0
2445 1
2446 0
2447 0
2448 1
2449 0
2450 1
2451 1
2452 1
2453 1
2454 0
2455 1
2456 1
2457 1
2458 1
2459 1
2460 1
2461 1
2462 0
2463 1
2464 1
2465 1
2466 1
2467 0
2468 1
2469 0
2470 1
2471 1
2472 1
2473 0
2474 0
2475 0
2476 0
2477 0
2478 1
2479 0
2480 1
2481 0
2482 1
2483 1
2484 1
2485 1
2486 0
2487 2
2488 1
2489 1
2490 0
2491 0
2492 0
2493 1
2494 1
2495 0
2496 1
2497 0
2498 1
2499 1
2500 1
2501 2
2502 1
2503 0
2504 0
2505 1
2506 0
2507 1
2508 0
2509 0
2510 0
2511 0
2512 0
2513 0
2514 0
2515 0
2516 1
2517 1
2518 1
2519 0
2520 1
2521 1
2522 1
2523 0
2524 0
2525 0
2526 1
2527 1
2528 0
2529 1
2530 0
2531 1
2532 0
2533 1
2534 1
2535 1
2536 1
2537 1
2538 0
2539 0
2540 1
2541 1
2542 1
2543 1
2544 0
2545 0
2546 1
2547 1
2548 1
2549 1
2550 0
2551 1
2552 1
2553 1
2554 1
2555 1
2556 1
2557 1
2558 1
2559 0
2560 1
2561 0
2562 1
2563 1
2564 1
2565 0
2566 1
2567 1
2568 0
2569 1
2570 0
2571 1
2572 0
2573 0
2574 0
2575 0
2576 0
2577 0
2578 0
2579 0
2580 0
2581 0
2582 0
2583 0
2584 0
2585 0
2586 0
2587 0
2588 1
2589 1
2590 1
2591 0
2592 1
2593 0
2594 1
2595 1
2596 0
2597 0
2598 1
2599 1
2600 0
2601 1
2602 1
2603 1
2604 1
2605 1
2606 1
2607 1
2608 1
2609 0
2610 0
2611 1
2612 1
2613 0
2614 0
2615 0
2616 0
2617 0
2618 1
2619 0
2620 0
2621 1
2622 1
2623 1
2624 1
2625 1
2626 1
2627 1
2628 0
2629 1
2630 0
2631 1
2632 0
2633 1
2634 0
2635 0
2636 0
2637 0
2638 0
2639 1
2640 0
2641 0
2642 0
2643 1
2644 1
2645 1
2646 0
2647 0
2648 0
2649 1
2650 1
2651 0
2652 0
2653 0
2654 1
2655 0
2656 0
2657 0
2658 1
2659 0
2660 0
2661 0
2662 1
2663 0
2664 0
2665 0
2666 0
2667 1
2668 0
2669 0
2670 1
2671 1
2672 0
2673 1
2674 0
2675 0
2676 0
2677 1
2678 1
2679 1
2680 1
2681 1
2682 0
2683 1
2684 1
2685 0
2686 0
2687 0
2688 0
2689 0
2690 1
2691 0
2692 0
2693 1
2694 0
2695 0
2696 1
2697 0
2698 0
2699 1
2700 0
2701 0
2702 0
2703 0
2704 1
2705 1
2706 0
2707 1
2708 1
2709 0
2710 1
2711 1
2712 1
2713 1
2714 1
2715 1
2716 1
2717 1
2718 1
2719 0
2720 1
2721 1
2722 1
2723 0
2724 1
2725 1
2726 1
2727 2
2728 0
2729 1
2730 1
2731 1
2732 0
2733 1
2734 1
2735 0
2736 0
2737 0
2738 0
2739 1
2740 0
2741 1
2742 0
2743 1
2744 0
2745 0
2746 1
2747 0
2748 1
2749 0
2750 1
2751 0
2752 1
2753 0
2754 1
2755 1
2756 0
2757 1
2758 0
2759 0
2760 1
2761 1
2762 1
2763 1
2764 0
2765 0
2766 0
2767 1
2768 1
2769 1
2770 1
2771 0
2772 1
2773 0
2774 0
2775 0
2776 1
2777 0
2778 0
2779 1
2780 0
2781 0
2782 1
2783 1
2784 2
2785 1
2786 1
2787 1
2788 2
2789 0
2790 0
2791 0
2792 0
2793 0
2794 1
2795 1
2796 0
2797 1
2798 1
2799 0
2800 1
2801 0
2802 0
2803 1
2804 1
2805 1
2806 2
2807 1
2808 1
2809 1
2810 1
2811 1
2812 2
2813 1
2814 0
2815 0
2816 1
2817 0
2818 0
2819 0
2820 1
2821 0
2822 1
2823 0
2824 1
2825 1
2826 2
2827 1
2828 1
2829 2
2830 1
2831 1
2832 0
2833 0
2834 2
2835 1
2836 0
2837 1
2838 1
2839 0
2840 1
2841 0
2842 0
2843 1
2844 0
2845 0
2846 1
2847 1
2848 0
2849 0
2850 1
2851 1
2852 1
2853 1
2854 1
2855 0
2856 1
2857 1
2858 2
2859 0
2860 0
2861 0
2862 1
2863 0
2864 0
2865 0
2866 1
2867 0
2868 0
2869 1
2870 0
2871 0
2872 1
2873 1
2874 1
2875 1
2876 1
2877 1
2878 2
2879 0
2880 0
2881 0
2882 1
2883 1
2884 1
2885 1
2886 1
2887 0
2888 0
2889 0
2890 1
2891 0
2892 1
2893 2
2894 0
2895 0
2896 2
2897 0
2898 1
2899 1
2900 0
2901 1
2902 0
2903 1
2904 1
2905 1
2906 0
2907 0
2908 0
2909 0
2910 0
2911 0
2912 0
2913 0
2914 1
2915 0
2916 1
2917 1
2918 1
2919 1
2920 1
2921 0
2922 0
2923 0
2924 1
2925 0
2926 0
2927 1
2928 1
2929 1
2930 1
2931 0
2932 0
2933 0
2934 1
2935 1
2936 1
2937 0
2938 0
2939 2
2940 0
2941 2
2942 0
2943 1
2944 1
2945 1
2946 1
2947 1
2948 0
2949 0
2950 0
2951 1
2952 1
2953 0
2954 0
2955 0
2956 0
2957 0
2958 0
2959 1
2960 0
2961 1
2962 1
2963 1
2964 0
2965 0
2966 0
2967 1
2968 0
2969 0
2970 1
2971 1
2972 1
2973 1
2974 1
2975 0
2976 1
2977 1
2978 1
2979 0
2980 0
2981 1
2982 1
2983 0
2984 1
2985 0
2986 0
2987 0
2988 1
2989 1
2990 0
2991 0
2992 0
2993 0
2994 1
2995 0
2996 1
2997 0
2998 1
2999 1
3000 0
3001 1
3002 0
3003 1
3004 2
3005 2
3006 0
3007 1
3008 1
3009 1
3010 0
3011 0
3012 1
3013 0
3014 1
3015 0
3016 1
3017 0
3018 2
3019 1
3020 1
3021 1
3022 0
3023 0
3024 1
3025 0
3026 1
3027 1
3028 1
3029 1
3030 0
3031 0
3032 1
3033 1
3034 0
3035 1
3036 0
3037 0
3038 1
3039 1
3040 0
3041 1
3042 1
3043 0
3044 1
3045 0
3046 1
3047 1
3048 1
3049 1
3050 1
3051 0
3052 0
3053 1
3054 1
3055 0
3056 1
3057 1
3058 1
3059 2
3060 1
3061 0
3062 0
3063 0
3064 0
3065 1
3066 0
3067 1
3068 0
3069 0
3070 0
3071 0
3072 0
3073 0
3074 1
3075 0
3076 0
3077 1
3078 0
3079 1
3080 1
3081 1
3082 0
3083 0
3084 1
3085 0
3086 0
3087 0
3088 0
3089 0
3090 0
3091 0
3092 0
3093 0
3094 0
3095 0
3096 0
3097 0
3098 0
3099 0
3100 0
3101 0
3102 0
3103 1
3104 0
3105 0
3106 0
3107 0
3108 1
3109 1
3110 0
3111 1
3112 1
3113 1
3114 1
3115 0
3116 1
3117 0
3118 0
3119 0
3120 0
3121 1
3122 0
3123 0
3124 0
3125 0
3126 1
3127 1
3128 1
3129 1
3130 0
3131 0
3132 1
3133 0
3134 1
3135 0
3136 1
3137 1
3138 0
3139 0
3140 2
3141 1
3142 2
3143 0
3144 0
3145 1
3146 1
3147 0
3148 0
3149 1
3150 0
3151 0
3152 0
3153 0
3154 1
3155 1
3156 0
3157 1
3158 0
3159 1
3160 1
3161 1
3162 1
3163 1
3164 0
3165 0
3166 0
3167 0
3168 0
3169 1
3170 0
3171 0
3172 0
3173 0
3174 1
3175 0
3176 1
3177 0
3178 1
3179 0
3180 0
3181 0
3182 0
3183 1
3184 1
3185 0
3186 1
3187 1
3188 0
3189 1
3190 1
3191 1
3192 1
3193 1
3194 1
3195 1
3196 1
3197 1
3198 0
3199 0
3200 1
3201 1
3202 1
3203 1
3204 1
3205 1
3206 2
3207 1
3208 1
3209 1
3210 1
3211 0
3212 0
3213 0
3214 1
3215 1
3216 1
3217 1
3218 1
3219 0
3220 1
3221 1
3222 0
3223 1
3224 0
3225 0
3226 1
3227 0
3228 1
3229 0
3230 1
3231 1
3232 1
3233 0
3234 1
3235 1
3236 1
3237 1
3238 1
3239 0
3240 1
3241 2
3242 0
3243 1
3244 1
3245 1
3246 1
3247 1
3248 1
3249 1
3250 1
3251 0
3252 1
3253 1
3254 1
3255 2
3256 1
3257 1
3258 1
3259 1
3260 1
3261 1
3262 0
3263 0
3264 1
3265 0
3266 1
3267 1
3268 0
3269 1
3270 1
3271 0
3272 1
3273 1
3274 1
3275 1
3276 0
3277 1
3278 1
3279 0
3280 1
3281 1
3282 1
3283 0
3284 0
3285 1
3286 0
3287 0
3288 1
3289 1
3290 1
3291 1
3292 1
3293 1
3294 2
3295 0
3296 1
3297 0
3298 1
3299 1
3300 2
3301 1
3302 1
3303 1
3304 1
3305 2
3306 0
3307 0
3308 0
3309 0
3310 0
3311 0
3312 0
3313 0
3314 0
3315 0
3316 0
3317 0
3318 0
3319 0
3320 0
3321 0
3322 0
3323 0
3324 0
3325 1
3326 0
3327 0
3328 0
3329 1
3330 0
3331 0
3332 0
3333 0
3334 0
3335 0
3336 0
3337 0
3338 1
3339 1
3340 1
3341 1
3342 0
3343 1
3344 1
3345 1
3346 1
3347 1
3348 1
3349 0
3350 1
3351 0
3352 1
3353 0
3354 1
3355 1
3356 1
3357 0
3358 1
3359 1
3360 0
3361 1
3362 0
3363 1
3364 1
3365 0
3366 0
3367 0
3368 1
3369 1
3370 1
3371 1
3372 0
3373 0
3374 0
3375 0
3376 0
3377 2
3378 0
3379 1
3380 1
3381 0
3382 0
3383 1
3384 1
3385 2
3386 2
3387 1
3388 2
3389 2
3390 2
3391 1
3392 1
3393 2
3394 0
3395 2
3396 1
3397 1
3398 1
3399 1
3400 0
3401 1
3402 1
3403 1
3404 1
3405 2
3406 1
3407 1
3408 1
3409 2
3410 2
3411 2
3412 2
3413 1
3414 1
3415 2
3416 2
3417 1
3418 1
3419 1
3420 2
3421 1
3422 1
3423 1
3424 1
3425 1
3426 1
3427 1
3428 2
3429 0
3430 1
3431 1
3432 2
3433 0
3434 1
3435 2
3436 2
3437 1
3438 1
3439 0
3440 1
3441 3
3442 1
3443 1
3444 0
3445 1
3446 2
3447 1
3448 1
3449 2
3450 2
3451 1
3452 0
3453 0
3454 0
3455 0
3456 0
3457 1
3458 3
3459 1
3460 2
3461 1
3462 2
3463 1
3464 1
3465 0
3466 1
3467 1
3468 1
3469 0
3470 1
3471 0
3472 0
3473 1
3474 1
3475 0
3476 1
3477 0
3478 0
3479 0
3480 0
3481 0
3482 1
3483 1
3484 1
3485 1
3486 1
3487 2
3488 1
3489 1
3490 1
3491 1
3492 0
3493 0
3494 0
3495 0
3496 0
3497 1
3498 0
3499 0
3500 1
3501 1
3502 0
3503 1
3504 1
3505 1
3506 1
3507 0
3508 1
3509 1
3510 0
3511 0
3512 0
3513 0
3514 1
3515 1
3516 1
3517 0
3518 0
3519 1
3520 0
3521 1
3522 1
3523 0
3524 1
3525 1
3526 1
3527 0
3528 0
3529 0
3530 0
3531 1
3532 0
3533 0
3534 0
3535 1
3536 0
3537 0
3538 0
3539 0
3540 0
3541 0
3542 0
3543 0
3544 0
3545 0
3546 0
3547 0
3548 0
3549 0
3550 0
3551 0
3552 0
3553 0
3554 0
3555 1
3556 1
3557 1
3558 0
3559 0
3560 1
3561 0
3562 1
3563 1
3564 0
3565 0
3566 0
3567 0
3568 1
3569 1
3570 0
3571 0
3572 0
3573 0
3574 0
3575 0
3576 0
3577 1
3578 0
3579 1
3580 1
3581 1
3582 1
3583 1
3584 1
3585 0
3586 1
3587 0
3588 0
3589 1
3590 1
3591 0
3592 0
3593 1
3594 0
3595 0
3596 1
3597 0
3598 1
3599 1
3600 0
3601 0
3602 0
3603 0
3604 1
3605 0
3606 0
3607 1
3608 1
3609 0
3610 0
3611 1
3612 0
3613 0
3614 0
3615 1
3616 1
3617 0
3618 1
3619 0
3620 0
3621 0
3622 0
3623 1
3624 0
3625 0
3626 1
3627 0
3628 1
3629 0
3630 1
3631 0
3632 1
3633 0
3634 1
3635 1
3636 0
3637 0
3638 1
3639 1
3640 1
3641 1
3642 0
3643 0
3644 0
3645 0
3646 0
3647 0
3648 0
3649 0
3650 1
3651 0
3652 0
3653 1
3654 1
3655 1
3656 1
3657 2
3658 2
3659 2
3660 2
3661 1
3662 0
3663 0
3664 0
3665 0
3666 0
3667 0
3668 0
3669 0
3670 0
3671 0
3672 1
3673 0
3674 0
3675 0
3676 0
3677 0
3678 0
3679 0
3680 0
3681 1
3682 0
3683 0
3684 0
3685 0
3686 1
3687 0
3688 0
3689 0
3690 0
3691 0
3692 0
3693 0
3694 0
3695 0
3696 0
3697 1
3698 0
3699 0
3700 0
3701 1
3702 1
3703 0
3704 0
3705 0
3706 0
3707 1
3708 0
3709 0
3710 0
3711 0
3712 1
3713 0
3714 0
3715 1
3716 1
3717 1
3718 0
3719 0
3720 0
3721 0
3722 1
3723 1
3724 0
3725 0
3726 1
3727 0
3728 1
3729 1
3730 1
3731 0
3732 1
3733 1
3734 0
3735 0
3736 0
3737 1
3738 1
3739 1
3740 1
3741 1
3742 1
3743 1
3744 1
3745 1
3746 1
3747 0
3748 1
3749 1
3750 0
3751 0
3752 1
3753 0
3754 0
3755 0
3756 0
3757 1
3758 0
3759 0
3760 1
3761 0
3762 1
3763 0
3764 0
3765 1
3766 1
3767 0
3768 1
3769 0
3770 0
3771 1
3772 1
3773 0
3774 0
3775 0
3776 0
3777 1
3778 1
3779 1
3780 1
3781 0
3782 0
3783 1
3784 1
3785 2
3786 1
3787 1
3788 1
3789 1
3790 0
3791 1
3792 1
3793 2
3794 2
3795 3
3796 2
3797 2
3798 0
3799 2
3800 1
3801 0
3802 1
3803 2
3804 0
3805 2
3806 2
3807 0
3808 2
3809 2
3810 1
3811 3
3812 2
3813 0
3814 1
3815 2
3816 1
3817 2
3818 2
3819 1
3820 0
3821 2
3822 2
3823 1
3824 3
3825 1
3826 3
3827 1
3828 2
3829 2
3830 1
3831 2
3832 2
3833 2
3834 1
3835 0
3836 2
3837 0
3838 2
3839 1
3840 1
3841 1
3842 2
3843 1
3844 2
3845 1
3846 1
3847 1
3848 2
3849 0
3850 1
3851 1
3852 1
3853 2
3854 3
3855 1
3856 1
3857 1
3858 1
3859 2
3860 2
3861 3
3862 1
3863 1
3864 3
3865 1
3866 1
3867 1
3868 1
3869 3
3870 2
3871 1
3872 2
3873 1
3874 1
3875 2
3876 2
3877 1
3878 2
3879 0
3880 1
3881 1
3882 2
3883 1
3884 2
3885 2
3886 2
3887 1
3888 1
3889 1
3890 2
3891 0
3892 1
3893 0
3894 1
3895 0
3896 1
3897 2
3898 0
3899 1
3900 1
3901 1
3902 1
3903 0
3904 2
3905 1
3906 2
3907 1
3908 0
3909 1
3910 0
3911 1
3912 1
3913 2
3914 1
3915 0
3916 0
3917 0
3918 1
3919 0
3920 1
3921 0
3922 1
3923 0
3924 1
3925 1
3926 1
3927 0
3928 0
3929 1
3930 1
3931 1
3932 1
3933 0
3934 1
3935 0
3936 0
3937 0
3938 0
3939 0
3940 1
3941 0
3942 0
3943 1
3944 0
3945 0
3946 0
3947 0
3948 0
3949 0
3950 0
3951 0
3952 0
3953 0
3954 0
3955 0
3956 0
3957 0
3958 0
3959 0
3960 0
3961 0
3962 0
3963 1
3964 1
3965 1
3966 0
3967 0
3968 0
3969 0
3970 1
3971 1
3972 0
3973 0
3974 0
3975 0
3976 0
3977 0
3978 0
3979 0
3980 0
3981 0
3982 0
3983 1
3984 1
3985 0
3986 0
3987 0
3988 0
3989 0
3990 0
3991 1
3992 0
3993 0
3994 0
3995 0
3996 0
3997 0
3998 0
3999 0
4000 0
4001 0
4002 0
4003 0
4004 0
4005 0
4006 0
4007 1
4008 0
4009 0
4010 0
4011 0
4012 0
4013 0
4014 1
4015 1
4016 1
4017 1
4018 1
4019 0
4020 0
4021 1
4022 1
4023 0
4024 0
4025 0
4026 0
4027 1
4028 1
4029 1
4030 0
4031 1
4032 1
4033 1
4034 1
4035 2
4036 1
4037 0
4038 0
4039 0
4040 1
4041 0
4042 1
4043 1
4044 1
4045 0
4046 1
4047 0
4048 1
4049 1
4050 0
4051 1
4052 1
4053 0
4054 0
4055 0
4056 1
4057 1
4058 0
4059 1
4060 1
4061 1
4062 1
4063 1
4064 1
4065 1
4066 0
4067 0
4068 0
4069 0
4070 1
4071 0
4072 0
4073 1
4074 1
4075 0
4076 1
4077 0
4078 0
4079 2
4080 0
4081 0
4082 1
4083 0
4084 0
4085 0
4086 0
4087 1
4088 0
4089 1
4090 1
4091 1
4092 0
4093 0
4094 0
4095 0
4096 0
4097 1
4098 0
4099 1
4100 1
4101 0
4102 1
4103 1
4104 1
4105 0
4106 0
4107 0
4108 1
4109 1
4110 0
4111 1
4112 1
4113 0
4114 0
4115 1
4116 1
4117 1
4118 1
4119 1
4120 0
4121 1
4122 0
4123 1
4124 1
4125 0
4126 0
4127 0
4128 1
4129 1
4130 1
4131 1
4132 2
4133 1
4134 1
4135 0
4136 0
4137 0
4138 1
4139 1
4140 0
4141 0
4142 0
4143 0
4144 0
4145 0
4146 0
4147 0
4148 0
4149 1
4150 1
4151 1
4152 1
4153 0
4154 0
4155 1
4156 1
4157 1
4158 0
4159 1
4160 0
4161 0
4162 1
4163 0
4164 0
4165 1
4166 1
4167 1
4168 1
4169 0
4170 1
4171 1
4172 0
4173 0
4174 1
4175 1
4176 0
4177 1
4178 0
4179 1
4180 0
4181 0
4182 1
4183 0
4184 0
4185 1
4186 0
4187 0
4188 0
4189 0
4190 0
4191 0
4192 0
4193 1
4194 0
4195 0
4196 0
4197 0
4198 0
4199 1
4200 1
4201 1
4202 0
4203 0
4204 0
4205 0
4206 0
4207 1
4208 0
4209 0
4210 0
4211 1
4212 0
4213 1
4214 1
4215 0
4216 0
4217 1
4218 0
4219 0
4220 0
4221 0
4222 0
4223 0
4224 0
4225 1
4226 0
4227 0
4228 0
4229 0
4230 0
4231 0
4232 1
4233 1
4234 1
4235 0
4236 0
4237 0
4238 0
4239 0
4240 0
4241 0
4242 0
4243 0
4244 0
4245 0
4246 0
4247 0
4248 0
4249 0
4250 0
4251 0
4252 1
4253 0
4254 0
4255 0
4256 0
4257 0
4258 1
4259 0
4260 1
4261 1
4262 0
4263 1
4264 0
4265 0
4266 0
4267 1
4268 0
4269 0
4270 1
4271 1
4272 0
4273 0
4274 1
4275 0
4276 0
4277 1
4278 0
4279 0
4280 0
4281 1
4282 1
4283 0
4284 1
4285 0
4286 0
4287 0
4288 0
4289 0
4290 0
4291 0
4292 0
4293 0
4294 0
4295 0
4296 1
4297 1
4298 1
4299 1
4300 0
4301 1
4302 1
4303 0
4304 0
4305 0
4306 1
4307 1
4308 1
4309 0
4310 1
4311 1
4312 0
4313 0
4314 0
4315 1
4316 0
4317 0
4318 1
4319 1
4320 1
4321 0
4322 1
4323 0
4324 0
4325 0
4326 0
4327 1
4328 0
4329 0
4330 1
4331 1
4332 0
4333 1
4334 0
4335 1
4336 1
4337 0
4338 1
4339 0
4340 1
4341 0
4342 0
4343 0
4344 0
4345 1
4346 1
4347 0
4348 0
4349 0
4350 0
4351 0
4352 1
4353 0
4354 0
4355 1
4356 0
4357 2
4358 0
4359 1
4360 1
4361 0
4362 1
4363 1
4364 1
4365 1
4366 0
4367 0
4368 1
4369 1
4370 0
4371 1
4372 1
4373 1
4374 1
4375 1
4376 0
4377 1
4378 1
4379 0
4380 0
4381 0
4382 1
4383 0
4384 0
4385 0
4386 0
4387 0
4388 1
4389 0
4390 0
4391 0
4392 0
4393 0
4394 0
4395 1
4396 1
4397 0
4398 0
4399 0
4400 0
4401 0
4402 1
4403 1
4404 0
4405 0
4406 1
4407 0
4408 0
4409 0
4410 1
4411 0
4412 0
4413 0
4414 1
4415 0
4416 1
4417 0
4418 1
4419 1
4420 0
4421 1
4422 0
4423 1
4424 0
4425 0
4426 1
4427 1
4428 0
4429 0
4430 0
4431 0
4432 0
4433 0
4434 0
4435 1
4436 1
4437 0
4438 0
4439 1
4440 0
4441 1
4442 0
4443 0
4444 0
4445 0
4446 0
4447 0
4448 0
4449 1
4450 0
4451 0
4452 0
4453 1
4454 1
4455 0
4456 0
4457 0
4458 0
4459 1
4460 0
4461 1
4462 0
4463 0
4464 1
4465 2
4466 1
4467 0
4468 1
4469 0
4470 0
4471 0
4472 1
4473 0
4474 1
4475 1
4476 1
4477 1
4478 0
4479 0
4480 0
4481 0
4482 0
4483 0
4484 0
4485 1
4486 0
4487 0
4488 1
4489 1
4490 0
4491 1
4492 1
4493 1
4494 1
4495 0
4496 0
4497 0
4498 0
4499 0
4500 0
4501 0
4502 0
4503 0
4504 1
4505 1
4506 1
4507 0
4508 1
4509 0
4510 1
4511 0
4512 1
4513 0
4514 0
4515 0
4516 0
4517 0
4518 1
4519 1
4520 1
4521 0
4522 0
4523 0
4524 0
4525 1
4526 0
4527 0
4528 1
4529 0
4530 0
4531 0
4532 0
4533 1
4534 2
4535 0
4536 1
4537 1
4538 1
4539 1
4540 1
4541 1
4542 2
4543 0
4544 0
4545 1
4546 1
4547 1
4548 1
4549 1
4550 0
4551 0
4552 0
4553 0
4554 0
4555 0
4556 0
4557 0
4558 0
4559 0
4560 0
4561 0
4562 0
4563 0
4564 0
4565 0
4566 1
4567 0
4568 0
4569 1
4570 1
4571 1
4572 1
4573 1
4574 0
4575 0
4576 0
4577 0
4578 0
4579 1
4580 1
4581 0
4582 1
4583 0
4584 1
4585 1
4586 0
4587 0
4588 1
4589 1
4590 0
4591 1
4592 0
4593 0
4594 0
4595 0
4596 0
4597 0
4598 0
4599 0
4600 0
4601 0
4602 0
4603 0
4604 1
4605 0
4606 1
4607 1
4608 0
4609 1
4610 0
4611 0
4612 1
4613 1
4614 1
4615 0
4616 0
4617 1
4618 0
4619 0
4620 0
4621 0
4622 0
4623 0
4624 1
4625 0
4626 1
4627 0
4628 1
4629 1
4630 0
4631 0
4632 0
4633 1
4634 1
4635 0
4636 0
4637 0
4638 1
4639 0
4640 0
4641 0
4642 1
4643 1
4644 0
4645 0
4646 1
4647 0
4648 0
4649 0
4650 1
4651 0
4652 1
4653 0
4654 0
4655 0
4656 0
4657 0
4658 0
4659 0
4660 0
4661 0
4662 0
4663 1
4664 1
4665 0
4666 0
4667 1
4668 0
4669 1
4670 1
4671 0
4672 0
4673 0
4674 0
4675 0
4676 0
4677 0
4678 0
4679 0
4680 0
4681 0
4682 0
4683 0
4684 0
4685 0
4686 0
4687 0
4688 0
4689 0
4690 0
4691 0
4692 0
4693 1
4694 0
4695 0
4696 1
4697 1
4698 0
4699 0
4700 0
4701 1
4702 0
4703 0
4704 0
4705 1
4706 0
4707 0
4708 1
4709 1
4710 0
4711 1
4712 1
4713 0
4714 0
4715 0
4716 0
4717 1
4718 1
4719 1
4720 0
4721 0
4722 0
4723 0
4724 1
4725 0
4726 1
4727 1
4728 0
4729 1
4730 0
4731 0
4732 0
4733 0
4734 0
4735 1
4736 1
4737 0
4738 0
4739 0
4740 0
4741 1
4742 0
4743 1
4744 0
4745 0
4746 0
4747 1
4748 1
4749 1
4750 1
4751 0
4752 0
4753 0
4754 0
4755 0
4756 1
4757 1
4758 0
4759 0
4760 0
4761 0
4762 0
4763 0
4764 0
4765 0
4766 1
4767 1
4768 1
4769 1
4770 1
4771 1
4772 0
4773 1
4774 1
4775 0
4776 1
4777 0
4778 1
4779 1
4780 1
4781 0
4782 0
4783 0
4784 1
4785 1
4786 0
4787 1
4788 1
4789 0
4790 0
4791 0
4792 0
4793 1
4794 1
4795 1
4796 1
4797 0
4798 1
4799 1
4800 0
4801 1
4802 0
4803 1
4804 1
4805 0
4806 1
4807 1
4808 0
4809 0
4810 1
4811 0
4812 0
4813 1
4814 0
4815 0
4816 0
4817 0
4818 0
4819 0
4820 0
4821 0
4822 0
4823 0
4824 0
4825 1
4826 1
4827 0
4828 0
4829 0
4830 1
4831 1
4832 1
4833 0
4834 0
4835 1
4836 0
4837 0
4838 0
4839 0
4840 0
4841 0
4842 0
4843 1
4844 0
4845 0
4846 0
4847 0
4848 0
4849 0
4850 0
4851 0
4852 0
4853 0
4854 1
4855 0
4856 0
4857 0
4858 1
4859 0
4860 0
4861 0
4862 0
4863 0
4864 0
4865 0
4866 0
4867 0
4868 1
4869 0
4870 0
4871 0
4872 0
4873 0
4874 0
4875 0
4876 0
4877 0
4878 0
4879 0
4880 0
4881 0
4882 0
4883 0
4884 0
4885 0
4886 0
4887 0
4888 0
4889 0
4890 0
4891 1
4892 0
4893 0
4894 0
4895 0
4896 0
4897 0
4898 0
4899 1
4900 0
4901 0
4902 0
4903 0
4904 0
4905 0
4906 0
4907 0
4908 0
4909 0
4910 0
4911 0
4912 0
4913 0
4914 0
4915 0
4916 0
4917 0
4918 0
4919 0
4920 0
4921 1
4922 0
4923 0
4924 0
4925 1
4926 0
4927 0
4928 0
4929 0
4930 1
4931 1
4932 1
4933 0
4934 0
4935 0
4936 0
4937 0
4938 0
4939 0
4940 0
4941 0
4942 1
4943 0
4944 0
4945 0
4946 0
4947 0
4948 0
4949 0
4950 0
4951 0
4952 0
4953 0
4954 1
4955 0
4956 1
4957 0
4958 0
4959 0
4960 0
4961 0
4962 0
4963 0
4964 0
4965 0
4966 0
4967 0
4968 1
4969 0
4970 0
4971 0
4972 1
4973 0
4974 0
4975 0
4976 0
4977 0
4978 2
4979 0
4980 0
4981 0
4982 0
4983 1
4984 1
4985 1
4986 0
4987 0
4988 1
4989 1
4990 1
4991 1
4992 0
4993 0
4994 0
4995 0
4996 1
4997 0
4998 0
4999 0
5000 0
5001 0
5002 1
5003 1
5004 0
5005 1
5006 1
5007 0
5008 1
5009 1
5010 0
5011 1
5012 0
5013 0
5014 1
5015 0
5016 0
5017 0
5018 0
5019 1
5020 0
5021 0
5022 1
5023 1
5024 1
5025 0
5026 0
5027 0
5028 0
5029 0
5030 0
5031 0
5032 0
5033 0
5034 0
5035 0
5036 0
5037 0
5038 0
5039 0
5040 0
5041 0
5042 0
5043 0
5044 0
5045 1
5046 0
5047 0
5048 0
5049 0
5050 0
5051 1
5052 1
5053 1
5054 1
5055 1
5056 1
5057 2
5058 0
5059 0
5060 1
5061 1
5062 1
5063 0
5064 1
5065 0
5066 1
5067 0
5068 0
5069 1
5070 1
5071 1
5072 0
5073 0
5074 0
5075 0
5076 1
5077 0
5078 1
5079 1
5080 1
5081 1
5082 0
5083 1
5084 2
5085 2
5086 1
5087 1
5088 1
5089 1
5090 1
5091 0
5092 2
5093 2
5094 2
5095 0
5096 1
5097 1
5098 1
5099 2
5100 1
5101 2
5102 2
5103 1
5104 1
5105 2
5106 1
5107 1
5108 2
5109 2
5110 1
5111 2
5112 1
5113 2
5114 1
5115 2
5116 1
5117 1
5118 1
5119 2
5120 1
5121 2
5122 2
5123 3
5124 1
5125 2
5126 2
5127 1
5128 1
5129 0
5130 0
5131 1
5132 1
5133 1
5134 1
5135 0
5136 2
5137 1
5138 2
5139 1
5140 2
5141 1
5142 1
5143 2
5144 2
5145 1
5146 1
5147 1
5148 1
5149 2
5150 2
5151 1
5152 3
5153 2
5154 1
5155 2
5156 2
5157 2
5158 0
5159 2
5160 1
5161 0
5162 2
5163 2
5164 2
5165 3
5166 2
5167 1
5168 1
5169 2
5170 1
5171 2
5172 1
5173 0
5174 0
5175 1
5176 1
5177 2
5178 2
5179 1
5180 0
5181 0
5182 0
5183 0
5184 2
5185 2
5186 2
5187 1
5188 2
5189 2
5190 3
5191 2
5192 1
5193 3
5194 0
5195 1
5196 1
5197 1
5198 2
5199 0
5200 0
5201 1
5202 2
5203 2
5204 2
5205 1
5206 1
5207 1
5208 1
5209 1
5210 1
5211 1
5212 1
5213 2
5214 0
5215 2
5216 1
5217 2
5218 2
5219 1
5220 2
5221 2
5222 1
5223 2
5224 1
5225 1
5226 2
5227 1
5228 1
5229 2
5230 2
5231 2
5232 1
5233 1
5234 0
5235 2
5236 0
5237 1
5238 2
5239 2
5240 1
5241 2
5242 1
5243 2
5244 2
5245 2
5246 2
5247 0
5248 2
5249 1
5250 1
5251 2
5252 1
5253 1
5254 2
5255 1
5256 1
5257 1
5258 2
5259 1
5260 0
5261 2
5262 1
5263 0
5264 2
5265 2
5266 3
5267 2
5268 2
5269 1
5270 1
5271 1
5272 3
5273 1
5274 2
5275 1
5276 2
5277 1
5278 1
5279 1
5280 0
5281 1
5282 0
5283 2
5284 1
5285 2
5286 0
5287 2
5288 1
5289 2
5290 2
5291 2
5292 1
5293 2
5294 3
5295 1
5296 1
5297 2
5298 1
5299 1
5300 2
5301 1
5302 1
5303 2
5304 2
5305 0
5306 1
5307 1
5308 1
5309 1
5310 2
5311 2
5312 1
5313 1
5314 1
5315 0
5316 0
5317 0
5318 0
5319 1
5320 2
5321 0
5322 0
5323 1
5324 1
5325 0
5326 0
5327 1
5328 0
5329 1
5330 1
5331 1
5332 1
5333 0
5334 0
5335 0
5336 1
5337 1
5338 1
5339 2
5340 0
5341 1
5342 1
5343 0
5344 1
5345 1
5346 0
5347 0
5348 0
5349 0
5350 0
5351 1
5352 1
5353 0
5354 1
5355 0
5356 1
5357 0
5358 0
5359 0
5360 0
5361 1
5362 1
5363 1
5364 1
5365 0
5366 1
5367 1
5368 0
5369 0
5370 1
5371 1
5372 0
5373 1
5374 2
5375 1
5376 1
5377 0
5378 0
5379 0
5380 1
5381 2
5382 2
5383 1
5384 1
5385 2
5386 2
5387 1
5388 2
5389 0
5390 2
5391 0
5392 2
5393 1
5394 1
5395 1
5396 1
5397 1
5398 1
5399 2
5400 1
5401 2
5402 1
5403 1
5404 1
5405 1
5406 2
5407 2
5408 1
5409 3
5410 1
5411 2
5412 0
5413 1
5414 0
5415 1
5416 2
5417 1
5418 1
5419 1
5420 0
5421 0
5422 0
5423 1
5424 1
5425 1
5426 2
5427 1
5428 0
5429 2
5430 0
5431 2
5432 1
5433 1
5434 1
5435 1
5436 1
5437 2
5438 0
5439 0
5440 0
5441 0
5442 2
5443 0
5444 1
5445 1
5446 0
5447 0
5448 0
5449 0
5450 1
5451 1
5452 1
5453 1
5454 2
5455 2
5456 1
5457 1
5458 2
5459 1
5460 2
5461 2
5462 2
5463 2
5464 1
5465 1
5466 1
5467 1
5468 1
5469 1
5470 2
5471 1
5472 1
5473 2
5474 1
5475 1
5476 2
5477 1
5478 2
5479 2
5480 1
5481 2
5482 1
5483 1
5484 1
5485 1
5486 1
5487 0
5488 2
5489 2
5490 2
5491 1
5492 1
5493 0
5494 1
5495 2
5496 2
5497 1
5498 0
5499 1
5500 2
5501 1
5502 0
5503 2
5504 1
5505 2
5506 3
5507 2
5508 2
5509 1
5510 0
5511 2
5512 2
5513 0
5514 1
5515 0
5516 1
5517 1
5518 2
5519 1
5520 0
5521 2
5522 1
5523 2
5524 1
5525 0
5526 2
5527 2
5528 1
5529 1
5530 1
5531 1
5532 1
5533 1
5534 3
5535 1
5536 1
5537 2
5538 1
5539 0
5540 2
5541 2
5542 2
5543 2
5544 1
5545 0
5546 1
5547 1
5548 1
5549 0
5550 1
5551 1
5552 1
5553 1
5554 1
5555 1
5556 1
5557 1
5558 1
5559 0
5560 1
5561 0
5562 0
5563 1
5564 0
5565 0
5566 0
5567 0
5568 0
5569 1
5570 0
5571 0
5572 1
5573 0
5574 0
5575 0
5576 0
5577 1
5578 0
5579 0
5580 1
5581 1
5582 0
5583 0
5584 0
5585 0
5586 0
5587 0
5588 0
5589 0
5590 0
5591 0
5592 0
5593 0
5594 0
5595 1
5596 0
5597 0
5598 0
5599 0
5600 0
5601 0
5602 0
5603 0
5604 0
5605 1
5606 0
5607 1
5608 1
5609 0
5610 0
5611 0
5612 0
5613 1
5614 0
5615 1
5616 0
5617 1
5618 0
5619 0
5620 0
5621 0
5622 1
5623 0
5624 0
5625 0
5626 0
5627 0
5628 0
5629 0
5630 0
5631 0
5632 0
5633 0
5634 0
5635 0
5636 0
5637 1
5638 1
5639 1
5640 1
5641 0
5642 1
5643 1
5644 0
5645 0
5646 0
5647 0
5648 1
5649 1
5650 1
5651 0
5652 1
5653 1
5654 0
5655 1
5656 0
5657 1
5658 2
5659 1
5660 0
5661 1
5662 1
5663 1
5664 1
5665 1
5666 2
5667 2
5668 1
5669 0
5670 1
5671 1
5672 1
5673 0
5674 0
5675 0
5676 0
5677 0
5678 0
5679 1
5680 0
5681 0
5682 0
5683 0
5684 0
5685 0
5686 1
5687 0
5688 0
5689 0
5690 0
5691 0
5692 0
5693 0
5694 0
5695 0
5696 1
5697 1
5698 0
5699 0
5700 1
5701 0
5702 0
5703 0
5704 0
5705 1
5706 0
5707 1
5708 1
5709 1
5710 0
5711 0
5712 0
5713 0
5714 0
5715 0
5716 0
5717 0
5718 0
5719 1
5720 0
5721 1
5722 1
5723 0
5724 1
5725 1
5726 0
5727 0
5728 0
5729 1
5730 0
5731 0
5732 0
5733 0
5734 0
5735 0
5736 0
5737 0
5738 0
5739 0
5740 0
5741 1
5742 1
5743 1
5744 0
5745 1
5746 1
5747 1
5748 0
5749 1
5750 1
5751 1
5752 1
5753 0
5754 1
5755 1
5756 1
5757 1
5758 1
5759 1
5760 1
5761 1
5762 0
5763 2
5764 1
5765 2
5766 1
5767 1
5768 0
5769 0
5770 0
5771 0
5772 0
5773 0
5774 0
5775 0
5776 0
5777 0
5778 0
5779 0
5780 0
5781 0
5782 0
5783 0
5784 0
5785 0
5786 0
5787 0
5788 0
5789 0
5790 0
5791 0
5792 0
5793 0
5794 0
5795 0
5796 0
5797 1
5798 0
5799 0
5800 2
5801 0
5802 0
5803 0
5804 0
5805 0
5806 0
5807 0
5808 0
5809 0
5810 0
5811 0
5812 0
5813 0
5814 0
5815 0
5816 0
5817 0
5818 0
5819 0
5820 1
5821 0
5822 1
5823 1
5824 0
5825 0
5826 0
5827 0
5828 0
5829 0
5830 0
5831 0
5832 0
5833 0
5834 1
5835 0
5836 0
5837 0
5838 0
5839 1
5840 0
5841 1
5842 0
5843 0
5844 1
5845 0
5846 1
5847 1
5848 1
5849 1
5850 1
5851 1
5852 1
5853 1
5854 1
5855 1
5856 1
5857 0
5858 1
5859 2
5860 0
5861 1
5862 0
5863 1
5864 0
5865 1
5866 0
5867 1
5868 0
5869 1
5870 0
5871 1
5872 1
5873 1
5874 1
5875 0
5876 0
5877 0
5878 0
5879 0
5880 1
5881 1
5882 1
5883 1
5884 0
5885 1
5886 1
5887 1
5888 1
5889 0
5890 1
5891 0
5892 0
5893 0
5894 1
5895 0
5896 2
5897 0
5898 1
5899 1
5900 2
5901 1
5902 1
5903 1
5904 0
5905 1
5906 0
5907 0
5908 0
5909 0
5910 1
5911 0
5912 1
5913 0
5914 0
5915 1
5916 1
5917 0
5918 0
5919 1
5920 1
5921 0
5922 1
5923 0
5924 1
5925 0
5926 1
5927 1
5928 1
5929 0
5930 1
5931 1
5932 0
5933 1
5934 0
5935 1
5936 1
5937 0
5938 1
5939 1
5940 0
5941 0
5942 1
5943 1
5944 0
5945 2
5946 0
5947 0
5948 0
5949 0
5950 0
5951 1
5952 1
5953 0
5954 1
5955 1
5956 1
5957 1
5958 1
5959 0
5960 0
5961 0
5962 0
5963 0
5964 0
5965 0
5966 0
5967 0
5968 0
5969 1
5970 0
5971 0
5972 0
5973 1
5974 0
5975 0
5976 1
5977 0
5978 1
5979 1
5980 0
5981 0
5982 1
5983 0
5984 1
5985 0
5986 0
5987 1
5988 0
5989 0
5990 0
5991 0
5992 0
5993 0
5994 0
5995 1
5996 0
5997 0
5998 1
5999 1
6000 1
6001 0
6002 0
6003 0
6004 0
6005 0
6006 1
6007 1
6008 0
6009 0
6010 0
6011 1
6012 1
6013 0
6014 0
6015 0
6016 0
6017 1
6018 0
6019 0
6020 0
6021 0
6022 0
6023 0
6024 0
6025 0
6026 0
6027 0
6028 0
6029 1
6030 0
6031 0
6032 0
6033 0
6034 0
6035 0
6036 0
6037 1
6038 0
6039 0
6040 0
6041 1
6042 0
6043 0
6044 0
6045 0
6046 0
6047 0
6048 0
6049 1
6050 0
6051 0
6052 0
6053 0
6054 0
6055 0
6056 0
6057 0
6058 0
6059 0
6060 0
6061 0
6062 0
6063 0
6064 0
6065 0
6066 0
6067 0
6068 0
6069 1
6070 0
6071 0
6072 0
6073 1
6074 0
6075 1
6076 0
6077 1
6078 0
6079 0
6080 0
6081 0
6082 1
6083 1
6084 0
6085 0
6086 0
6087 0
6088 0
6089 0
6090 0
6091 0
6092 0
6093 0
6094 0
6095 0
6096 0
6097 0
6098 0
6099 0
6100 0
6101 0
6102 0
6103 0
6104 0
6105 0
6106 0
6107 0
6108 0
6109 0
6110 0
6111 1
6112 0
6113 1
6114 0
6115 1
6116 0
6117 0
6118 0
6119 0
6120 0
6121 0
6122 0
6123 0
6124 1
6125 0
6126 1
6127 0
6128 1
6129 0
6130 0
6131 0
6132 1
6133 1
6134 0
6135 0
6136 0
6137 1
6138 0
6139 1
6140 0
6141 1
6142 0
6143 2
6144 1
6145 2
6146 1
6147 0
6148 0
6149 1
6150 0
6151 1
6152 1
6153 0
6154 0
6155 0
6156 2
6157 1
6158 1
6159 1
6160 0
6161 0
6162 0
6163 1
6164 0
6165 1
6166 0
6167 1
6168 1
6169 1
6170 0
6171 0
6172 1
6173 0
6174 0
6175 0
6176 1
6177 2
6178 0
6179 1
6180 1
6181 0
6182 1
6183 2
6184 1
6185 1
6186 1
6187 0
6188 1
6189 0
6190 1
6191 0
6192 1
6193 0
6194 0
6195 0
6196 0
6197 0
6198 0
6199 1
6200 0
6201 0
6202 0
6203 0
6204 0
6205 0
6206 0
6207 0
6208 1
6209 0
6210 0
6211 0
6212 1
6213 0
6214 0
6215 0
6216 0
6217 0
6218 0
6219 0
6220 0
6221 0
6222 0
6223 0
6224 1
6225 1
6226 0
6227 0
6228 1
6229 0
6230 0
6231 0
6232 0
6233 0
6234 1
6235 0
6236 0
6237 0
6238 0
6239 0
6240 0
6241 0
6242 0
6243 1
6244 0
6245 0
6246 0
6247 0
6248 0
6249 0
6250 0
6251 0
6252 1
6253 0
6254 0
6255 0
6256 0
6257 0
6258 0
6259 0
6260 0
6261 0
6262 1
6263 0
6264 1
6265 0
6266 1
6267 0
6268 0
6269 0
6270 0
6271 0
6272 0
6273 0
6274 1
6275 0
6276 0
6277 0
6278 0
6279 0
6280 0
6281 1
6282 0
6283 0
6284 0
6285 1
6286 1
6287 1
6288 0
6289 1
6290 0
6291 0
6292 1
6293 0
6294 0
6295 0
6296 0
6297 0
6298 0
6299 0
6300 0
6301 1
6302 1
6303 1
6304 1
6305 1
6306 1
6307 0
6308 0
6309 0
6310 1
6311 1
6312 0
6313 0
6314 0
6315 0
6316 0
6317 0
6318 1
6319 1
6320 0
6321 0
6322 0
6323 0
6324 0
6325 0
6326 1
6327 1
6328 0
6329 0
6330 0
6331 0
6332 0
6333 1
6334 1
6335 0
6336 1
6337 0
6338 0
6339 0
6340 0
6341 0
6342 0
6343 1
6344 0
6345 1
6346 1
6347 1
6348 0
6349 1
6350 1
6351 1
6352 0
6353 0
6354 1
6355 0
6356 0
6357 0
6358 0
6359 1
6360 0
6361 1
6362 0
6363 0
6364 0
6365 0
6366 0
6367 0
6368 0
6369 0
6370 0
6371 0
6372 0
6373 1
6374 0
6375 0
6376 0
6377 0
6378 0
6379 0
6380 0
6381 0
6382 1
6383 0
6384 1
6385 1
6386 0
6387 0
6388 1
6389 1
6390 0
6391 0
6392 1
6393 0
6394 0
6395 1
6396 1
6397 0
6398 0
6399 1
6400 0
6401 0
6402 1
6403 1
6404 1
6405 1
6406 0
6407 0
6408 1
6409 2
6410 1
6411 1
6412 1
6413 1
6414 1
6415 0
6416 0
6417 0
6418 0
6419 0
6420 0
6421 0
6422 1
6423 2
6424 1
6425 1
6426 1
6427 1
6428 1
6429 1
6430 1
6431 1
6432 1
6433 1
6434 0
6435 2
6436 0
6437 1
6438 1
6439 1
6440 1
6441 1
6442 0
6443 0
6444 0
6445 1
6446 0
6447 1
6448 1
6449 1
6450 1
6451 1
6452 0
6453 1
6454 1
6455 2
6456 2
6457 1
6458 1
6459 1
6460 1
6461 1
6462 1
6463 1
6464 0
6465 1
6466 1
6467 1
6468 0
6469 1
6470 0
6471 1
6472 1
6473 1
6474 1
6475 1
6476 1
6477 1
6478 1
6479 1
6480 1
6481 1
6482 1
6483 2
6484 1
6485 1
6486 0
6487 1
6488 1
6489 1
6490 1
6491 1
6492 1
6493 1
6494 0
6495 1
6496 0
6497 0
6498 1
6499 1
6500 1
6501 1
6502 1
6503 1
6504 1
6505 0
6506 0
6507 0
6508 1
6509 1
6510 1
6511 0
6512 0
6513 1
6514 1
6515 1
6516 0
6517 0
6518 0
6519 1
6520 1
6521 1
6522 0
6523 1
6524 1
6525 1
6526 1
6527 1
6528 1
6529 0
6530 1
6531 1
6532 1
6533 1
6534 1
6535 1
6536 2
6537 1
6538 0
6539 0
6540 1
6541 1
6542 0
6543 1
6544 1
6545 1
6546 0
6547 1
6548 1
6549 1
6550 1
6551 0
6552 0
6553 0
6554 0
6555 0
6556 0
6557 0
6558 0
6559 0
6560 0
6561 0
6562 1
6563 0
6564 1
6565 1
6566 0
6567 1
6568 1
6569 1
6570 0
6571 0
6572 1
6573 1
6574 1
6575 1
6576 1
6577 0
6578 0
6579 1
6580 1
6581 1
6582 0
6583 1
6584 1
6585 1
6586 0
6587 1
6588 1
6589 1
6590 1
6591 2
6592 1
6593 1
6594 1
6595 1
6596 1
6597 1
6598 1
6599 0
6600 0
6601 0
6602 0
6603 0
6604 0
6605 0
6606 0
6607 0
6608 0
6609 0
6610 1
6611 1
6612 0
6613 0
6614 0
6615 0
6616 0
6617 1
6618 0
6619 0
6620 0
6621 0
6622 0
6623 0
6624 0
6625 0
6626 0
6627 0
6628 0
6629 0
6630 0
6631 0
6632 1
6633 0
6634 1
6635 1
6636 1
6637 0
6638 1
6639 1
6640 1
6641 1
6642 1
6643 1
6644 0
6645 1
6646 1
6647 1
6648 1
6649 1
6650 1
6651 1
6652 0
6653 1
6654 0
6655 1
6656 0
6657 1
6658 1
6659 0
6660 0
6661 0
6662 1
6663 1
6664 1
6665 0
6666 0
6667 1
6668 1
6669 0
6670 1
6671 1
6672 1
6673 1
6674 1
6675 1
6676 0
6677 1
6678 0
6679 0
6680 0
6681 1
6682 0
6683 0
6684 1
6685 0
6686 1
6687 0
6688 1
6689 0
6690 1
6691 1
6692 0
6693 0
6694 1
6695 0
6696 0
6697 1
6698 0
6699 0
6700 0
6701 0
6702 0
6703 0
6704 1
6705 1
6706 0
6707 1
6708 1
6709 0
6710 0
6711 0
6712 1
6713 0
6714 0
6715 0
6716 1
6717 0
6718 1
6719 1
6720 0
6721 2
6722 0
6723 0
6724 1
6725 1
6726 2
6727 1
6728 0
6729 0
6730 0
6731 1
6732 1
6733 0
6734 1
6735 1
6736 1
6737 0
6738 0
6739 2
6740 1
6741 1
6742 0
6743 1
6744 1
6745 0
6746 1
6747 1
6748 1
6749 0
6750 1
6751 0
6752 1
6753 1
6754 1
6755 1
6756 1
6757 0
6758 2
6759 1
6760 0
6761 1
6762 0
6763 1
6764 0
6765 0
6766 1
6767 0
6768 0
6769 0
6770 0
6771 1
6772 0
6773 1
6774 1
6775 1
6776 0
6777 0
6778 2
6779 1
6780 1
6781 0
6782 1
6783 1
6784 1
6785 0
6786 0
6787 1
6788 0
6789 0
6790 1
6791 1
6792 1
6793 0
6794 0
6795 1
6796 1
6797 0
6798 1
6799 1
6800 1
6801 0
6802 0
6803 0
6804 0
6805 1
6806 1
6807 0
6808 0
6809 0
6810 2
6811 0
6812 1
6813 1
6814 1
6815 0
6816 0
6817 0
6818 1
6819 1
6820 1
6821 1
6822 1
6823 1
6824 1
6825 0
6826 1
6827 1
6828 1
6829 0
6830 1
6831 0
6832 0
6833 0
6834 0
6835 1
6836 1
6837 1
6838 1
6839 0
6840 0
6841 0
6842 0
6843 1
6844 0
6845 1
6846 0
6847 0
6848 1
6849 0
6850 1
6851 1
6852 0
6853 0
6854 0
6855 0
6856 1
6857 1
6858 1
6859 0
6860 0
6861 1
6862 1
6863 1
6864 0
6865 0
6866 0
6867 1
6868 1
6869 1
6870 1
6871 1
6872 0
6873 1
6874 1
6875 0
6876 0
6877 1
6878 1
6879 1
6880 1
6881 1
6882 0
6883 1
6884 1
6885 0
6886 0
6887 0
6888 0
6889 2
6890 1
6891 1
6892 1
6893 0
6894 0
6895 1
6896 1
6897 1
6898 1
6899 0
6900 1
6901 0
6902 0
6903 0
6904 1
6905 0
6906 0
6907 1
6908 1
6909 0
6910 0
6911 1
6912 1
6913 1
6914 1
6915 1
6916 0
6917 1
6918 0
6919 1
6920 0
6921 0
6922 1
6923 1
6924 1
6925 0
6926 0
6927 1
6928 1
6929 1
6930 1
6931 1
6932 1
6933 1
6934 2
6935 1
6936 1
6937 2
6938 0
6939 0
6940 1
6941 1
6942 0
6943 1
6944 1
6945 1
6946 1
6947 0
6948 1
6949 1
6950 1
6951 1
6952 0
6953 1
6954 1
6955 1
6956 0
6957 1
6958 1
6959 1
6960 1
6961 1
6962 1
6963 0
6964 1
6965 0
6966 1
6967 1
6968 1
6969 0
6970 1
6971 0
6972 0
6973 0
6974 1
6975 0
6976 1
6977 1
6978 1
6979 1
6980 1
6981 1
6982 0
6983 1
6984 1
6985 1
6986 1
6987 1
6988 0
6989 1
6990 0
6991 0
6992 0
6993 1
6994 1
6995 0
6996 1
6997 0
6998 0
6999 1
7000 1
7001 0
7002 0
7003 1
7004 1
7005 0
7006 0
7007 1
7008 2
7009 0
7010 1
7011 0
7012 1
7013 0
7014 1
7015 0
7016 0
7017 0
7018 0
7019 0
7020 1
7021 0
7022 0
7023 1
7024 0
7025 1
7026 1
7027 1
7028 0
7029 1
7030 0
7031 1
7032 0
7033 0
7034 1
7035 1
7036 1
7037 0
7038 0
7039 1
7040 1
7041 0
7042 0
7043 0
7044 1
7045 0
7046 0
7047 0
7048 0
7049 0
7050 0
7051 0
7052 1
7053 0
7054 1
7055 1
7056 0
7057 0
7058 1
7059 0
7060 0
7061 0
7062 1
7063 0
7064 1
7065 1
7066 0
7067 0
7068 0
7069 0
7070 1
7071 1
7072 1
7073 1
7074 0
7075 1
7076 1
7077 0
7078 1
7079 1
7080 0
7081 0
7082 0
7083 0
7084 1
7085 1
7086 1
7087 0
7088 0
7089 0
7090 1
7091 1
7092 2
7093 0
7094 1
7095 0
7096 1
7097 1
7098 1
7099 1
7100 0
7101 1
7102 0
7103 0
7104 1
7105 0
7106 1
7107 0
7108 0
7109 0
7110 0
7111 1
7112 0
7113 0
7114 1
7115 0
7116 0
7117 0
7118 0
7119 0
7120 0
7121 0
7122 0
7123 1
7124 0
7125 0
7126 1
7127 1
7128 0
7129 0
7130 0
7131 1
7132 0
7133 0
7134 1
7135 1
7136 1
7137 0
7138 0
7139 1
7140 0
7141 0
7142 1
7143 0
7144 0
7145 0
7146 1
7147 0
7148 1
7149 1
7150 1
7151 1
7152 1
7153 0
7154 0
7155 0
7156 2
7157 1
7158 1
7159 1
7160 0
7161 1
7162 0
7163 1
7164 1
7165 1
7166 1
7167 1
7168 0
7169 0
7170 0
7171 1
7172 0
7173 0
7174 1
7175 0
7176 1
7177 1
7178 1
7179 1
7180 0
7181 0
7182 1
7183 0
7184 0
7185 0
7186 0
7187 0
7188 0
7189 0
7190 0
7191 0
7192 0
7193 0
7194 1
7195 0
7196 1
7197 1
7198 0
7199 1
7200 0
7201 0
7202 1
7203 1
7204 0
7205 0
7206 0
7207 0
7208 0
7209 1
7210 1
7211 0
7212 2
7213 0
7214 0
7215 0
7216 1
7217 1
7218 0
7219 2
7220 0
7221 0
7222 0
7223 1
7224 0
7225 1
7226 1
7227 1
7228 2
7229 1
7230 1
7231 0
7232 0
7233 1
7234 0
7235 1
7236 1
7237 1
7238 1
7239 1
7240 1
7241 0
7242 1
7243 1
7244 1
7245 1
7246 1
7247 1
7248 0
7249 1
7250 0
7251 0
7252 0
7253 0
7254 0
7255 0
7256 0
7257 1
7258 1
7259 0
7260 1
7261 0
7262 0
7263 0
7264 0
7265 1
7266 0
7267 1
7268 1
7269 1
7270 0
7271 1
7272 1
7273 0
7274 1
7275 0
7276 0
7277 2
7278 1
7279 0
7280 0
7281 1
7282 1
7283 1
7284 0
7285 0
7286 0
7287 0
7288 0
7289 0
7290 1
7291 1
7292 1
7293 1
7294 0
7295 1
7296 0
7297 1
7298 1
7299 0
7300 0
7301 0
7302 0
7303 1
7304 1
7305 0
7306 0
7307 0
7308 1
7309 1
7310 1
7311 0
7312 0
7313 0
7314 1
7315 2
7316 1
7317 0
7318 0
7319 0
7320 0
7321 1
7322 2
7323 0
7324 1
7325 1
7326 1
7327 0
7328 0
7329 1
7330 1
7331 0
7332 0
7333 0
7334 0
7335 0
7336 1
7337 0
7338 0
7339 0
7340 1
7341 1
7342 0
7343 0
7344 0
7345 1
7346 1
7347 1
7348 0
7349 0
7350 0
7351 0
7352 1
7353 1
7354 1
7355 0
7356 1
7357 0
7358 1
7359 0
7360 0
7361 0
7362 0
7363 0
7364 0
7365 0
7366 0
7367 0
7368 1
7369 1
7370 0
7371 1
7372 0
7373 1
7374 1
7375 0
7376 0
7377 1
7378 1
7379 0
7380 1
7381 1
7382 0
7383 0
7384 0
7385 0
7386 1
7387 0
7388 0
7389 0
7390 0
7391 1
7392 1
7393 1
7394 1
7395 0
7396 0
7397 0
7398 0
7399 1
7400 1
7401 0
7402 1
7403 1
7404 0
7405 0
7406 0
7407 0
7408 0
7409 0
7410 1
7411 1
7412 1
7413 1
7414 1
7415 0
7416 0
7417 0
7418 0
7419 0
7420 0
7421 1
7422 1
7423 0
7424 1
7425 0
7426 0
7427 1
7428 0
7429 0
7430 1
7431 1
7432 0
7433 0
7434 0
7435 0
7436 1
7437 1
7438 0
7439 1
7440 0
7441 0
7442 0
7443 0
7444 0
7445 0
7446 0
7447 0
7448 0
7449 0
7450 0
7451 0
7452 0
7453 0
7454 1
7455 0
7456 0
7457 0
7458 0
7459 0
7460 1
7461 0
7462 0
7463 0
7464 0
7465 0
7466 1
7467 0
7468 0
7469 1
7470 1
7471 1
7472 1
7473 0
7474 0
7475 0
7476 0
7477 0
7478 1
7479 1
7480 0
7481 0
7482 0
7483 0
7484 0
7485 1
7486 1
7487 1
7488 1
7489 1
7490 0
7491 0
7492 0
7493 0
7494 1
7495 0
7496 0
7497 1
7498 1
7499 1
7500 1
7501 0
7502 1
7503 1
7504 0
7505 2
7506 0
7507 0
7508 1
7509 1
7510 1
7511 1
7512 1
7513 1
7514 2
7515 0
7516 1
7517 2
7518 2
7519 1
7520 2
7521 2
7522 1
7523 1
7524 2
7525 1
7526 1
7527 1
7528 0
7529 0
7530 2
7531 1
7532 2
7533 1
7534 1
7535 1
7536 2
7537 2
7538 2
7539 1
7540 1
7541 0
7542 1
7543 0
7544 0
7545 0
7546 1
7547 1
7548 0
7549 0
7550 0
7551 1
7552 2
7553 1
7554 2
7555 2
7556 0
7557 1
7558 1
7559 0
7560 0
7561 1
7562 1
7563 2
7564 1
7565 2
7566 1
7567 1
7568 2
7569 2
7570 2
7571 3
7572 3
7573 1
7574 2
7575 1
7576 1
7577 1
7578 2
7579 1
7580 1
7581 1
7582 1
7583 1
7584 1
7585 2
7586 2
7587 1
7588 2
7589 3
7590 1
7591 2
7592 1
7593 1
7594 2
7595 1
7596 2
7597 2
7598 1
7599 1
7600 1
7601 2
7602 1
7603 1
7604 1
7605 0
7606 1
7607 0
7608 2
7609 1
7610 0
7611 1
7612 1
7613 1
7614 1
7615 1
7616 2
7617 1
7618 1
7619 2
7620 3
7621 1
7622 1
7623 2
7624 1
7625 2
7626 2
7627 1
7628 0
7629 0
7630 0
7631 0
7632 1
7633 1
7634 0
7635 0
7636 0
7637 0
7638 1
7639 0
7640 1
7641 0
7642 1
7643 0
7644 0
7645 0
7646 2
7647 1
7648 2
7649 1
7650 1
7651 1
7652 2
7653 1
7654 0
7655 0
7656 1
7657 1
7658 0
7659 1
7660 2
7661 2
7662 1
7663 2
7664 1
7665 1
7666 2
7667 1
7668 2
7669 0
7670 0
7671 2
7672 1
7673 2
7674 0
7675 1
7676 1
7677 2
7678 1
7679 1
7680 2
7681 1
7682 1
7683 1
7684 0
7685 1
7686 2
7687 2
7688 0
7689 1
7690 2
7691 0
7692 1
7693 1
7694 1
7695 1
7696 2
7697 1
7698 2
7699 0
7700 1
7701 2
7702 1
7703 1
7704 2
7705 2
7706 2
7707 1
7708 1
7709 1
7710 0
7711 2
7712 2
7713 1
7714 1
7715 2
7716 0
7717 2
7718 1
7719 0
7720 1
7721 1
7722 1
7723 1
7724 1
7725 2
7726 0
7727 2
7728 2
7729 2
7730 2
7731 2
7732 0
7733 1
7734 1
7735 0
7736 1
7737 0
7738 0
7739 1
7740 0
7741 0
7742 1
7743 1
7744 0
7745 1
7746 0
7747 1
7748 1
7749 2
7750 2
7751 1
7752 2
7753 1
7754 1
7755 1
7756 1
7757 1
7758 1
7759 1
7760 1
7761 0
7762 2
7763 2
7764 2
7765 2
7766 1
7767 2
7768 1
7769 1
7770 2
7771 1
7772 0
7773 1
7774 1
7775 1
7776 0
7777 1
7778 2
7779 3
7780 1
7781 2
7782 2
7783 1
7784 2
7785 1
7786 1
7787 1
7788 1
7789 2
7790 1
7791 1
7792 1
7793 1
7794 0
7795 1
7796 2
7797 0
7798 1
7799 2
7800 0
7801 2
7802 1
7803 1
7804 1
7805 1
7806 1
7807 1
7808 1
7809 0
7810 2
7811 1
7812 2
7813 2
7814 1
7815 1
7816 0
7817 2
7818 2
7819 1
7820 2
7821 2
7822 1
7823 1
7824 0
7825 2
7826 1
7827 1
7828 2
7829 2
7830 3
7831 2
7832 0
7833 1
7834 2
7835 1
7836 0
7837 0
7838 0
7839 1
7840 1
7841 1
7842 1
7843 0
7844 0
7845 1
7846 1
7847 1
7848 0
7849 0
7850 1
7851 0
7852 1
7853 0
7854 0
7855 0
7856 0
7857 0
7858 0
7859 0
7860 1
7861 1
7862 0
7863 1
7864 1
7865 0
7866 0
7867 1
7868 0
7869 0
7870 0
7871 0
7872 0
7873 0
7874 0
7875 0
7876 0
7877 0
7878 0
7879 0
7880 0
7881 0
7882 0
7883 0
7884 1
7885 1
7886 2
7887 2
7888 1
7889 1
7890 1
7891 2
7892 1
7893 1
7894 1
7895 1
7896 1
7897 2
7898 0
7899 2
7900 1
7901 2
7902 2
7903 1
7904 1
7905 1
7906 2
7907 1
7908 1
7909 1
7910 1
7911 2
7912 2
7913 0
7914 0
7915 0
7916 1
7917 0
7918 0
7919 0
7920 1
7921 1
7922 0
7923 1
7924 0
7925 1
7926 0
7927 0
7928 0
7929 0
7930 0
7931 0
7932 0
7933 0
7934 0
7935 0
7936 0
7937 1
7938 1
7939 1
7940 2
7941 2
7942 2
7943 1
7944 1
7945 2
7946 1
7947 1
7948 1
7949 2
7950 2
7951 1
7952 2
7953 2
7954 1
7955 2
7956 1
7957 0
7958 1
7959 0
7960 2
7961 2
7962 0
7963 1
7964 2
7965 0
7966 0
7967 2
7968 2
7969 1
7970 1
7971 1
7972 2
7973 1
7974 1
7975 1
7976 2
7977 1
7978 1
7979 1
7980 2
7981 0
7982 1
7983 2
7984 1
7985 1
7986 2
7987 2
7988 2
7989 2
7990 1
7991 1
7992 1
7993 0
7994 1
7995 0
7996 0
7997 1
7998 1
7999 1
8000 1
8001 0
8002 0
8003 0
8004 1
8005 0
8006 0
8007 1
8008 0
8009 1
8010 0
8011 0
8012 1
8013 0
8014 0
8015 0
8016 0
8017 0
8018 0
8019 0
8020 1
8021 0
8022 0
8023 0
8024 1
8025 1
8026 1
8027 0
8028 0
8029 1
8030 1
8031 1
8032 1
8033 1
8034 1
8035 1
8036 2
8037 1
8038 1
8039 2
8040 1
8041 0
8042 1
8043 2
8044 1
8045 0
8046 0
8047 1
8048 2
8049 0
8050 1
8051 2
8052 2
8053 1
8054 2
8055 2
8056 1
8057 1
8058 2
8059 1
8060 2
8061 2
8062 2
8063 1
8064 3
8065 1
8066 0
8067 1
8068 0
8069 1
8070 1
8071 0
8072 1
8073 0
8074 0
8075 1
8076 0
8077 0
8078 0
8079 0
8080 0
8081 1
8082 0
8083 0
8084 0
8085 0
8086 0
8087 0
8088 1
8089 0
8090 1
8091 1
8092 0
8093 0
8094 0
8095 0
8096 0
8097 1
8098 0
8099 2
8100 0
8101 0
8102 0
8103 0
8104 0
8105 1
8106 0
8107 1
8108 0
8109 0
8110 0
8111 0
8112 0
8113 1
8114 0
8115 1
8116 0
8117 1
8118 1
8119 1
8120 0
8121 1
8122 0
8123 1
8124 2
8125 2
8126 2
8127 1
8128 3
8129 2
8130 2
8131 0
8132 2
8133 1
8134 1
8135 2
8136 1
8137 1
8138 2
8139 1
8140 2
8141 1
8142 1
8143 1
8144 0
8145 1
8146 2
8147 2
8148 2
8149 2
8150 2
8151 1
8152 2
8153 1
8154 2
8155 0
8156 1
8157 1
8158 2
8159 1
8160 1
8161 1
8162 1
8163 1
8164 2
8165 2
8166 1
8167 2
8168 0
8169 1
8170 1
8171 2
8172 2
8173 1
8174 1
8175 0
8176 1
8177 1
8178 2
8179 2
8180 1
8181 1
8182 0
8183 1
8184 1
8185 1
8186 2
8187 1
8188 1
8189 1
8190 1
8191 2
8192 1
8193 2
8194 2
8195 2
8196 1
8197 0
8198 1
8199 0
8200 1
8201 1
8202 1
8203 1
8204 1
8205 2
8206 2
8207 2
8208 1
8209 3
8210 1
8211 1
8212 2
8213 1
8214 2
8215 2
8216 1
8217 2
8218 1
8219 2
8220 3
8221 1
8222 1
8223 0
8224 0
8225 1
8226 0
8227 1
8228 1
8229 0
8230 0
8231 1
8232 0
8233 1
8234 2
8235 2
8236 3
8237 0
8238 2
8239 1
8240 2
8241 1
8242 3
8243 1
8244 2
8245 2
8246 2
8247 1
8248 1
8249 1
8250 2
8251 1
8252 2
8253 2
8254 1
8255 0
8256 1
8257 2
8258 2
8259 1
8260 1
8261 2
8262 2
8263 1
8264 1
8265 2
8266 3
8267 2
8268 2
8269 0
8270 2
8271 0
8272 1
8273 1
8274 1
8275 2
8276 1
8277 2
8278 2
8279 1
8280 2
8281 3
8282 2
8283 1
8284 1
8285 1
8286 1
8287 2
8288 1
8289 1
8290 1
8291 2
8292 2
8293 1
8294 1
8295 0
8296 1
8297 0
8298 1
8299 1
8300 1
8301 1
8302 1
8303 2
8304 0
8305 1
8306 2
8307 1
8308 1
8309 0
8310 2
8311 1
8312 1
8313 1
8314 2
8315 1
8316 2
8317 1
8318 2
8319 0
8320 1
8321 1
8322 1
8323 0
8324 1
8325 2
8326 0
8327 2
8328 2
8329 2
8330 2
8331 2
8332 3
8333 1
8334 2
8335 1
8336 1
8337 0
8338 2
8339 1
8340 1
8341 2
8342 1
8343 2
8344 1
8345 2
8346 2
8347 1
8348 0
8349 1
8350 1
8351 2
8352 1
8353 0
8354 1
8355 1
8356 1
8357 2
8358 2
8359 1
8360 0
8361 1
8362 2
8363 0
8364 1
8365 2
8366 2
8367 1
8368 1
8369 2
8370 1
8371 1
8372 2
8373 1
8374 2
8375 1
8376 0
8377 1
8378 0
8379 1
8380 0
8381 0
8382 2
8383 2
8384 0
8385 1
8386 1
8387 2
8388 1
8389 1
8390 1
8391 1
8392 3
8393 1
8394 2
8395 1
8396 1
8397 3
8398 0
8399 1
8400 0
8401 0
8402 0
8403 0
8404 1
8405 1
8406 1
8407 2
8408 2
8409 2
8410 2
8411 1
8412 1
8413 3
8414 2
8415 1
8416 1
8417 2
8418 1
8419 2
8420 2
8421 1
8422 1
8423 1
8424 1
8425 2
8426 0
8427 2
8428 0
8429 1
8430 2
8431 0
8432 2
8433 1
8434 3
8435 1
8436 1
8437 1
8438 2
8439 2
8440 2
8441 1
8442 1
8443 0
8444 1
8445 0
8446 2
8447 0
8448 1
8449 3
8450 2
8451 1
8452 1
8453 1
8454 2
8455 2
8456 2
8457 1
8458 1
8459 1
8460 2
8461 2
8462 2
8463 1
8464 1
8465 1
8466 2
8467 2
8468 0
8469 0
8470 1
8471 2
8472 1
8473 2
8474 1
8475 1
8476 0
8477 0
8478 2
8479 0
8480 0
8481 1
8482 2
8483 2
8484 2
8485 1
8486 2
8487 1
8488 0
8489 1
8490 1
8491 1
8492 1
8493 2
8494 2
8495 1
8496 2
8497 1
8498 1
8499 3
8500 2
8501 0
8502 1
8503 1
8504 1
8505 1
8506 1
8507 2
8508 1
8509 1
8510 2
8511 1
8512 1
8513 2
8514 1
8515 1
8516 1
8517 2
8518 1
8519 0
8520 2
8521 1
8522 1
8523 1
8524 1
8525 1
8526 2
8527 1
8528 1
8529 2
8530 0
8531 2
8532 2
8533 2
8534 2
8535 1
8536 1
8537 2
8538 1
8539 1
8540 1
8541 2
8542 1
8543 2
8544 1
8545 2
8546 1
8547 2
8548 2
8549 1
8550 0
8551 1
8552 2
8553 1
8554 1
8555 2
8556 2
8557 2
8558 0
8559 1
8560 1
8561 3
8562 0
8563 1
8564 1
8565 1
8566 2
8567 0
8568 2
8569 0
8570 2
8571 2
8572 2
8573 1
8574 2
8575 2
8576 2
8577 2
8578 1
8579 1
8580 0
8581 0
8582 1
8583 2
8584 2
8585 2
8586 1
8587 1
8588 1
8589 1
8590 1
8591 1
8592 1
8593 2
8594 2
8595 2
8596 1
8597 1
8598 2
8599 0
8600 1
8601 2
8602 1
8603 1
8604 2
8605 1
8606 2
8607 1
8608 2
8609 1
8610 1
8611 1
8612 2
8613 1
8614 0
8615 2
8616 0
8617 1
8618 2
8619 1
8620 2
8621 1
8622 0
8623 1
8624 2
8625 2
8626 1
8627 2
8628 2
8629 2
8630 1
8631 1
8632 2
8633 2
8634 2
8635 2
8636 1
8637 1
8638 2
8639 2
8640 2
8641 2
8642 1
8643 1
8644 2
8645 0
8646 1
8647 1
8648 2
8649 2
8650 1
8651 2
8652 1
8653 2
8654 0
8655 1
8656 2
8657 1
8658 2
8659 1
8660 1
8661 2
8662 0
8663 0
8664 1
8665 0
8666 2
8667 2
8668 2
8669 2
8670 1
8671 1
8672 1
8673 1
8674 2
8675 2
8676 3
8677 1
8678 2
8679 1
8680 1
8681 1
8682 1
8683 3
8684 1
8685 0
8686 1
8687 2
8688 2
8689 2
8690 1
8691 1
8692 0
8693 2
8694 3
8695 2
8696 1
8697 2
8698 0
8699 2
8700 1
8701 2
8702 1
8703 0
8704 2
8705 1
8706 1
8707 0
8708 3
8709 1
8710 2
8711 1
8712 1
8713 1
8714 1
8715 1
8716 2
8717 1
8718 1
8719 1
8720 2
8721 2
8722 2
8723 1
8724 1
8725 0
8726 2
8727 1
8728 2
8729 1
8730 0
8731 2
8732 1
8733 1
8734 2
8735 2
8736 1
8737 0
8738 2
8739 1
8740 2
8741 1
8742 2
8743 1
8744 0
8745 2
8746 1
8747 2
8748 1
8749 3
8750 1
8751 2
8752 0
8753 1
8754 1
8755 2
8756 1
8757 1
8758 2
8759 1
8760 1
8761 2
8762 0
8763 0
8764 1
8765 0
8766 0
8767 0
8768 2
8769 2
8770 1
8771 0
8772 2
8773 1
8774 1
8775 1
8776 2
8777 1
8778 1
8779 0
8780 1
8781 2
8782 2
8783 2
8784 1
8785 2
8786 1
8787 0
8788 0
8789 0
8790 0
8791 0
8792 1
8793 1
8794 0
8795 0
8796 0
8797 1
8798 1
8799 1
8800 1
8801 1
8802 0
8803 0
8804 1
8805 0
8806 1
8807 2
8808 1
8809 2
8810 2
8811 0
8812 2
8813 0
8814 0
8815 0
8816 0
8817 0
8818 0
8819 0
8820 0
8821 0
8822 0
8823 0
8824 0
8825 0
8826 0
8827 1
8828 1
8829 1
8830 0
8831 0
8832 0
8833 0
8834 0
8835 0
8836 0
8837 0
8838 0
8839 0
8840 0
8841 1
8842 0
8843 0
8844 0
8845 0
8846 0
8847 1
8848 0
8849 0
8850 0
8851 0
8852 1
8853 1
8854 0
8855 0
8856 0
8857 1
8858 1
8859 0
8860 0
8861 0
8862 0
8863 0
8864 0
8865 0
8866 0
8867 0
8868 0
8869 1
8870 1
8871 0
8872 0
8873 1
8874 1
8875 2
8876 0
8877 0
8878 2
8879 1
8880 2
8881 2
8882 1
8883 2
8884 0
8885 1
8886 2
8887 0
8888 2
8889 2
8890 1
8891 2
8892 2
8893 1
8894 0
8895 2
8896 1
8897 0
8898 1
8899 1
8900 2
8901 1
8902 1
8903 2
8904 2
8905 1
8906 3
8907 1
8908 1
8909 0
8910 1
8911 0
8912 1
8913 2
8914 1
8915 1
8916 2
8917 1
8918 1
8919 1
8920 2
8921 1
8922 0
8923 1
8924 1
8925 1
8926 0
8927 2
8928 2
8929 1
8930 1
8931 2
8932 2
8933 0
8934 0
8935 0
8936 1
8937 1
8938 2
8939 1
8940 2
8941 1
8942 1
8943 2
8944 2
8945 1
8946 1
8947 1
8948 2
8949 1
8950 1
8951 0
8952 2
8953 2
8954 1
8955 1
8956 1
8957 2
8958 2
8959 1
8960 1
8961 3
8962 3
8963 0
8964 0
8965 1
8966 1
8967 2
8968 0
8969 1
8970 2
8971 1
8972 2
8973 1
8974 2
8975 2
8976 2
8977 1
8978 1
8979 1
8980 2
8981 2
8982 2
8983 2
8984 2
8985 1
8986 2
8987 1
8988 2
8989 1
8990 1
8991 3
8992 2
8993 1
8994 1
8995 2
8996 2
8997 1
8998 0
8999 0
9000 2
9001 1
9002 1
9003 2
9004 1
9005 0
9006 1
9007 0
9008 0
9009 0
9010 1
9011 1
9012 2
9013 2
9014 1
9015 2
9016 2
9017 1
9018 1
9019 2
9020 2
9021 2
9022 2
9023 0
9024 0
9025 0
9026 0
9027 0
9028 0
9029 0
9030 1
9031 0
9032 0
9033 0
9034 0
9035 0
9036 0
9037 0
9038 0
9039 1
9040 0
9041 0
9042 0
9043 1
9044 0
9045 1
9046 0
9047 0
9048 0
9049 0
9050 0
9051 1
9052 1
9053 0
9054 1
9055 0
9056 1
9057 0
9058 0
9059 0
9060 1
9061 1
9062 1
9063 1
9064 0
9065 0
9066 2
9067 1
9068 1
9069 1
9070 0
9071 2
9072 2
9073 2
9074 2
9075 1
9076 2
9077 2
9078 2
9079 0
9080 0
9081 1
9082 1
9083 1
9084 1
9085 0
9086 2
9087 1
9088 1
9089 1
9090 0
9091 2
9092 2
9093 0
9094 0
9095 1
9096 1
9097 1
9098 1
9099 0
9100 1
9101 1
9102 0
9103 1
9104 0
9105 1
9106 1
9107 1
9108 0
9109 2
9110 1
9111 0
9112 1
9113 0
9114 0
9115 0
9116 1
9117 1
9118 0
9119 0
9120 0
9121 1
9122 0
9123 1
9124 0
9125 1
9126 1
9127 0
9128 0
9129 1
9130 0
9131 0
9132 0
9133 1
9134 1
9135 0
9136 0
9137 1
9138 1
9139 0
9140 1
9141 0
9142 0
9143 0
9144 0
9145 0
9146 1
9147 0
9148 0
9149 1
9150 2
9151 0
9152 1
9153 0
9154 1
9155 0
9156 1
9157 1
9158 2
9159 1
9160 2
9161 2
9162 1
9163 0
9164 1
9165 1
9166 2
9167 2
9168 1
9169 2
9170 2
9171 2
9172 1
9173 2
9174 2
9175 2
9176 2
9177 1
9178 1
9179 0
9180 1
9181 1
9182 1
9183 1
9184 2
9185 1
9186 2
9187 2
9188 2
9189 1
9190 1
9191 0
9192 2
9193 1
9194 2
9195 1
9196 1
9197 2
9198 1
9199 3
9200 2
9201 1
9202 1
9203 1
9204 2
9205 2
9206 2
9207 0
9208 1
9209 1
9210 1
9211 2
9212 2
9213 2
9214 1
9215 1
9216 2
9217 2
9218 2
9219 1
9220 0
9221 2
9222 2
9223 0
9224 2
9225 2
9226 2
9227 2
9228 2
9229 1
9230 1
9231 3
9232 1
9233 1
9234 1
9235 1
9236 1
9237 2
9238 1
9239 2
9240 2
9241 1
9242 1
9243 0
9244 1
9245 2
9246 2
9247 1
9248 2
9249 1
9250 1
9251 0
9252 0
9253 1
9254 0
9255 1
9256 1
9257 1
9258 0
9259 1
9260 1
9261 0
9262 1
9263 1
9264 3
9265 3
9266 1
9267 2
9268 1
9269 1
9270 2
9271 1
9272 0
9273 1
9274 1
9275 0
9276 1
9277 0
9278 0
9279 0
9280 0
9281 1
9282 0
9283 2
9284 3
9285 0
9286 1
9287 0
9288 0
9289 1
9290 0
9291 0
9292 1
9293 0
9294 1
9295 0
9296 0
9297 1
9298 1
9299 0
9300 0
9301 1
9302 1
9303 0
9304 0
9305 1
9306 1
9307 0
9308 1
9309 1
9310 1
9311 0
9312 1
9313 0
9314 0
9315 1
9316 1
9317 0
9318 0
9319 0
9320 0
9321 1
9322 0
9323 0
9324 0
9325 0
9326 1
9327 2
9328 2
9329 1
9330 2
9331 2
9332 1
9333 2
9334 1
9335 1
9336 2
9337 2
9338 1
9339 1
9340 1
9341 1
9342 1
9343 1
9344 2
9345 2
9346 1
9347 1
9348 0
9349 0
9350 1
9351 1
9352 1
9353 2
9354 1
9355 0
9356 1
9357 3
9358 0
9359 1
9360 2
9361 1
9362 2
9363 2
9364 2
9365 1
9366 0
9367 1
9368 2
9369 2
9370 1
9371 2
9372 2
9373 1
9374 1
9375 2
9376 1
9377 2
9378 1
9379 0
9380 2
9381 1
9382 2
9383 1
9384 1
9385 1
9386 2
9387 1
9388 1
9389 1
9390 1
9391 2
9392 0
9393 0
9394 0
9395 1
9396 1
9397 1
9398 2
9399 2
9400 2
9401 1
9402 0
9403 2
9404 0
9405 2
9406 1
9407 1
9408 2
9409 2
9410 2
9411 1
9412 2
9413 2
9414 1
9415 1
9416 1
9417 1
9418 1
9419 1
9420 0
9421 2
9422 1
9423 0
9424 2
9425 2
9426 1
9427 1
9428 2
9429 1
9430 2
9431 1
9432 3
9433 2
9434 0
9435 2
9436 2
9437 2
9438 1
9439 3
9440 2
9441 0
9442 0
9443 1
9444 1
9445 2
9446 1
9447 2
9448 0
9449 1
9450 1
9451 2
9452 1
9453 2
9454 2
9455 2
9456 1
9457 1
9458 1
9459 2
9460 2
9461 2
9462 1
9463 1
9464 0
9465 1
9466 1
9467 1
9468 2
9469 2
9470 1
9471 1
9472 3
9473 2
9474 1
9475 1
9476 2
9477 1
9478 2
9479 0
9480 1
9481 1
9482 2
9483 2
9484 2
9485 1
9486 1
9487 1
9488 1
9489 1
9490 1
9491 1
9492 2
9493 1
9494 1
9495 1
9496 1
9497 1
9498 1
9499 1
9500 1
9501 1
9502 0
9503 2
9504 2
9505 2
9506 1
9507 1
9508 1
9509 1
9510 2
9511 1
9512 1
9513 1
9514 1
9515 1
9516 2
9517 1
9518 2
9519 1
9520 1
9521 1
9522 2
9523 1
9524 0
9525 2
9526 1
9527 1
9528 1
9529 1
9530 1
9531 1
9532 2
9533 2
9534 0
9535 1
9536 1
9537 2
9538 0
9539 3
9540 2
9541 1
9542 2
9543 2
9544 2
9545 2
9546 0
9547 2
9548 1
9549 1
9550 0
9551 1
9552 1
9553 2
9554 1
9555 2
9556 1
9557 1
9558 1
9559 1
9560 2
9561 2
9562 0
9563 1
9564 2
9565 0
9566 1
9567 0
9568 2
9569 1
9570 1
9571 2
9572 2
9573 3
9574 0
9575 2
9576 2
9577 1
9578 1
9579 1
9580 1
9581 1
9582 1
9583 2
9584 3
9585 1
9586 0
9587 2
9588 1
9589 2
9590 1
9591 1
9592 1
9593 1
9594 1
9595 1
9596 1
9597 0
9598 1
9599 0
9600 1
9601 0
9602 0
9603 1
9604 1
9605 1
9606 1
9607 0
9608 1
9609 1
9610 0
9611 0
9612 1
9613 0
9614 0
9615 0
9616 0
9617 0
9618 1
9619 1
9620 1
9621 0
9622 0
9623 0
9624 0
9625 0
9626 0
9627 1
9628 0
9629 0
9630 0
9631 0
9632 0
9633 0
9634 0
9635 0
9636 0
9637 0
9638 0
9639 0
9640 0
9641 1
9642 1
9643 0
9644 0
9645 0
9646 0
9647 1
9648 0
9649 1
9650 0
9651 0
9652 1
9653 0
9654 1
9655 1
9656 0
9657 1
9658 0
9659 1
9660 0
9661 0
9662 0
9663 0
9664 0
9665 0
9666 0
9667 0
9668 0
9669 0
9670 1
9671 1
9672 1
9673 0
9674 0
9675 0
9676 1
9677 1
9678 0
9679 0
9680 0
9681 0
9682 0
9683 0
9684 0
9685 0
9686 1
9687 0
9688 1
9689 0
9690 1
9691 0
9692 0
9693 0
9694 0
9695 0
9696 0
9697 1
9698 0
9699 0
9700 1
9701 0
9702 1
9703 0
9704 0
9705 0
9706 1
9707 0
9708 0
9709 0
9710 0
9711 0
9712 0
9713 0
9714 0
9715 0
9716 0
9717 1
9718 1
9719 0
9720 0
9721 0
9722 1
9723 0
9724 0
9725 0
9726 0
9727 0
9728 0
9729 0
9730 0
9731 0
9732 1
9733 0
9734 0
9735 0
9736 0
9737 0
9738 0
9739 0
9740 0
9741 1
9742 0
9743 0
9744 0
9745 0
9746 0
9747 0
9748 1
9749 1
9750 0
9751 0
9752 1
9753 0
9754 1
9755 0
9756 0
9757 0
9758 0
9759 1
9760 0
9761 0
9762 0
9763 0
9764 0
9765 1
9766 0
9767 1
9768 0
9769 0
9770 1
9771 0
9772 1
9773 1
9774 0
9775 0
9776 1
9777 0
9778 0
9779 1
9780 1
9781 1
9782 1
9783 0
9784 1
9785 1
9786 1
9787 0
9788 1
9789 0
9790 1
9791 1
9792 0
9793 0
9794 1
9795 1
9796 0
9797 1
9798 0
9799 0
9800 0
9801 1
9802 0
9803 0
9804 0
9805 1
9806 1
9807 0
9808 0
9809 0
9810 1
9811 1
9812 0
9813 1
9814 0
9815 0
9816 0
9817 0
9818 0
9819 0
9820 1
9821 1
9822 0
9823 0
9824 1
9825 1
9826 1
9827 1
9828 1
9829 0
9830 1
9831 1
9832 0
9833 1
9834 0
9835 0
9836 1
9837 0
9838 0
9839 1
9840 0
9841 0
9842 0
9843 1
9844 1
9845 0
9846 0
9847 1
9848 0
9849 0
9850 0
9851 1
9852 1
9853 0
9854 0
9855 0
9856 0
9857 0
9858 0
9859 1
9860 1
9861 0
9862 0
9863 1
9864 1
9865 1
9866 0
9867 1
9868 0
9869 1
9870 1
9871 1
9872 1
9873 0
9874 1
9875 1
9876 0
9877 0
9878 0
9879 1
9880 1
9881 1
9882 1
9883 0
9884 1
9885 1
9886 0
9887 1
9888 1
9889 0
9890 1
9891 1
9892 0
9893 1
9894 0
9895 0
9896 0
9897 0
9898 0
9899 0
9900 0
9901 0
9902 0
9903 0
9904 0
9905 0
9906 1
9907 0
9908 0
9909 0
9910 0
9911 0
9912 1
9913 0
9914 1
9915 1
9916 1
9917 1
9918 1
9919 1
9920 2
9921 0
9922 1
9923 1
9924 1
9925 2
9926 2
9927 2
9928 2
9929 2
9930 1
9931 0
9932 2
9933 1
9934 2
9935 2
9936 1
9937 1
9938 2
9939 1
9940 2
9941 0
9942 1
9943 0
9944 0
9945 0
9946 0
9947 1
9948 0
9949 0
9950 1
9951 1
9952 1
9953 0
9954 0
9955 0
9956 0
9957 0
9958 1
9959 0
9960 0
9961 0
9962 1
9963 0
9964 0
9965 0
9966 0
9967 0
9968 1
9969 0
9970 0
9971 0
9972 0
9973 0
9974 0
9975 0
9976 0
9977 0
9978 0
9979 0
9980 1
9981 0
9982 0
9983 1
9984 0
9985 0
9986 0
9987 0
9988 0
9989 1
9990 0
9991 0
9992 1
9993 1
9994 0
9995 0
9996 0
9997 0
9998 1
9999 0
10000 1
10001 0
