1 0
2 1
3 1
4 1
5 0
6 0
7 1
8 1
9 1
10 1
11 1
12 1
13 2
14 1
15 0
16 0
17 1
18 1
19 2
20 1
21 0
22 0
23 0
24 0
25 0
26 1
27 1
28 1
29 1
30 2
31 0
32 0
33 1
34 0
35 1
36 2
37 2
38 1
39 0
40 0
41 1
42 1
43 1
44 0
45 1
46 1
47 1
48 1
49 2
50 1
51 0
52 2
53 0
54 0
55 1
56 0
57 1
58 1
59 0
60 2
61 0
62 1
63 0
64 1
65 0
66 1
67 0
68 2
69 1
70 0
71 0
72 0
73 0
74 1
75 1
76 0
77 1
78 2
79 1
80 1
81 1
82 0
83 0
84 0
85 1
86 0
87 0
88 1
89 1
90 1
91 1
92 1
93 1
94 1
95 1
96 1
97 0
98 0
99 0
100 1
101 1
102 1
103 2
104 0
105 1
106 1
107 1
108 1
109 1
110 0
111 0
112 0
113 1
114 1
115 1
116 0
117 1
118 1
119 1
120 0
121 1
122 0
123 2
124 0
125 0
126 1
127 0
128 0
129 2
130 2
131 1
132 0
133 1
134 0
135 1
136 1
137 2
138 1
139 1
140 0
141 1
142 2
143 1
144 2
145 1
146 1
147 1
148 1
149 1
150 0
151 2
152 1
153 1
154 0
155 0
156 1
157 1
158 1
159 1
160 0
161 1
162 1
163 1
164 1
165 1
166 1
167 0
168 0
169 1
170 1
171 0
172 1
173 1
174 0
175 1
176 0
177 1
178 2
179 1
180 1
181 1
182 1
183 1
184 0
185 1
186 0
187 1
188 0
189 1
190 1
191 1
192 1
193 1
194 0
195 1
196 0
197 1
198 0
199 0
200 2
201 1
202 1
203 0
204 0
205 1
206 2
207 0
208 0
209 1
210 0
211 1
212 1
213 2
214 0
215 1
216 0
217 1
218 1
219 1
220 0
221 1
222 0
223 1
224 2
225 0
226 0
227 0
228 1
229 0
230 1
231 1
232 1
233 1
234 1
235 1
236 1
237 1
238 1
239 1
240 2
241 0
242 2
243 2
244 0
245 1
246 1
247 0
248 1
249 1
250 1
251 1
252 1
253 1
254 1
255 1
256 0
257 0
258 0
259 1
260 1
261 0
262 1
263 0
264 1
265 0
266 1
267 1
268 2
269 1
270 0
271 2
272 1
273 1
274 0
275 1
276 0
277 2
278 0
279 0
280 0
281 0
282 2
283 1
284 2
285 1
286 1
287 1
288 0
289 1
290 1
291 0
292 2
293 0
294 0
295 1
296 1
297 1
298 1
299 1
300 1
301 2
302 2
303 0
304 0
305 2
306 1
307 0
308 1
309 1
310 0
311 2
312 0
313 2
314 0
315 1
316 1
317 1
318 0
319 1
320 2
321 0
322 2
323 1
324 0
325 1
326 3
327 2
328 0
329 2
330 1
331 0
332 1
333 0
334 2
335 0
336 1
337 1
338 0
339 1
340 1
341 0
342 2
343 0
344 0
345 1
346 1
347 1
348 2
349 1
350 1
351 0
352 1
353 1
354 1
355 1
356 1
357 1
358 2
359 1
360 1
361 0
362 1
363 2
364 2
365 1
366 1
367 0
368 1
369 1
370 1
371 1
372 0
373 1
374 1
375 0
376 0
377 1
378 1
379 1
380 0
381 1
382 0
383 0
384 0
385 1
386 1
387 0
388 0
389 0
390 2
391 1
392 1
393 0
394 1
395 0
396 1
397 1
398 0
399 1
400 0
401 1
402 0
403 0
404 1
405 1
406 1
407 0
408 0
409 1
410 1
411 1
412 0
413 2
414 1
415 0
416 0
417 2
418 1
419 1
420 0
421 1
422 0
423 0
424 1
425 1
426 1
427 1
428 0
429 1
430 1
431 0
432 1
433 1
434 1
435 0
436 1
437 2
438 0
439 0
440 0
441 1
442 0
443 0
444 1
445 1
446 1
447 1
448 1
449 1
450 1
451 0
452 1
453 0
454 1
455 1
456 1
457 1
458 1
459 0
460 1
461 2
462 1
463 1
464 0
465 0
466 1
467 1
468 0
469 2
470 0
471 1
472 1
473 1
474 0
475 0
476 1
477 1
478 2
479 0
480 1
481 1
482 2
483 0
484 1
485 0
486 0
487 1
488 0
489 1
490 1
491 2
492 1
493 1
494 1
495 2
496 0
497 1
498 1
499 1
500 1
501 0
502 2
503 1
504 0
505 1
506 1
507 0
508 1
509 1
510 1
511 1
512 2
513 1
514 1
515 0
516 1
517 1
518 1
519 1
520 1
521 1
522 1
523 1
524 2
525 1
526 2
527 0
528 1
529 1
530 0
531 1
532 1
533 1
534 1
535 2
536 0
537 0
538 1
539 2
540 2
541 2
542 0
543 1
544 1
545 1
546 2
547 1
548 0
549 1
550 0
551 0
552 2
553 2
554 2
555 1
556 1
557 1
558 1
559 2
560 2
561 2
562 0
563 1
564 1
565 2
566 1
567 1
568 2
569 2
570 1
571 0
572 1
573 1
574 0
575 1
576 2
577 1
578 0
579 1
580 1
581 1
582 0
583 2
584 1
585 1
586 1
587 1
588 1
589 1
590 1
591 1
592 0
593 1
594 1
595 1
596 1
597 0
598 1
599 1
600 1
601 1
602 0
603 2
604 0
605 0
606 0
607 0
608 0
609 1
610 0
611 2
612 1
613 0
614 0
615 0
616 1
617 2
618 0
619 1
620 1
621 1
622 1
623 1
624 1
625 1
626 1
627 1
628 1
629 2
630 0
631 0
632 2
633 1
634 1
635 0
636 0
637 0
638 1
639 0
640 1
641 1
642 1
643 2
644 2
645 2
646 0
647 1
648 1
649 1
650 1
651 0
652 1
653 2
654 1
655 1
656 1
657 2
658 1
659 0
660 0
661 2
662 1
663 1
664 1
665 1
666 0
667 1
668 0
669 1
670 1
671 1
672 1
673 1
674 0
675 1
676 2
677 1
678 1
679 0
680 1
681 1
682 1
683 0
684 1
685 2
686 1
687 0
688 2
689 1
690 1
691 1
692 1
693 2
694 1
695 0
696 1
697 0
698 1
699 1
700 1
701 1
702 1
703 1
704 0
705 0
706 1
707 3
708 1
709 2
710 1
711 0
712 2
713 1
714 2
715 0
716 1
717 0
718 1
719 0
720 1
721 1
722 1
723 1
724 0
725 0
726 1
727 2
728 0
729 0
730 1
731 2
732 1
733 0
734 1
735 1
736 1
737 1
738 1
739 0
740 2
741 0
742 0
743 1
744 2
745 0
746 0
747 2
748 1
749 1
750 2
751 1
752 1
753 1
754 1
755 1
756 1
757 1
758 0
759 0
760 1
761 1
762 0
763 1
764 1
765 1
766 0
767 1
768 0
769 1
770 1
771 1
772 0
773 1
774 2
775 0
776 0
777 1
778 0
779 1
780 1
781 1
782 1
783 1
784 1
785 1
786 1
787 0
788 1
789 0
790 1
791 0
792 0
793 1
794 1
795 1
796 1
797 0
798 1
799 2
800 0
801 2
802 2
803 1
804 1
805 1
806 2
807 0
808 1
809 1
810 2
811 1
812 1
813 2
814 0
815 1
816 2
817 1
818 2
819 2
820 0
821 1
822 1
823 0
824 0
825 1
826 0
827 1
828 1
829 1
830 0
831 2
832 1
833 1
834 3
835 0
836 2
837 1
838 0
839 1
840 1
841 1
842 1
843 2
844 0
845 0
846 1
847 0
848 2
849 1
850 1
851 1
852 0
853 2
854 0
855 0
856 1
857 1
858 0
859 2
860 0
861 1
862 0
863 0
864 0
865 1
866 1
867 1
868 2
869 1
870 2
871 1
872 1
873 0
874 0
875 1
876 0
877 0
878 0
879 0
880 0
881 1
882 0
883 2
884 1
885 2
886 1
887 1
888 0
889 0
890 1
891 0
892 1
893 1
894 1
895 0
896 1
897 0
898 1
899 0
900 1
901 2
902 1
903 1
904 1
905 2
906 1
907 2
908 0
909 1
910 1
911 0
912 1
913 0
914 0
915 3
916 1
917 1
918 1
919 0
920 0
921 2
922 2
923 1
924 1
925 1
926 1
927 1
928 1
929 1
930 2
931 2
932 1
933 1
934 1
935 0
936 0
937 2
938 1
939 1
940 1
941 1
942 0
943 0
944 1
945 1
946 1
947 2
948 0
949 1
950 1
951 1
952 0
953 1
954 0
955 1
956 1
957 0
958 0
959 2
960 0
961 1
962 1
963 0
964 1
965 1
966 1
967 0
968 0
969 1
970 0
971 1
972 0
973 0
974 2
975 1
976 2
977 1
978 1
979 1
980 1
981 0
982 0
983 0
984 1
985 1
986 1
987 1
988 1
989 2
990 1
991 2
992 0
993 0
994 1
995 1
996 1
997 1
998 0
999 1
1000 0
1001 0
1002 2
1003 1
1004 1
1005 2
1006 1
1007 1
1008 0
1009 1
1010 1
1011 2
1012 1
1013 1
1014 0
1015 1
1016 0
1017 0
1018 0
1019 1
1020 1
1021 0
1022 0
1023 0
1024 0
1025 0
1026 0
1027 0
1028 0
1029 0
1030 0
1031 0
1032 0
1033 0
1034 0
1035 0
1036 0
1037 0
1038 0
1039 0
1040 1
1041 1
1042 1
1043 0
1044 1
1045 1
1046 1
1047 0
1048 1
1049 1
1050 0
1051 1
1052 1
1053 0
1054 0
1055 1
1056 2
1057 0
1058 0
1059 1
1060 1
1061 1
1062 1
1063 0
1064 1
1065 1
1066 1
1067 1
1068 1
1069 0
1070 0
1071 0
1072 1
1073 1
1074 2
1075 1
1076 1
1077 1
1078 1
1079 0
1080 1
1081 0
1082 0
1083 2
1084 2
1085 1
1086 1
1087 1
1088 1
1089 2
1090 1
1091 0
1092 1
1093 0
1094 0
1095 2
1096 2
1097 0
1098 0
1099 1
1100 1
1101 1
1102 1
1103 1
1104 1
1105 1
1106 0
1107 1
1108 1
1109 1
1110 1
1111 0
1112 0
1113 1
1114 1
1115 1
1116 1
1117 1
1118 1
1119 1
1120 1
1121 1
1122 0
1123 1
1124 1
1125 1
1126 1
1127 1
1128 0
1129 0
1130 0
1131 2
1132 1
1133 1
1134 1
1135 1
1136 2
1137 1
1138 1
1139 0
1140 1
1141 1
1142 2
1143 0
1144 2
1145 1
1146 2
1147 2
1148 2
1149 1
1150 1
1151 1
1152 1
1153 1
1154 1
1155 1
1156 1
1157 1
1158 1
1159 1
1160 1
1161 2
1162 1
1163 1
1164 1
1165 2
1166 1
1167 0
1168 1
1169 0
1170 2
1171 1
1172 1
1173 1
1174 0
1175 1
1176 1
1177 2
1178 2
1179 2
1180 0
1181 1
1182 1
1183 1
1184 1
1185 1
1186 0
1187 1
1188 1
1189 1
1190 1
1191 1
1192 1
1193 1
1194 1
1195 1
1196 1
1197 1
1198 1
1199 1
1200 0
1201 1
1202 1
1203 1
1204 1
1205 1
1206 0
1207 0
1208 1
1209 1
1210 0
1211 1
1212 0
1213 1
1214 0
1215 1
1216 0
1217 0
1218 1
1219 1
1220 0
1221 1
1222 0
1223 1
1224 1
1225 0
1226 0
1227 1
1228 0
1229 0
1230 1
1231 1
1232 0
1233 1
1234 1
1235 0
1236 0
1237 0
1238 1
1239 1
1240 0
1241 0
1242 0
1243 0
1244 1
1245 0
1246 2
1247 1
1248 1
1249 1
1250 1
1251 1
1252 0
1253 0
1254 1
1255 0
1256 1
1257 1
1258 0
1259 1
1260 1
1261 1
1262 1
1263 0
1264 0
1265 0
1266 1
1267 0
1268 1
1269 1
1270 0
1271 0
1272 1
1273 1
1274 1
1275 1
1276 1
1277 0
1278 1
1279 0
1280 0
1281 0
1282 1
1283 0
1284 1
1285 0
1286 1
1287 1
1288 1
1289 1
1290 0
1291 2
1292 1
1293 1
1294 0
1295 1
1296 1
1297 0
1298 0
1299 0
1300 1
1301 1
1302 1
1303 0
1304 0
1305 1
1306 1
1307 1
1308 1
1309 1
1310 1
1311 1
1312 1
1313 0
1314 1
1315 1
1316 1
1317 1
1318 1
1319 1
1320 1
1321 1
1322 0
1323 0
1324 1
1325 1
1326 0
1327 1
1328 1
1329 0
1330 0
1331 0
1332 0
1333 0
1334 1
1335 0
1336 0
1337 1
1338 1
1339 0
1340 1
1341 0
1342 1
1343 0
1344 0
1345 0
1346 1
1347 1
1348 1
1349 0
1350 0
1351 1
1352 0
1353 1
1354 1
1355 1
1356 0
1357 1
1358 1
1359 0
1360 1
1361 0
1362 1
1363 0
1364 0
1365 2
1366 0
1367 1
1368 1
1369 0
1370 1
1371 1
1372 0
1373 1
1374 1
1375 1
1376 1
1377 1
1378 1
1379 1
1380 0
1381 1
1382 1
1383 0
1384 1
1385 1
1386 1
1387 1
1388 1
1389 0
1390 1
1391 0
1392 1
1393 1
1394 1
1395 0
1396 0
1397 0
1398 1
1399 1
1400 1
1401 1
1402 1
1403 0
1404 1
1405 1
1406 0
1407 1
1408 0
1409 0
1410 0
1411 1
1412 1
1413 1
1414 1
1415 1
1416 2
1417 2
1418 0
1419 1
1420 1
1421 1
1422 1
1423 1
1424 1
1425 0
1426 1
1427 1
1428 1
1429 0
1430 1
1431 1
1432 1
1433 0
1434 0
1435 1
1436 1
1437 1
1438 1
1439 1
1440 1
1441 1
1442 0
1443 1
1444 1
1445 1
1446 0
1447 0
1448 1
1449 1
1450 0
1451 1
1452 2
1453 2
1454 1
1455 0
1456 2
1457 1
1458 0
1459 1
1460 1
1461 1
1462 0
1463 1
1464 0
1465 1
1466 1
1467 0
1468 0
1469 1
1470 1
1471 2
1472 0
1473 0
1474 1
1475 1
1476 1
1477 2
1478 1
1479 1
1480 0
1481 1
1482 1
1483 1
1484 0
1485 1
1486 1
1487 1
1488 1
1489 1
1490 1
1491 1
1492 1
1493 1
1494 1
1495 1
1496 1
1497 1
1498 1
1499 1
1500 0
1501 1
1502 1
1503 1
1504 0
1505 1
1506 1
1507 1
1508 1
1509 2
1510 1
1511 1
1512 1
1513 1
1514 2
1515 0
1516 0
1517 1
1518 1
1519 2
1520 1
1521 1
1522 0
1523 1
1524 0
1525 0
1526 0
1527 0
1528 1
1529 1
1530 0
1531 1
1532 1
1533 1
1534 0
1535 1
1536 1
1537 1
1538 1
1539 1
1540 1
1541 0
1542 1
1543 1
1544 1
1545 1
1546 1
1547 1
1548 1
1549 1
1550 1
1551 1
1552 1
1553 1
1554 1
1555 1
1556 0
1557 1
1558 1
1559 1
1560 1
1561 1
1562 0
1563 1
1564 1
1565 1
1566 2
1567 1
1568 1
1569 1
1570 1
1571 1
1572 1
1573 0
1574 1
1575 1
1576 1
1577 2
1578 1
1579 0
1580 1
1581 1
1582 1
1583 1
1584 1
1585 1
1586 2
1587 2
1588 0
1589 1
1590 1
1591 0
1592 0
1593 1
1594 1
1595 1
1596 1
1597 1
1598 1
1599 2
1600 0
1601 1
1602 0
1603 1
1604 1
1605 1
1606 1
1607 1
1608 1
1609 1
1610 1
1611 1
1612 1
1613 1
1614 2
1615 0
1616 0
1617 1
1618 2
1619 0
1620 1
1621 2
1622 2
1623 1
1624 1
1625 0
1626 1
1627 1
1628 1
1629 1
1630 0
1631 1
1632 1
1633 1
1634 1
1635 1
1636 1
1637 0
1638 0
1639 2
1640 0
1641 1
1642 1
1643 1
1644 0
1645 1
1646 1
1647 1
1648 1
1649 1
1650 0
1651 0
1652 1
1653 1
1654 1
1655 1
1656 1
1657 1
1658 0
1659 1
1660 0
1661 1
1662 1
1663 0
1664 0
1665 0
1666 0
1667 1
1668 0
1669 1
1670 2
1671 1
1672 1
1673 2
1674 1
1675 1
1676 1
1677 0
1678 0
1679 0
1680 1
1681 0
1682 0
1683 0
1684 0
1685 0
1686 0
1687 1
1688 0
1689 0
1690 1
1691 0
1692 1
1693 0
1694 0
1695 1
1696 1
1697 1
1698 0
1699 1
1700 1
1701 0
1702 1
1703 1
1704 0
1705 0
1706 0
1707 1
1708 1
1709 1
1710 0
1711 0
1712 0
1713 0
1714 1
1715 1
1716 1
1717 1
1718 1
1719 1
1720 1
1721 0
1722 1
1723 0
1724 0
1725 0
1726 0
1727 0
1728 0
1729 1
1730 0
1731 1
1732 1
1733 1
1734 1
1735 0
1736 0
1737 0
1738 0
1739 0
1740 0
1741 1
1742 0
1743 0
1744 0
1745 1
1746 1
1747 1
1748 1
1749 1
1750 0
1751 0
1752 0
1753 1
1754 0
1755 0
1756 1
1757 0
1758 0
1759 1
1760 1
1761 0
1762 1
1763 0
1764 1
1765 1
1766 1
1767 0
1768 0
1769 0
1770 0
1771 0
1772 0
1773 1
1774 0
1775 0
1776 0
1777 0
1778 0
1779 0
1780 0
1781 0
1782 1
1783 0
1784 0
1785 1
1786 0
1787 0
1788 0
1789 0
1790 1
1791 0
1792 0
1793 0
1794 0
1795 0
1796 0
1797 0
1798 0
1799 0
1800 0
1801 0
1802 0
1803 0
1804 0
1805 1
1806 1
1807 0
1808 1
1809 0
1810 0
1811 0
1812 0
1813 1
1814 1
1815 0
1816 0
1817 0
1818 0
1819 1
1820 0
1821 0
1822 0
1823 0
1824 1
1825 0
1826 0
1827 0
1828 0
1829 0
1830 0
1831 0
1832 0
1833 0
1834 1
1835 0
1836 1
1837 1
1838 1
1839 0
1840 0
1841 0
1842 0
1843 0
1844 0
1845 0
1846 1
1847 1
1848 0
1849 0
1850 0
1851 0
1852 0
1853 0
1854 1
1855 0
1856 0
1857 1
1858 0
1859 0
1860 0
1861 0
1862 1
1863 1
1864 1
1865 0
1866 0
1867 0
1868 0
1869 0
1870 1
1871 0
1872 0
1873 1
1874 0
1875 0
1876 0
1877 0
1878 0
1879 0
1880 0
1881 0
1882 0
1883 0
1884 1
1885 0
1886 0
1887 0
1888 0
1889 1
1890 1
1891 0
1892 1
1893 1
1894 1
1895 1
1896 1
1897 1
1898 0
1899 0
1900 1
1901 0
1902 0
1903 0
1904 0
1905 0
1906 0
1907 0
1908 0
1909 0
1910 0
1911 1
1912 1
1913 0
1914 0
1915 0
1916 0
1917 0
1918 0
1919 0
1920 0
1921 0
1922 0
1923 0
1924 1
1925 0
1926 1
1927 1
1928 1
1929 1
1930 1
1931 1
1932 0
1933 1
1934 1
1935 1
1936 1
1937 1
1938 1
1939 0
1940 0
1941 1
1942 1
1943 1
1944 1
1945 1
1946 1
1947 1
1948 0
1949 1
1950 0
1951 1
1952 1
1953 0
1954 1
1955 1
1956 0
1957 0
1958 1
1959 0
1960 0
1961 1
1962 1
1963 0
1964 0
1965 1
1966 0
1967 0
1968 0
1969 1
1970 0
1971 0
1972 0
1973 0
1974 1
1975 0
1976 0
1977 0
1978 0
1979 0
1980 0
1981 0
1982 0
1983 0
1984 0
1985 1
1986 1
1987 0
1988 0
1989 0
1990 0
1991 0
1992 1
1993 0
1994 0
1995 0
1996 0
1997 0
1998 1
1999 1
2000 0
2001 0
2002 0
2003 0
2004 0
2005 0
2006 0
2007 0
2008 0
2009 0
2010 0
2011 0
2012 0
2013 1
2014 0
2015 0
2016 0
2017 1
2018 0
2019 1
2020 0
2021 0
2022 1
2023 0
2024 0
2025 0
2026 0
2027 0
2028 0
2029 0
2030 1
2031 0
2032 1
2033 0
2034 0
2035 0
2036 1
2037 1
2038 0
2039 0
2040 0
2041 0
2042 0
2043 1
2044 0
2045 0
2046 0
2047 0
2048 0
2049 0
2050 0
2051 0
2052 0
2053 0
2054 0
2055 0
2056 1
2057 1
2058 1
2059 0
2060 0
2061 0
2062 1
2063 0
2064 1
2065 0
2066 1
2067 0
2068 0
2069 0
2070 0
2071 0
2072 1
2073 0
2074 1
2075 1
2076 0
2077 0
2078 0
2079 0
2080 0
2081 0
2082 1
2083 1
2084 1
2085 1
2086 1
2087 0
2088 0
2089 1
2090 0
2091 1
2092 0
2093 0
2094 0
2095 0
2096 1
2097 0
2098 1
2099 1
2100 0
2101 0
2102 1
2103 0
2104 1
2105 0
2106 0
2107 0
2108 1
2109 0
2110 0
2111 0
2112 1
2113 0
2114 1
2115 0
2116 0
2117 0
2118 0
2119 0
2120 0
2121 0
2122 0
2123 0
2124 0
2125 1
2126 0
2127 1
2128 0
2129 0
2130 0
2131 0
2132 0
2133 1
2134 1
2135 0
2136 0
2137 0
2138 0
2139 0
2140 0
2141 0
2142 1
2143 0
2144 0
2145 0
2146 0
2147 0
2148 1
2149 0
2150 0
2151 0
2152 0
2153 0
2154 0
2155 0
2156 1
2157 0
2158 0
2159 0
2160 0
2161 0
2162 1
2163 1
2164 0
2165 0
2166 1
2167 1
2168 0
2169 0
2170 0
2171 1
2172 1
2173 0
2174 0
2175 0
2176 0
2177 0
2178 0
2179 0
2180 1
2181 0
2182 0
2183 0
2184 0
2185 1
2186 0
2187 1
2188 1
2189 0
2190 1
2191 1
2192 0
2193 1
2194 0
2195 1
2196 1
2197 0
2198 0
2199 1
2200 1
2201 1
2202 1
2203 0
2204 1
2205 1
2206 0
2207 0
2208 1
2209 1
2210 0
2211 0
2212 1
2213 1
2214 1
2215 0
2216 1
2217 1
2218 0
2219 0
2220 0
2221 1
2222 0
2223 0
2224 0
2225 0
2226 0
2227 0
2228 0
2229 0
2230 0
2231 0
2232 0
2233 0
2234 0
2235 1
2236 0
2237 0
2238 0
2239 0
2240 0
2241 0
2242 1
2243 1
2244 1
2245 0
2246 1
2247 0
2248 0
2249 0
2250 1
2251 1
2252 0
2253 0
2254 1
2255 1
2256 0
2257 0
2258 0
2259 0
2260 0
2261 0
2262 0
2263 0
2264 0
2265 1
2266 1
2267 0
2268 0
2269 1
2270 0
2271 0
2272 0
2273 0
2274 1
2275 0
2276 0
2277 0
2278 0
2279 0
2280 0
2281 0
2282 0
2283 0
2284 0
2285 0
2286 0
2287 1
2288 0
2289 0
2290 0
2291 1
2292 1
2293 0
2294 0
2295 0
2296 0
2297 0
2298 1
2299 0
2300 1
2301 0
2302 1
2303 0
2304 0
2305 0
2306 1
2307 0
2308 0
2309 0
2310 0
2311 0
2312 1
2313 0
2314 1
2315 0
2316 0
2317 0
2318 0
2319 1
2320 0
2321 0
2322 0
2323 0
2324 0
2325 0
2326 0
2327 0
2328 0
2329 1
2330 0
2331 0
2332 0
2333 0
2334 0
2335 0
2336 0
2337 0
2338 0
2339 0
2340 0
2341 0
2342 1
2343 0
2344 0
2345 0
2346 0
2347 0
2348 0
2349 0
2350 0
2351 0
2352 0
2353 0
2354 1
2355 0
2356 0
2357 0
2358 0
2359 0
2360 0
2361 1
2362 0
2363 0
2364 0
2365 0
2366 0
2367 0
2368 0
2369 1
2370 0
2371 0
2372 0
2373 0
2374 0
2375 0
2376 0
2377 0
2378 0
2379 0
2380 1
2381 0
2382 1
2383 0
2384 0
2385 0
2386 1
2387 1
2388 1
2389 0
2390 0
2391 0
2392 0
2393 0
2394 0
2395 0
2396 0
2397 0
2398 0
2399 0
2400 1
2401 0
2402 0
2403 0
2404 1
2405 0
2406 0
2407 1
2408 1
2409 1
2410 0
2411 1
2412 0
2413 0
2414 0
2415 0
2416 1
2417 0
2418 0
2419 0
2420 0
2421 1
2422 0
2423 0
2424 0
2425 0
2426 1
2427 0
2428 1
2429 0
2430 0
2431 0
2432 0
2433 0
2434 0
2435 0
2436 0
2437 0
2438 0
2439 1
2440 1
2441 0
2442 0
2443 1
2444 0
2445 1
2446 0
2447 1
2448 0
2449 0
2450 0
2451 1
2452 0
2453 0
2454 0
2455 0
2456 0
2457 0
2458 0
2459 0
2460 0
2461 0
2462 0
2463 0
2464 0
2465 0
2466 0
2467 0
2468 0
2469 0
2470 1
2471 0
2472 0
2473 1
2474 0
2475 0
2476 0
2477 1
2478 0
2479 0
2480 0
2481 0
2482 0
2483 0
2484 0
2485 1
2486 0
2487 0
2488 1
2489 1
2490 0
2491 1
2492 1
2493 1
2494 1
2495 0
2496 0
2497 0
2498 0
2499 0
2500 0
2501 0
2502 0
2503 0
2504 0
2505 0
2506 1
2507 1
2508 0
2509 0
2510 0
2511 0
2512 1
2513 1
2514 0
2515 0
2516 0
2517 0
2518 1
2519 0
2520 0
2521 0
2522 0
2523 0
2524 0
2525 1
2526 0
2527 0
2528 1
2529 0
2530 0
2531 0
2532 0
2533 1
2534 0
2535 0
2536 0
2537 0
2538 0
2539 0
2540 0
2541 0
2542 1
2543 0
2544 0
2545 0
2546 0
2547 0
2548 0
2549 0
2550 0
2551 0
2552 0
2553 1
2554 0
2555 0
2556 0
2557 1
2558 0
2559 0
2560 0
2561 0
2562 0
2563 1
2564 0
2565 0
2566 0
2567 1
2568 0
2569 0
2570 0
2571 0
2572 1
2573 0
2574 0
2575 0
2576 0
2577 0
2578 0
2579 0
2580 0
2581 0
2582 1
2583 1
2584 1
2585 0
2586 0
2587 0
2588 0
2589 1
2590 0
2591 1
2592 0
2593 1
2594 1
2595 0
2596 0
2597 1
2598 1
2599 1
2600 0
2601 1
2602 0
2603 0
2604 0
2605 1
2606 1
2607 0
2608 1
2609 0
2610 0
2611 0
2612 1
2613 0
2614 0
2615 0
2616 0
2617 0
2618 0
2619 0
2620 0
2621 0
2622 0
2623 0
2624 1
2625 1
2626 1
2627 1
2628 0
2629 0
2630 1
2631 1
2632 0
2633 0
2634 0
2635 0
2636 0
2637 0
2638 1
2639 1
2640 0
2641 0
2642 0
2643 0
2644 0
2645 1
2646 0
2647 1
2648 0
2649 0
2650 0
2651 0
2652 0
2653 0
2654 0
2655 0
2656 0
2657 0
2658 1
2659 1
2660 0
2661 0
2662 0
2663 0
2664 0
2665 0
2666 0
2667 0
2668 0
2669 1
2670 1
2671 0
2672 1
2673 0
2674 0
2675 1
2676 0
2677 0
2678 0
2679 1
2680 0
2681 0
2682 0
2683 0
2684 0
2685 0
2686 0
2687 0
2688 0
2689 0
2690 0
2691 1
2692 0
2693 0
2694 0
2695 0
2696 0
2697 0
2698 0
2699 0
2700 0
2701 0
2702 1
2703 1
2704 0
2705 0
2706 0
2707 1
2708 1
2709 0
2710 0
2711 0
2712 1
2713 0
2714 0
2715 0
2716 0
2717 1
2718 1
2719 0
2720 0
2721 0
2722 0
2723 0
2724 0
2725 0
2726 0
2727 0
2728 0
2729 0
2730 0
2731 0
2732 0
2733 0
2734 1
2735 1
2736 0
2737 0
2738 0
2739 0
2740 0
2741 0
2742 0
2743 0
2744 0
2745 0
2746 0
2747 0
2748 0
2749 0
2750 0
2751 1
2752 0
2753 0
2754 0
2755 0
2756 1
2757 1
2758 1
2759 0
2760 0
2761 0
2762 0
2763 1
2764 0
2765 0
2766 1
2767 1
2768 0
2769 0
2770 1
2771 1
2772 0
2773 0
2774 0
2775 0
2776 0
2777 0
2778 0
2779 0
2780 0
2781 0
2782 0
2783 0
2784 0
2785 0
2786 0
2787 1
2788 1
2789 0
2790 0
2791 0
2792 1
2793 0
2794 0
2795 1
2796 1
2797 0
2798 0
2799 1
2800 0
2801 0
2802 0
2803 0
2804 0
2805 0
2806 0
2807 1
2808 0
2809 1
2810 0
2811 0
2812 0
2813 0
2814 0
2815 1
2816 0
2817 1
2818 1
2819 0
2820 0
2821 0
2822 1
2823 1
2824 1
2825 0
2826 0
2827 0
2828 0
2829 0
2830 0
2831 0
2832 1
2833 0
2834 0
2835 0
2836 0
2837 0
2838 0
2839 1
2840 0
2841 1
2842 0
2843 0
2844 0
2845 0
2846 0
2847 1
2848 0
2849 0
2850 0
2851 0
2852 0
2853 0
2854 1
2855 0
2856 0
2857 0
2858 0
2859 0
2860 0
2861 0
2862 0
2863 0
2864 0
2865 0
2866 1
2867 0
2868 1
2869 0
2870 0
2871 0
2872 0
2873 0
2874 1
2875 1
2876 1
2877 1
2878 0
2879 0
2880 0
2881 0
2882 0
2883 0
2884 0
2885 0
2886 1
2887 1
2888 0
2889 0
2890 0
2891 0
2892 0
2893 0
2894 0
2895 0
2896 0
2897 0
2898 0
2899 0
2900 0
2901 0
2902 0
2903 0
2904 0
2905 0
2906 0
2907 0
2908 0
2909 0
2910 0
2911 0
2912 1
2913 0
2914 0
2915 0
2916 0
2917 0
2918 0
2919 0
2920 0
2921 1
2922 0
2923 0
2924 1
2925 0
2926 0
2927 0
2928 0
2929 0
2930 1
2931 0
2932 0
2933 0
2934 1
2935 0
2936 0
2937 0
2938 0
2939 0
2940 0
2941 1
2942 1
2943 0
2944 0
2945 0
2946 0
2947 0
2948 0
2949 0
2950 0
2951 1
2952 0
2953 0
2954 0
2955 0
2956 0
2957 0
2958 0
2959 0
2960 0
2961 0
2962 1
2963 0
2964 0
2965 0
2966 0
2967 0
2968 0
2969 0
2970 0
2971 0
2972 0
2973 0
2974 0
2975 0
2976 0
2977 0
2978 0
2979 1
2980 0
2981 0
2982 1
2983 0
2984 0
2985 1
2986 0
2987 0
2988 0
2989 0
2990 0
2991 0
2992 0
2993 0
2994 0
2995 0
2996 0
2997 0
2998 0
2999 1
3000 0
3001 0
3002 0
3003 0
3004 0
3005 0
3006 0
3007 0
3008 0
3009 0
3010 0
3011 0
3012 0
3013 0
3014 1
3015 0
3016 0
3017 0
3018 0
3019 0
3020 0
3021 0
3022 0
3023 0
3024 0
3025 0
3026 0
3027 0
3028 0
3029 0
3030 0
3031 0
3032 0
3033 0
3034 0
3035 0
3036 0
3037 0
3038 0
3039 0
3040 0
3041 0
3042 0
3043 0
3044 0
3045 1
3046 0
3047 0
3048 0
3049 0
3050 1
3051 0
3052 0
3053 0
3054 0
3055 0
3056 0
3057 0
3058 0
3059 0
3060 1
3061 0
3062 0
3063 0
3064 0
3065 0
3066 0
3067 0
3068 0
3069 0
3070 0
3071 0
3072 1
3073 0
3074 1
3075 0
3076 1
3077 1
3078 1
3079 0
3080 1
3081 0
3082 0
3083 0
3084 0
3085 0
3086 0
3087 1
3088 0
3089 0
3090 0
3091 0
3092 0
3093 0
3094 0
3095 0
3096 0
3097 0
3098 0
3099 0
3100 0
3101 0
3102 0
3103 0
3104 0
3105 0
3106 0
3107 0
3108 0
3109 0
3110 0
3111 1
3112 0
3113 1
3114 1
3115 0
3116 0
3117 0
3118 0
3119 0
3120 0
3121 0
3122 0
3123 0
3124 0
3125 1
3126 0
3127 1
3128 0
3129 0
3130 0
3131 0
3132 0
3133 1
3134 0
3135 0
3136 0
3137 0
3138 0
3139 0
3140 0
3141 0
3142 0
3143 1
3144 0
3145 0
3146 0
3147 0
3148 1
3149 0
3150 0
3151 0
3152 0
3153 0
3154 0
3155 0
3156 0
3157 0
3158 0
3159 0
3160 1
3161 0
3162 1
3163 1
3164 0
3165 0
3166 0
3167 0
3168 0
3169 0
3170 0
3171 1
3172 0
3173 0
3174 0
3175 0
3176 0
3177 1
3178 0
3179 0
3180 1
3181 0
3182 0
3183 1
3184 0
3185 0
3186 0
3187 1
3188 0
3189 0
3190 0
3191 0
3192 0
3193 0
3194 0
3195 0
3196 0
3197 0
3198 0
3199 0
3200 0
3201 0
3202 0
3203 1
3204 0
3205 1
3206 0
3207 0
3208 0
3209 0
3210 0
3211 0
3212 0
3213 0
3214 0
3215 0
3216 0
3217 0
3218 0
3219 0
3220 0
3221 1
3222 1
3223 0
3224 0
3225 1
3226 1
3227 1
3228 1
3229 1
3230 0
3231 0
3232 0
3233 1
3234 0
3235 0
3236 0
3237 0
3238 0
3239 0
3240 0
3241 0
3242 1
3243 0
3244 0
3245 0
3246 1
3247 0
3248 0
3249 0
3250 0
3251 1
3252 1
3253 1
3254 0
3255 1
3256 0
3257 0
3258 1
3259 0
3260 0
3261 0
3262 1
3263 0
3264 0
3265 0
3266 0
3267 0
3268 0
3269 0
3270 0
3271 1
3272 1
3273 0
3274 1
3275 0
3276 0
3277 1
3278 1
3279 1
3280 0
3281 0
3282 0
3283 1
3284 0
3285 1
3286 0
3287 0
3288 0
3289 0
3290 0
3291 0
3292 0
3293 0
3294 1
3295 1
3296 0
3297 1
3298 0
3299 0
3300 0
3301 0
3302 0
3303 0
3304 0
3305 0
3306 0
3307 0
3308 0
3309 0
3310 0
3311 1
3312 0
3313 0
3314 0
3315 0
3316 0
3317 0
3318 1
3319 0
3320 0
3321 0
3322 0
3323 0
3324 0
3325 0
3326 0
3327 0
3328 0
3329 0
3330 0
3331 0
3332 0
3333 0
3334 1
3335 0
3336 0
3337 0
3338 1
3339 0
3340 0
3341 1
3342 0
3343 0
3344 0
3345 0
3346 1
3347 0
3348 1
3349 0
3350 1
3351 0
3352 0
3353 0
3354 0
3355 0
3356 1
3357 1
3358 1
3359 0
3360 0
3361 1
3362 1
3363 1
3364 1
3365 0
3366 1
3367 0
3368 1
3369 0
3370 0
3371 1
3372 0
3373 0
3374 1
3375 0
3376 1
3377 1
3378 0
3379 0
3380 0
3381 1
3382 0
3383 1
3384 0
3385 0
3386 1
3387 1
3388 1
3389 1
3390 1
3391 0
3392 1
3393 1
3394 1
3395 2
3396 1
3397 1
3398 0
3399 1
3400 0
3401 1
3402 1
3403 0
3404 1
3405 0
3406 1
3407 1
3408 1
3409 0
3410 1
3411 2
3412 2
3413 0
3414 1
3415 1
3416 2
3417 1
3418 0
3419 0
3420 2
3421 0
3422 0
3423 2
3424 1
3425 1
3426 2
3427 2
3428 0
3429 0
3430 1
3431 0
3432 0
3433 0
3434 1
3435 1
3436 1
3437 2
3438 2
3439 1
3440 0
3441 1
3442 0
3443 1
3444 2
3445 0
3446 1
3447 1
3448 1
3449 1
3450 1
3451 1
3452 1
3453 0
3454 1
3455 0
3456 1
3457 1
3458 1
3459 0
3460 1
3461 1
3462 1
3463 1
3464 0
3465 0
3466 1
3467 0
3468 0
3469 1
3470 0
3471 0
3472 0
3473 1
3474 1
3475 0
3476 1
3477 1
3478 0
3479 0
3480 1
3481 0
3482 0
3483 0
3484 0
3485 0
3486 1
3487 1
3488 1
3489 1
3490 1
3491 0
3492 1
3493 1
3494 0
3495 1
3496 1
3497 1
3498 0
3499 0
3500 1
3501 1
3502 2
3503 1
3504 1
3505 1
3506 1
3507 1
3508 2
3509 1
3510 1
3511 0
3512 1
3513 1
3514 0
3515 1
3516 1
3517 1
3518 1
3519 1
3520 1
3521 0
3522 0
3523 1
3524 1
3525 0
3526 1
3527 1
3528 0
3529 1
3530 0
3531 1
3532 0
3533 1
3534 0
3535 0
3536 0
3537 1
3538 1
3539 1
3540 0
3541 1
3542 0
3543 1
3544 1
3545 1
3546 1
3547 1
3548 1
3549 1
3550 1
3551 1
3552 1
3553 1
3554 1
3555 1
3556 1
3557 1
3558 1
3559 1
3560 1
3561 1
3562 2
3563 1
3564 1
3565 1
3566 1
3567 1
3568 1
3569 0
3570 1
3571 1
3572 1
3573 1
3574 1
3575 1
3576 1
3577 1
3578 0
3579 1
3580 1
3581 1
3582 1
3583 0
3584 0
3585 1
3586 0
3587 1
3588 1
3589 1
3590 1
3591 1
3592 0
3593 1
3594 1
3595 1
3596 0
3597 1
3598 1
3599 1
3600 1
3601 1
3602 1
3603 0
3604 1
3605 0
3606 1
3607 1
3608 1
3609 1
3610 1
3611 0
3612 1
3613 1
3614 1
3615 1
3616 0
3617 1
3618 1
3619 1
3620 1
3621 1
3622 0
3623 1
3624 0
3625 0
3626 2
3627 2
3628 1
3629 2
3630 1
3631 1
3632 0
3633 1
3634 0
3635 0
3636 1
3637 1
3638 0
3639 1
3640 0
3641 1
3642 1
3643 1
3644 0
3645 1
3646 1
3647 1
3648 1
3649 0
3650 1
3651 1
3652 1
3653 1
3654 0
3655 1
3656 1
3657 0
3658 1
3659 0
3660 0
3661 1
3662 0
3663 1
3664 1
3665 1
3666 1
3667 1
3668 1
3669 1
3670 0
3671 1
3672 1
3673 1
3674 1
3675 1
3676 1
3677 1
3678 0
3679 1
3680 1
3681 1
3682 0
3683 0
3684 1
3685 0
3686 1
3687 1
3688 1
3689 1
3690 1
3691 0
3692 0
3693 1
3694 0
3695 1
3696 0
3697 1
3698 0
3699 1
3700 1
3701 1
3702 1
3703 1
3704 0
3705 1
3706 1
3707 1
3708 1
3709 1
3710 1
3711 0
3712 1
3713 1
3714 0
3715 1
3716 0
3717 0
3718 1
3719 0
3720 0
3721 1
3722 0
3723 0
3724 1
3725 1
3726 1
3727 1
3728 0
3729 0
3730 1
3731 1
3732 0
3733 0
3734 0
3735 1
3736 1
3737 1
3738 1
3739 1
3740 1
3741 1
3742 0
3743 0
3744 0
3745 0
3746 0
3747 0
3748 0
3749 1
3750 0
3751 1
3752 0
3753 1
3754 1
3755 0
3756 0
3757 1
3758 1
3759 1
3760 1
3761 1
3762 1
3763 1
3764 1
3765 1
3766 1
3767 1
3768 0
3769 0
3770 1
3771 1
3772 1
3773 1
3774 0
3775 1
3776 1
3777 0
3778 1
3779 1
3780 0
3781 1
3782 0
3783 1
3784 0
3785 1
3786 1
3787 1
3788 1
3789 0
3790 0
3791 0
3792 1
3793 1
3794 0
3795 1
3796 1
3797 2
3798 1
3799 0
3800 1
3801 1
3802 1
3803 1
3804 1
3805 1
3806 1
3807 0
3808 1
3809 1
3810 1
3811 1
3812 1
3813 1
3814 1
3815 1
3816 0
3817 1
3818 1
3819 1
3820 1
3821 1
3822 1
3823 1
3824 1
3825 1
3826 0
3827 0
3828 0
3829 1
3830 1
3831 0
3832 0
3833 1
3834 1
3835 1
3836 1
3837 0
3838 0
3839 1
3840 1
3841 1
3842 1
3843 1
3844 1
3845 0
3846 1
3847 1
3848 0
3849 1
3850 1
3851 1
3852 1
3853 1
3854 0
3855 0
3856 0
3857 1
3858 1
3859 0
3860 1
3861 1
3862 1
3863 1
3864 0
3865 1
3866 1
3867 0
3868 1
3869 0
3870 0
3871 1
3872 0
3873 1
3874 1
3875 1
3876 1
3877 2
3878 1
3879 1
3880 1
3881 1
3882 1
3883 0
3884 1
3885 1
3886 1
3887 1
3888 1
3889 0
3890 0
3891 0
3892 0
3893 0
3894 0
3895 1
3896 1
3897 1
3898 1
3899 1
3900 1
3901 1
3902 1
3903 1
3904 1
3905 1
3906 0
3907 1
3908 0
3909 1
3910 1
3911 0
3912 1
3913 1
3914 0
3915 1
3916 1
3917 1
3918 1
3919 1
3920 1
3921 1
3922 1
3923 1
3924 0
3925 1
3926 1
3927 1
3928 0
3929 1
3930 1
3931 0
3932 1
3933 1
3934 0
3935 1
3936 1
3937 0
3938 1
3939 1
3940 1
3941 1
3942 1
3943 0
3944 0
3945 1
3946 1
3947 0
3948 1
3949 0
3950 1
3951 0
3952 1
3953 1
3954 0
3955 1
3956 1
3957 0
3958 1
3959 1
3960 1
3961 1
3962 1
3963 1
3964 1
3965 1
3966 1
3967 0
3968 1
3969 0
3970 1
3971 1
3972 1
3973 1
3974 1
3975 1
3976 1
3977 1
3978 1
3979 1
3980 0
3981 0
3982 0
3983 0
3984 1
3985 1
3986 1
3987 0
3988 0
3989 0
3990 0
3991 2
3992 1
3993 0
3994 1
3995 1
3996 1
3997 1
3998 0
3999 0
4000 1
4001 1
4002 1
4003 1
4004 0
4005 1
4006 1
4007 1
4008 0
4009 1
4010 1
4011 1
4012 1
4013 1
4014 1
4015 1
4016 1
4017 0
4018 1
4019 1
4020 1
4021 2
4022 1
4023 2
4024 1
4025 1
4026 1
4027 1
4028 1
4029 1
4030 1
4031 1
4032 1
4033 2
4034 1
4035 1
4036 1
4037 1
4038 1
4039 0
4040 1
4041 1
4042 0
4043 0
4044 1
4045 1
4046 0
4047 1
4048 0
4049 1
4050 0
4051 1
4052 0
4053 0
4054 1
4055 1
4056 0
4057 0
4058 1
4059 1
4060 1
4061 1
4062 0
4063 0
4064 1
4065 1
4066 1
4067 1
4068 1
4069 1
4070 1
4071 1
4072 0
4073 0
4074 0
4075 0
4076 1
4077 0
4078 1
4079 1
4080 1
4081 0
4082 1
4083 1
4084 1
4085 1
4086 1
4087 0
4088 1
4089 1
4090 1
4091 1
4092 1
4093 1
4094 0
4095 1
4096 1
4097 1
4098 0
4099 1
4100 1
4101 0
4102 1
4103 1
4104 0
4105 1
4106 1
4107 0
4108 0
4109 0
4110 0
4111 0
4112 1
4113 1
4114 0
4115 1
4116 1
4117 0
4118 0
4119 0
4120 1
4121 0
4122 1
4123 0
4124 0
4125 1
4126 1
4127 1
4128 0
4129 0
4130 0
4131 0
4132 1
4133 0
4134 0
4135 0
4136 0
4137 1
4138 0
4139 0
4140 1
4141 1
4142 1
4143 1
4144 1
4145 1
4146 1
4147 1
4148 1
4149 1
4150 1
4151 1
4152 1
4153 1
4154 1
4155 0
4156 0
4157 1
4158 1
4159 1
4160 1
4161 1
4162 0
4163 0
4164 0
4165 0
4166 1
4167 0
4168 1
4169 0
4170 1
4171 0
4172 0
4173 1
4174 1
4175 0
4176 1
4177 0
4178 1
4179 1
4180 1
4181 0
4182 0
4183 1
4184 1
4185 1
4186 1
4187 1
4188 1
4189 1
4190 1
4191 1
4192 1
4193 0
4194 1
4195 1
4196 1
4197 0
4198 0
4199 1
4200 1
4201 1
4202 1
4203 1
4204 1
4205 1
4206 1
4207 0
4208 1
4209 1
4210 1
4211 1
4212 1
4213 0
4214 1
4215 1
4216 1
4217 1
4218 0
4219 1
4220 1
4221 1
4222 1
4223 1
4224 1
4225 1
4226 1
4227 1
4228 0
4229 0
4230 1
4231 1
4232 1
4233 0
4234 1
4235 1
4236 1
4237 1
4238 1
4239 1
4240 2
4241 0
4242 0
4243 1
4244 1
4245 1
4246 1
4247 1
4248 0
4249 0
4250 1
4251 0
4252 0
4253 1
4254 1
4255 1
4256 1
4257 0
4258 2
4259 1
4260 1
4261 1
4262 1
4263 1
4264 1
4265 0
4266 1
4267 1
4268 1
4269 1
4270 0
4271 1
4272 2
4273 1
4274 1
4275 0
4276 1
4277 1
4278 1
4279 0
4280 1
4281 0
4282 1
4283 0
4284 0
4285 1
4286 1
4287 1
4288 1
4289 0
4290 2
4291 0
4292 2
4293 1
4294 1
4295 0
4296 1
4297 1
4298 1
4299 1
4300 1
4301 0
4302 1
4303 0
4304 1
4305 0
4306 1
4307 0
4308 1
4309 1
4310 0
4311 1
4312 1
4313 1
4314 1
4315 1
4316 1
4317 1
4318 1
4319 1
4320 1
4321 1
4322 1
4323 1
4324 1
4325 1
4326 1
4327 0
4328 1
4329 0
4330 1
4331 1
4332 1
4333 1
4334 1
4335 1
4336 0
4337 2
4338 1
4339 1
4340 0
4341 1
4342 1
4343 1
4344 1
4345 1
4346 0
4347 0
4348 0
4349 1
4350 1
4351 1
4352 1
4353 0
4354 0
4355 1
4356 0
4357 0
4358 1
4359 1
4360 1
4361 1
4362 1
4363 1
4364 0
4365 1
4366 0
4367 1
4368 0
4369 1
4370 1
4371 0
4372 0
4373 0
4374 0
4375 0
4376 1
4377 1
4378 0
4379 0
4380 0
4381 0
4382 0
4383 0
4384 0
4385 1
4386 1
4387 1
4388 1
4389 1
4390 1
4391 1
4392 1
4393 1
4394 0
4395 1
4396 1
4397 1
4398 0
4399 1
4400 1
4401 1
4402 1
4403 1
4404 0
4405 1
4406 0
4407 0
4408 1
4409 1
4410 1
4411 2
4412 1
4413 1
4414 1
4415 0
4416 1
4417 1
4418 1
4419 1
4420 1
4421 0
4422 1
4423 1
4424 1
4425 1
4426 1
4427 1
4428 1
4429 0
4430 1
4431 0
4432 0
4433 1
4434 1
4435 1
4436 1
4437 1
4438 1
4439 1
4440 1
4441 2
4442 1
4443 1
4444 0
4445 1
4446 1
4447 0
4448 1
4449 1
4450 1
4451 1
4452 1
4453 1
4454 1
4455 1
4456 1
4457 1
4458 1
4459 1
4460 0
4461 1
4462 1
4463 0
4464 0
4465 1
4466 1
4467 0
4468 0
4469 0
4470 1
4471 0
4472 1
4473 1
4474 1
4475 1
4476 1
4477 1
4478 1
4479 1
4480 1
4481 1
4482 1
4483 1
4484 1
4485 1
4486 0
4487 1
4488 0
4489 1
4490 1
4491 0
4492 1
4493 0
4494 0
4495 0
4496 0
4497 1
4498 1
4499 1
4500 1
4501 1
4502 1
4503 1
4504 1
4505 0
4506 0
4507 1
4508 1
4509 1
4510 1
4511 1
4512 1
4513 0
4514 0
4515 1
4516 1
4517 1
4518 1
4519 1
4520 0
4521 1
4522 1
4523 0
4524 1
4525 1
4526 1
4527 1
4528 1
4529 1
4530 1
4531 1
4532 0
4533 1
4534 0
4535 1
4536 1
4537 1
4538 0
4539 1
4540 0
4541 0
4542 0
4543 0
4544 0
4545 0
4546 1
4547 0
4548 1
4549 0
4550 1
4551 0
4552 1
4553 1
4554 1
4555 1
4556 1
4557 1
4558 1
4559 1
4560 0
4561 1
4562 1
4563 1
4564 1
4565 1
4566 1
4567 1
4568 1
4569 1
4570 1
4571 1
4572 0
4573 2
4574 2
4575 1
4576 0
4577 2
4578 1
4579 1
4580 1
4581 0
4582 0
4583 1
4584 1
4585 1
4586 0
4587 1
4588 0
4589 1
4590 0
4591 1
4592 0
4593 0
4594 1
4595 1
4596 1
4597 1
4598 1
4599 2
4600 1
4601 1
4602 2
4603 1
4604 0
4605 1
4606 1
4607 1
4608 0
4609 0
4610 1
4611 1
4612 1
4613 1
4614 1
4615 1
4616 1
4617 1
4618 1
4619 0
4620 1
4621 1
4622 1
4623 1
4624 1
4625 1
4626 1
4627 1
4628 0
4629 1
4630 0
4631 1
4632 1
4633 1
4634 1
4635 0
4636 0
4637 1
4638 1
4639 1
4640 1
4641 1
4642 0
4643 0
4644 0
4645 1
4646 0
4647 0
4648 0
4649 1
4650 0
4651 0
4652 1
4653 1
4654 1
4655 1
4656 2
4657 0
4658 1
4659 1
4660 1
4661 1
4662 1
4663 1
4664 1
4665 1
4666 1
4667 1
4668 1
4669 0
4670 1
4671 1
4672 0
4673 0
4674 1
4675 1
4676 0
4677 2
4678 1
4679 1
4680 1
4681 0
4682 1
4683 1
4684 0
4685 0
4686 1
4687 1
4688 1
4689 1
4690 1
4691 1
4692 1
4693 1
4694 1
4695 1
4696 1
4697 1
4698 1
4699 1
4700 1
4701 1
4702 1
4703 1
4704 1
4705 1
4706 1
4707 1
4708 1
4709 1
4710 1
4711 0
4712 2
4713 0
4714 0
4715 0
4716 1
4717 1
4718 1
4719 1
4720 1
4721 1
4722 1
4723 0
4724 1
4725 1
4726 0
4727 1
4728 0
4729 0
4730 1
4731 1
4732 1
4733 1
4734 2
4735 1
4736 1
4737 2
4738 1
4739 1
4740 1
4741 1
4742 1
4743 1
4744 1
4745 1
4746 1
4747 2
4748 0
4749 1
4750 1
4751 1
4752 1
4753 1
4754 1
4755 1
4756 1
4757 1
4758 0
4759 1
4760 0
4761 1
4762 1
4763 1
4764 1
4765 0
4766 1
4767 1
4768 1
4769 1
4770 1
4771 1
4772 1
4773 0
4774 0
4775 1
4776 0
4777 1
4778 1
4779 1
4780 0
4781 1
4782 0
4783 1
4784 0
4785 1
4786 0
4787 1
4788 1
4789 1
4790 1
4791 1
4792 2
4793 1
4794 1
4795 0
4796 0
4797 1
4798 1
4799 1
4800 1
4801 1
4802 1
4803 1
4804 1
4805 1
4806 1
4807 0
4808 0
4809 0
4810 0
4811 0
4812 1
4813 0
4814 1
4815 1
4816 1
4817 1
4818 1
4819 0
4820 1
4821 1
4822 2
4823 1
4824 1
4825 1
4826 1
4827 1
4828 1
4829 1
4830 0
4831 1
4832 1
4833 0
4834 2
4835 0
4836 1
4837 1
4838 1
4839 1
4840 1
4841 0
4842 1
4843 1
4844 1
4845 0
4846 1
4847 1
4848 1
4849 0
4850 1
4851 1
4852 1
4853 1
4854 1
4855 1
4856 1
4857 1
4858 1
4859 1
4860 1
4861 1
4862 1
4863 1
4864 1
4865 1
4866 1
4867 1
4868 1
4869 1
4870 1
4871 1
4872 1
4873 1
4874 1
4875 0
4876 0
4877 1
4878 1
4879 1
4880 0
4881 1
4882 0
4883 1
4884 1
4885 0
4886 1
4887 0
4888 1
4889 1
4890 2
4891 2
4892 1
4893 1
4894 0
4895 1
4896 1
4897 1
4898 2
4899 2
4900 1
4901 0
4902 1
4903 2
4904 1
4905 2
4906 1
4907 0
4908 1
4909 1
4910 2
4911 1
4912 1
4913 1
4914 0
4915 0
4916 0
4917 1
4918 0
4919 1
4920 1
4921 1
4922 1
4923 1
4924 1
4925 1
4926 0
4927 1
4928 1
4929 0
4930 1
4931 2
4932 0
4933 1
4934 2
4935 1
4936 0
4937 1
4938 1
4939 0
4940 1
4941 1
4942 1
4943 0
4944 1
4945 0
4946 1
4947 0
4948 1
4949 0
4950 1
4951 1
4952 1
4953 1
4954 1
4955 2
4956 1
4957 1
4958 1
4959 1
4960 1
4961 1
4962 1
4963 2
4964 0
4965 1
4966 2
4967 1
4968 1
4969 1
4970 1
4971 1
4972 2
4973 1
4974 1
4975 0
4976 1
4977 0
4978 0
4979 0
4980 1
4981 1
4982 1
4983 1
4984 1
4985 1
4986 1
4987 0
4988 1
4989 1
4990 1
4991 1
4992 1
4993 1
4994 1
4995 1
4996 0
4997 1
4998 0
4999 1
5000 2
5001 0
5002 1
5003 0
5004 1
5005 1
5006 0
5007 0
5008 1
5009 1
5010 0
5011 1
5012 1
5013 0
5014 1
5015 1
5016 1
5017 1
5018 1
5019 1
5020 1
5021 1
5022 1
5023 1
5024 1
5025 1
5026 1
5027 1
5028 1
5029 1
5030 1
5031 1
5032 1
5033 1
5034 1
5035 1
5036 2
5037 1
5038 1
5039 1
5040 1
5041 1
5042 1
5043 1
5044 1
5045 1
5046 0
5047 1
5048 1
5049 1
5050 1
5051 1
5052 0
5053 0
5054 1
5055 0
5056 0
5057 0
5058 1
5059 0
5060 0
5061 0
5062 1
5063 1
5064 0
5065 1
5066 1
5067 1
5068 1
5069 1
5070 1
5071 0
5072 1
5073 1
5074 1
5075 0
5076 1
5077 0
5078 1
5079 0
5080 1
5081 0
5082 0
5083 1
5084 0
5085 0
5086 1
5087 1
5088 0
5089 1
5090 0
5091 1
5092 1
5093 2
5094 1
5095 1
5096 1
5097 1
5098 1
5099 0
5100 2
5101 1
5102 1
5103 0
5104 1
5105 2
5106 1
5107 0
5108 1
5109 2
5110 0
5111 1
5112 0
5113 2
5114 1
5115 0
5116 1
5117 1
5118 0
5119 1
5120 1
5121 1
5122 0
5123 1
5124 1
5125 1
5126 0
5127 1
5128 1
5129 1
5130 1
5131 1
5132 1
5133 1
5134 1
5135 1
5136 0
5137 0
5138 1
5139 0
5140 0
5141 0
5142 1
5143 1
5144 1
5145 1
5146 0
5147 1
5148 1
5149 1
5150 0
5151 0
5152 0
5153 1
5154 1
5155 0
5156 0
5157 0
5158 1
5159 0
5160 1
5161 1
5162 2
5163 1
5164 0
5165 1
5166 0
5167 0
5168 1
5169 1
5170 1
5171 2
5172 0
5173 0
5174 1
5175 2
5176 2
5177 1
5178 1
5179 0
5180 2
5181 1
5182 0
5183 0
5184 1
5185 1
5186 1
5187 1
5188 1
5189 0
5190 1
5191 1
5192 0
5193 1
5194 1
5195 1
5196 0
5197 1
5198 1
5199 0
5200 0
5201 1
5202 1
5203 0
5204 1
5205 1
5206 1
5207 1
5208 1
5209 2
5210 1
5211 0
5212 0
5213 0
5214 1
5215 1
5216 1
5217 0
5218 1
5219 1
5220 1
5221 1
5222 0
5223 1
5224 0
5225 1
5226 1
5227 1
5228 1
5229 2
5230 1
5231 1
5232 1
5233 1
5234 1
5235 1
5236 1
5237 0
5238 2
5239 0
5240 1
5241 1
5242 1
5243 1
5244 1
5245 1
5246 0
5247 1
5248 0
5249 1
5250 1
5251 0
5252 2
5253 1
5254 1
5255 0
5256 1
5257 1
5258 1
5259 1
5260 0
5261 1
5262 2
5263 1
5264 0
5265 0
5266 0
5267 0
5268 1
5269 0
5270 1
5271 0
5272 1
5273 1
5274 0
5275 1
5276 1
5277 0
5278 0
5279 1
5280 2
5281 1
5282 0
5283 0
5284 1
5285 1
5286 1
5287 1
5288 0
5289 0
5290 1
5291 0
5292 1
5293 1
5294 1
5295 1
5296 1
5297 0
5298 1
5299 0
5300 1
5301 1
5302 0
5303 0
5304 1
5305 1
5306 1
5307 0
5308 0
5309 0
5310 1
5311 1
5312 0
5313 1
5314 1
5315 1
5316 1
5317 1
5318 0
5319 0
5320 1
5321 1
5322 1
5323 1
5324 1
5325 2
5326 1
5327 0
5328 1
5329 0
5330 1
5331 1
5332 1
5333 0
5334 1
5335 1
5336 1
5337 1
5338 1
5339 0
5340 1
5341 0
5342 1
5343 0
5344 1
5345 0
5346 0
5347 1
5348 2
5349 1
5350 1
5351 1
5352 0
5353 1
5354 1
5355 1
5356 0
5357 0
5358 0
5359 1
5360 1
5361 2
5362 1
5363 1
5364 1
5365 1
5366 0
5367 1
5368 1
5369 1
5370 1
5371 0
5372 0
5373 1
5374 1
5375 1
5376 1
5377 1
5378 0
5379 1
5380 1
5381 0
5382 1
5383 0
5384 0
5385 1
5386 2
5387 1
5388 1
5389 0
5390 1
5391 1
5392 2
5393 1
5394 1
5395 1
5396 0
5397 1
5398 1
5399 1
5400 1
5401 1
5402 1
5403 1
5404 1
5405 1
5406 0
5407 1
5408 1
5409 1
5410 1
5411 1
5412 0
5413 1
5414 0
5415 1
5416 0
5417 1
5418 2
5419 1
5420 0
5421 2
5422 1
5423 1
5424 1
5425 1
5426 1
5427 0
5428 1
5429 1
5430 2
5431 0
5432 1
5433 0
5434 1
5435 1
5436 2
5437 1
5438 0
5439 0
5440 1
5441 1
5442 1
5443 1
5444 1
5445 1
5446 1
5447 0
5448 1
5449 1
5450 1
5451 0
5452 0
5453 1
5454 1
5455 1
5456 0
5457 1
5458 0
5459 1
5460 0
5461 1
5462 1
5463 0
5464 0
5465 0
5466 0
5467 0
5468 1
5469 1
5470 2
5471 2
5472 1
5473 1
5474 1
5475 1
5476 0
5477 1
5478 1
5479 0
5480 0
5481 1
5482 0
5483 2
5484 1
5485 1
5486 0
5487 1
5488 0
5489 1
5490 1
5491 1
5492 1
5493 1
5494 1
5495 1
5496 0
5497 1
5498 1
5499 0
5500 1
5501 0
5502 1
5503 1
5504 1
5505 1
5506 1
5507 0
5508 1
5509 1
5510 1
5511 0
5512 1
5513 0
5514 0
5515 1
5516 1
5517 1
5518 1
5519 1
5520 1
5521 0
5522 0
5523 1
5524 0
5525 2
5526 0
5527 0
5528 1
5529 1
5530 1
5531 0
5532 1
5533 1
5534 1
5535 0
5536 0
5537 1
5538 1
5539 1
5540 1
5541 0
5542 1
5543 1
5544 1
5545 1
5546 1
5547 1
5548 1
5549 1
5550 1
5551 0
5552 0
5553 1
5554 0
5555 1
5556 1
5557 1
5558 1
5559 1
5560 1
5561 0
5562 0
5563 1
5564 1
5565 1
5566 1
5567 1
5568 1
5569 0
5570 0
5571 0
5572 1
5573 2
5574 1
5575 0
5576 0
5577 0
5578 0
5579 0
5580 1
5581 1
5582 1
5583 1
5584 1
5585 1
5586 1
5587 0
5588 1
5589 0
5590 1
5591 1
5592 1
5593 1
5594 1
5595 0
5596 1
5597 0
5598 1
5599 1
5600 1
5601 1
5602 1
5603 0
5604 2
5605 1
5606 1
5607 1
5608 1
5609 1
5610 0
5611 1
5612 1
5613 1
5614 1
5615 1
5616 1
5617 1
5618 0
5619 0
5620 1
5621 1
5622 0
5623 1
5624 0
5625 1
5626 2
5627 1
5628 1
5629 1
5630 1
5631 1
5632 1
5633 1
5634 1
5635 2
5636 1
5637 1
5638 0
5639 1
5640 0
5641 1
5642 1
5643 1
5644 1
5645 1
5646 1
5647 1
5648 0
5649 1
5650 1
5651 0
5652 1
5653 0
5654 1
5655 1
5656 0
5657 1
5658 0
5659 1
5660 0
5661 1
5662 0
5663 0
5664 0
5665 0
5666 1
5667 1
5668 1
5669 0
5670 1
5671 1
5672 1
5673 1
5674 1
5675 1
5676 1
5677 1
5678 1
5679 1
5680 1
5681 1
5682 1
5683 2
5684 1
5685 1
5686 1
5687 1
5688 1
5689 1
5690 1
5691 1
5692 0
5693 1
5694 1
5695 1
5696 1
5697 1
5698 1
5699 1
5700 1
5701 0
5702 1
5703 1
5704 0
5705 1
5706 1
5707 1
5708 1
5709 0
5710 1
5711 1
5712 1
5713 1
5714 1
5715 0
5716 1
5717 0
5718 1
5719 1
5720 1
5721 1
5722 1
5723 1
5724 1
5725 0
5726 1
5727 0
5728 1
5729 1
5730 1
5731 1
5732 0
5733 0
5734 2
5735 0
5736 1
5737 0
5738 1
5739 0
5740 1
5741 1
5742 1
5743 1
5744 1
5745 1
5746 1
5747 1
5748 0
5749 0
5750 1
5751 0
5752 1
5753 1
5754 1
5755 1
5756 1
5757 0
5758 1
5759 1
5760 1
5761 0
5762 1
5763 1
5764 1
5765 1
5766 1
5767 1
5768 0
5769 1
5770 1
5771 1
5772 1
5773 0
5774 0
5775 1
5776 1
5777 1
5778 1
5779 1
5780 1
5781 0
5782 0
5783 1
5784 1
5785 0
5786 0
5787 0
5788 1
5789 1
5790 1
5791 1
5792 1
5793 1
5794 0
5795 1
5796 0
5797 0
5798 0
5799 1
5800 1
5801 0
5802 1
5803 1
5804 1
5805 1
5806 1
5807 1
5808 0
5809 1
5810 1
5811 1
5812 1
5813 1
5814 1
5815 0
5816 1
5817 0
5818 1
5819 0
5820 0
5821 0
5822 1
5823 1
5824 1
5825 1
5826 1
5827 1
5828 1
5829 0
5830 1
5831 1
5832 1
5833 1
5834 1
5835 1
5836 0
5837 1
5838 1
5839 0
5840 0
5841 0
5842 1
5843 0
5844 1
5845 1
5846 1
5847 0
5848 1
5849 0
5850 0
5851 0
5852 0
5853 1
5854 0
5855 1
5856 1
5857 0
5858 1
5859 0
5860 1
5861 1
5862 0
5863 1
5864 0
5865 1
5866 1
5867 1
5868 0
5869 0
5870 1
5871 1
5872 1
5873 0
5874 1
5875 1
5876 0
5877 1
5878 1
5879 0
5880 1
5881 1
5882 0
5883 1
5884 1
5885 1
5886 0
5887 0
5888 1
5889 0
5890 0
5891 1
5892 1
5893 1
5894 1
5895 1
5896 1
5897 0
5898 1
5899 0
5900 0
5901 0
5902 1
5903 1
5904 0
5905 0
5906 1
5907 1
5908 1
5909 0
5910 1
5911 1
5912 1
5913 0
5914 1
5915 0
5916 0
5917 1
5918 0
5919 0
5920 0
5921 1
5922 0
5923 1
5924 0
5925 0
5926 1
5927 1
5928 0
5929 1
5930 0
5931 0
5932 1
5933 1
5934 0
5935 1
5936 1
5937 1
5938 1
5939 1
5940 1
5941 1
5942 1
5943 0
5944 1
5945 1
5946 1
5947 0
5948 0
5949 1
5950 1
5951 1
5952 1
5953 1
5954 0
5955 1
5956 0
5957 0
5958 0
5959 1
5960 0
5961 1
5962 1
5963 1
5964 1
5965 1
5966 0
5967 0
5968 1
5969 1
5970 1
5971 1
5972 1
5973 1
5974 1
5975 1
5976 0
5977 2
5978 1
5979 1
5980 1
5981 2
5982 1
5983 1
5984 1
5985 1
5986 1
5987 1
5988 1
5989 1
5990 1
5991 1
5992 0
5993 0
5994 1
5995 1
5996 0
5997 1
5998 0
5999 0
6000 1
6001 1
6002 0
6003 0
6004 1
6005 1
6006 1
6007 1
6008 0
6009 1
6010 1
6011 1
6012 1
6013 1
6014 0
6015 0
6016 1
6017 1
6018 1
6019 0
6020 0
6021 1
6022 1
6023 0
6024 1
6025 1
6026 1
6027 0
6028 0
6029 0
6030 1
6031 1
6032 1
6033 0
6034 0
6035 1
6036 1
6037 1
6038 2
6039 1
6040 2
6041 2
6042 1
6043 1
6044 2
6045 1
6046 1
6047 1
6048 2
6049 1
6050 1
6051 1
6052 1
6053 1
6054 1
6055 1
6056 1
6057 1
6058 0
6059 1
6060 1
6061 0
6062 1
6063 0
6064 1
6065 1
6066 1
6067 1
6068 1
6069 1
6070 1
6071 1
6072 1
6073 1
6074 1
6075 1
6076 1
6077 1
6078 1
6079 1
6080 0
6081 1
6082 0
6083 1
6084 1
6085 1
6086 0
6087 1
6088 1
6089 2
6090 1
6091 1
6092 1
6093 1
6094 1
6095 0
6096 1
6097 1
6098 1
6099 1
6100 1
6101 0
6102 1
6103 0
6104 1
6105 1
6106 0
6107 1
6108 1
6109 1
6110 1
6111 0
6112 1
6113 1
6114 1
6115 1
6116 1
6117 0
6118 1
6119 1
6120 1
6121 1
6122 1
6123 2
6124 1
6125 1
6126 1
6127 1
6128 1
6129 1
6130 1
6131 1
6132 0
6133 1
6134 0
6135 0
6136 0
6137 0
6138 0
6139 0
6140 1
6141 1
6142 0
6143 0
6144 1
6145 0
6146 0
6147 1
6148 0
6149 0
6150 0
6151 0
6152 1
6153 0
6154 0
6155 0
6156 0
6157 0
6158 1
6159 0
6160 1
6161 0
6162 1
6163 0
6164 1
6165 1
6166 1
6167 1
6168 1
6169 0
6170 1
6171 0
6172 0
6173 1
6174 0
6175 0
6176 0
6177 0
6178 1
6179 1
6180 1
6181 1
6182 0
6183 0
6184 0
6185 1
6186 0
6187 0
6188 1
6189 1
6190 1
6191 0
6192 1
6193 0
6194 1
6195 2
6196 1
6197 1
6198 1
6199 1
6200 1
6201 2
6202 1
6203 1
6204 2
6205 2
6206 0
6207 1
6208 0
6209 0
6210 1
6211 1
6212 1
6213 1
6214 1
6215 1
6216 0
6217 0
6218 1
6219 2
6220 1
6221 1
6222 0
6223 1
6224 1
6225 1
6226 0
6227 0
6228 1
6229 1
6230 0
6231 1
6232 2
6233 1
6234 1
6235 0
6236 0
6237 0
6238 1
6239 1
6240 1
6241 1
6242 0
6243 1
6244 1
6245 2
6246 1
6247 1
6248 1
6249 1
6250 1
6251 1
6252 0
6253 1
6254 1
6255 1
6256 0
6257 1
6258 1
6259 1
6260 1
6261 1
6262 1
6263 0
6264 1
6265 2
6266 0
6267 1
6268 1
6269 1
6270 1
6271 1
6272 1
6273 1
6274 1
6275 0
6276 1
6277 0
6278 1
6279 1
6280 1
6281 1
6282 1
6283 2
6284 0
6285 1
6286 1
6287 0
6288 0
6289 0
6290 1
6291 1
6292 1
6293 1
6294 1
6295 0
6296 0
6297 1
6298 1
6299 0
6300 1
6301 0
6302 0
6303 1
6304 1
6305 1
6306 0
6307 1
6308 1
6309 1
6310 1
6311 1
6312 0
6313 1
6314 0
6315 0
6316 1
6317 2
6318 0
6319 1
6320 1
6321 1
6322 1
6323 1
6324 1
6325 1
6326 1
6327 1
6328 1
6329 1
6330 1
6331 1
6332 0
6333 1
6334 1
6335 1
6336 1
6337 0
6338 1
6339 0
6340 0
6341 0
6342 1
6343 1
6344 1
6345 1
6346 0
6347 1
6348 1
6349 0
6350 1
6351 1
6352 1
6353 1
6354 1
6355 1
6356 1
6357 1
6358 1
6359 1
6360 1
6361 1
6362 2
6363 2
6364 1
6365 1
6366 1
6367 1
6368 1
6369 1
6370 0
6371 0
6372 1
6373 1
6374 1
6375 1
6376 1
6377 1
6378 1
6379 1
6380 1
6381 2
6382 1
6383 1
6384 0
6385 1
6386 1
6387 1
6388 1
6389 1
6390 1
6391 1
6392 1
6393 1
6394 1
6395 1
6396 0
6397 1
6398 0
6399 1
6400 0
6401 1
6402 1
6403 0
6404 1
6405 1
6406 0
6407 1
6408 0
6409 0
6410 0
6411 0
6412 0
6413 0
6414 0
6415 0
6416 0
6417 0
6418 1
6419 1
6420 0
6421 0
6422 0
6423 0
6424 0
6425 1
6426 1
6427 1
6428 0
6429 0
6430 1
6431 0
6432 0
6433 1
6434 1
6435 0
6436 1
6437 0
6438 0
6439 0
6440 1
6441 0
6442 0
6443 1
6444 0
6445 0
6446 1
6447 0
6448 1
6449 0
6450 1
6451 0
6452 1
6453 1
6454 1
6455 0
6456 0
6457 0
6458 0
6459 1
6460 0
6461 1
6462 0
6463 0
6464 0
6465 0
6466 0
6467 0
6468 0
6469 0
6470 0
6471 1
6472 0
6473 1
6474 0
6475 1
6476 0
6477 0
6478 0
6479 0
6480 0
6481 0
6482 0
6483 0
6484 0
6485 0
6486 1
6487 1
6488 0
6489 0
6490 0
6491 1
6492 0
6493 1
6494 0
6495 0
6496 0
6497 1
6498 0
6499 1
6500 1
6501 0
6502 0
6503 1
6504 0
6505 0
6506 0
6507 0
6508 0
6509 0
6510 0
6511 0
6512 0
6513 0
6514 1
6515 0
6516 0
6517 0
6518 0
6519 1
6520 0
6521 0
6522 0
6523 0
6524 0
6525 1
6526 0
6527 0
6528 0
6529 0
6530 0
6531 0
6532 0
6533 0
6534 0
6535 0
6536 0
6537 1
6538 0
6539 0
6540 1
6541 0
6542 1
6543 0
6544 0
6545 1
6546 0
6547 0
6548 1
6549 0
6550 0
6551 1
6552 0
6553 0
6554 0
6555 0
6556 0
6557 1
6558 0
6559 1
6560 0
6561 0
6562 0
6563 0
6564 0
6565 0
6566 0
6567 0
6568 0
6569 0
6570 0
6571 1
6572 0
6573 0
6574 0
6575 1
6576 1
6577 0
6578 0
6579 0
6580 1
6581 0
6582 0
6583 0
6584 0
6585 0
6586 0
6587 0
6588 0
6589 0
6590 0
6591 1
6592 0
6593 0
6594 1
6595 0
6596 0
6597 1
6598 0
6599 1
6600 1
6601 1
6602 0
6603 0
6604 0
6605 0
6606 0
6607 0
6608 0
6609 0
6610 1
6611 0
6612 0
6613 1
6614 0
6615 1
6616 0
6617 0
6618 1
6619 0
6620 0
6621 1
6622 0
6623 0
6624 0
6625 0
6626 0
6627 0
6628 0
6629 1
6630 0
6631 0
6632 0
6633 1
6634 1
6635 0
6636 0
6637 0
6638 0
6639 0
6640 0
6641 1
6642 0
6643 0
6644 0
6645 0
6646 0
6647 0
6648 0
6649 1
6650 0
6651 0
6652 1
6653 0
6654 0
6655 1
6656 1
6657 1
6658 0
6659 0
6660 1
6661 0
6662 0
6663 0
6664 0
6665 1
6666 0
6667 0
6668 1
6669 0
6670 0
6671 1
6672 0
6673 0
6674 0
6675 0
6676 1
6677 0
6678 1
6679 0
6680 0
6681 1
6682 0
6683 0
6684 0
6685 1
6686 0
6687 0
6688 1
6689 1
6690 0
6691 0
6692 0
6693 0
6694 1
6695 0
6696 0
6697 0
6698 0
6699 0
6700 0
6701 1
6702 0
6703 0
6704 0
6705 1
6706 1
6707 0
6708 0
6709 1
6710 0
6711 0
6712 0
6713 0
6714 0
6715 0
6716 0
6717 0
6718 0
6719 0
6720 1
6721 0
6722 0
6723 0
6724 1
6725 1
6726 0
6727 0
6728 0
6729 0
6730 0
6731 0
6732 0
6733 0
6734 0
6735 1
6736 0
6737 0
6738 1
6739 0
6740 0
6741 1
6742 1
6743 0
6744 1
6745 1
6746 0
6747 1
6748 0
6749 1
6750 1
6751 0
6752 0
6753 1
6754 0
6755 0
6756 0
6757 0
6758 1
6759 0
6760 1
6761 0
6762 1
6763 0
6764 0
6765 0
6766 0
6767 0
6768 0
6769 0
6770 0
6771 0
6772 0
6773 0
6774 0
6775 1
6776 1
6777 0
6778 0
6779 0
6780 0
6781 0
6782 1
6783 1
6784 0
6785 0
6786 0
6787 0
6788 0
6789 1
6790 1
6791 0
6792 0
6793 1
6794 0
6795 0
6796 0
6797 0
6798 0
6799 0
6800 0
6801 0
6802 1
6803 0
6804 0
6805 0
6806 0
6807 1
6808 0
6809 0
6810 1
6811 0
6812 0
6813 0
6814 0
6815 0
6816 0
6817 0
6818 1
6819 0
6820 0
6821 1
6822 1
6823 1
6824 1
6825 1
6826 1
6827 0
6828 1
6829 0
6830 1
6831 1
6832 0
6833 0
6834 0
6835 0
6836 0
6837 0
6838 0
6839 1
6840 1
6841 0
6842 1
6843 0
6844 0
6845 0
6846 0
6847 1
6848 0
6849 1
6850 0
6851 0
6852 1
6853 1
6854 1
6855 1
6856 1
6857 0
6858 1
6859 1
6860 1
6861 1
6862 0
6863 0
6864 0
6865 0
6866 0
6867 0
6868 0
6869 0
6870 0
6871 0
6872 0
6873 0
6874 1
6875 0
6876 1
6877 0
6878 0
6879 0
6880 0
6881 0
6882 0
6883 0
6884 0
6885 0
6886 0
6887 0
6888 0
6889 0
6890 0
6891 0
6892 0
6893 1
6894 0
6895 0
6896 0
6897 1
6898 1
6899 0
6900 1
6901 1
6902 0
6903 1
6904 1
6905 1
6906 0
6907 1
6908 0
6909 0
6910 0
6911 0
6912 0
6913 0
6914 1
6915 0
6916 0
6917 1
6918 1
6919 0
6920 0
6921 0
6922 0
6923 0
6924 1
6925 0
6926 0
6927 0
6928 0
6929 0
6930 0
6931 0
6932 1
6933 1
6934 0
6935 0
6936 0
6937 1
6938 1
6939 0
6940 0
6941 0
6942 1
6943 1
6944 1
6945 1
6946 0
6947 1
6948 1
6949 0
6950 0
6951 0
6952 0
6953 1
6954 0
6955 0
6956 0
6957 0
6958 1
6959 0
6960 0
6961 0
6962 1
6963 1
6964 0
6965 0
6966 0
6967 0
6968 0
6969 0
6970 0
6971 1
6972 0
6973 0
6974 0
6975 0
6976 0
6977 1
6978 0
6979 0
6980 1
6981 1
6982 1
6983 1
6984 0
6985 0
6986 0
6987 0
6988 1
6989 0
6990 0
6991 0
6992 0
6993 0
6994 0
6995 0
6996 1
6997 0
6998 0
6999 0
7000 0
7001 0
7002 0
7003 0
7004 0
7005 1
7006 0
7007 0
7008 0
7009 0
7010 0
7011 0
7012 0
7013 1
7014 0
7015 0
7016 0
7017 0
7018 1
7019 0
7020 0
7021 0
7022 0
7023 0
7024 0
7025 0
7026 0
7027 0
7028 0
7029 0
7030 0
7031 0
7032 0
7033 0
7034 0
7035 0
7036 0
7037 0
7038 0
7039 1
7040 0
7041 0
7042 1
7043 1
7044 0
7045 0
7046 0
7047 0
7048 0
7049 0
7050 0
7051 0
7052 0
7053 0
7054 1
7055 0
7056 0
7057 0
7058 0
7059 0
7060 1
7061 0
7062 1
7063 1
7064 1
7065 0
7066 0
7067 1
7068 0
7069 1
7070 1
7071 1
7072 0
7073 0
7074 1
7075 0
7076 0
7077 1
7078 0
7079 0
7080 0
7081 0
7082 1
7083 1
7084 1
7085 0
7086 0
7087 0
7088 1
7089 0
7090 1
7091 0
7092 1
7093 0
7094 0
7095 0
7096 0
7097 1
7098 0
7099 0
7100 0
7101 0
7102 1
7103 0
7104 0
7105 0
7106 0
7107 0
7108 0
7109 1
7110 1
7111 0
7112 1
7113 0
7114 0
7115 1
7116 0
7117 0
7118 0
7119 0
7120 0
7121 1
7122 1
7123 0
7124 0
7125 0
7126 0
7127 0
7128 0
7129 0
7130 0
7131 0
7132 0
7133 0
7134 1
7135 0
7136 0
7137 0
7138 1
7139 0
7140 0
7141 1
7142 0
7143 0
7144 0
7145 0
7146 0
7147 1
7148 1
7149 0
7150 0
7151 0
7152 0
7153 1
7154 1
7155 0
7156 0
7157 0
7158 0
7159 0
7160 0
7161 0
7162 0
7163 0
7164 0
7165 0
7166 0
7167 0
7168 0
7169 0
7170 1
7171 0
7172 0
7173 1
7174 0
7175 0
7176 0
7177 1
7178 0
7179 0
7180 0
7181 1
7182 0
7183 0
7184 1
7185 0
7186 1
7187 0
7188 1
7189 0
7190 0
7191 1
7192 0
7193 0
7194 0
7195 1
7196 1
7197 0
7198 0
7199 0
7200 0
7201 0
7202 0
7203 0
7204 1
7205 0
7206 0
7207 1
7208 0
7209 0
7210 0
7211 0
7212 1
7213 0
7214 0
7215 0
7216 0
7217 0
7218 1
7219 0
7220 0
7221 0
7222 0
7223 0
7224 0
7225 1
7226 0
7227 0
7228 0
7229 0
7230 0
7231 0
7232 0
7233 1
7234 0
7235 0
7236 0
7237 0
7238 0
7239 0
7240 0
7241 0
7242 1
7243 0
7244 0
7245 1
7246 0
7247 1
7248 1
7249 0
7250 0
7251 0
7252 1
7253 0
7254 0
7255 0
7256 0
7257 0
7258 0
7259 0
7260 0
7261 0
7262 1
7263 0
7264 1
7265 0
7266 0
7267 0
7268 0
7269 0
7270 0
7271 0
7272 0
7273 0
7274 0
7275 0
7276 0
7277 1
7278 0
7279 1
7280 0
7281 0
7282 0
7283 0
7284 0
7285 0
7286 0
7287 0
7288 0
7289 0
7290 1
7291 1
7292 0
7293 0
7294 0
7295 1
7296 1
7297 1
7298 0
7299 0
7300 0
7301 0
7302 0
7303 0
7304 0
7305 0
7306 1
7307 1
7308 0
7309 1
7310 0
7311 0
7312 1
7313 1
7314 0
7315 0
7316 1
7317 0
7318 0
7319 1
7320 0
7321 1
7322 0
7323 0
7324 1
7325 1
7326 1
7327 1
7328 1
7329 0
7330 1
7331 1
7332 1
7333 1
7334 1
7335 1
7336 1
7337 1
7338 0
7339 0
7340 1
7341 1
7342 1
7343 1
7344 1
7345 1
7346 1
7347 1
7348 1
7349 1
7350 1
7351 0
7352 0
7353 1
7354 0
7355 1
7356 1
7357 1
7358 1
7359 1
7360 1
7361 1
7362 1
7363 1
7364 1
7365 1
7366 1
7367 1
7368 1
7369 0
7370 1
7371 1
7372 1
7373 1
7374 1
7375 1
7376 1
7377 0
7378 0
7379 1
7380 1
7381 0
7382 0
7383 0
7384 1
7385 1
7386 1
7387 1
7388 0
7389 1
7390 1
7391 1
7392 1
7393 0
7394 1
7395 1
7396 1
7397 1
7398 1
7399 1
7400 1
7401 1
7402 1
7403 1
7404 1
7405 1
7406 0
7407 1
7408 1
7409 1
7410 1
7411 1
7412 0
7413 1
7414 2
7415 1
7416 1
7417 1
7418 1
7419 1
7420 0
7421 1
7422 0
7423 1
7424 1
7425 1
7426 1
7427 1
7428 1
7429 1
7430 0
7431 0
7432 1
7433 0
7434 1
7435 1
7436 0
7437 1
7438 1
7439 1
7440 1
7441 1
7442 1
7443 1
7444 1
7445 1
7446 1
7447 1
7448 1
7449 1
7450 0
7451 1
7452 0
7453 1
7454 1
7455 1
7456 1
7457 1
7458 1
7459 2
7460 0
7461 0
7462 0
7463 1
7464 1
7465 1
7466 1
7467 1
7468 1
7469 0
7470 1
7471 1
7472 1
7473 1
7474 0
7475 1
7476 1
7477 0
7478 1
7479 2
7480 1
7481 1
7482 1
7483 1
7484 1
7485 0
7486 0
7487 1
7488 1
7489 1
7490 1
7491 1
7492 1
7493 0
7494 0
7495 0
7496 1
7497 0
7498 0
7499 0
7500 1
7501 0
7502 1
7503 1
7504 0
7505 0
7506 0
7507 0
7508 0
7509 1
7510 0
7511 1
7512 0
7513 1
7514 1
7515 1
7516 0
7517 1
7518 0
7519 1
7520 1
7521 0
7522 1
7523 1
7524 1
7525 0
7526 1
7527 0
7528 2
7529 1
7530 1
7531 0
7532 0
7533 2
7534 0
7535 1
7536 0
7537 1
7538 1
7539 0
7540 1
7541 1
7542 0
7543 1
7544 1
7545 0
7546 1
7547 1
7548 0
7549 1
7550 1
7551 1
7552 2
7553 1
7554 0
7555 1
7556 0
7557 1
7558 1
7559 1
7560 1
7561 1
7562 1
7563 0
7564 1
7565 1
7566 1
7567 0
7568 2
7569 0
7570 0
7571 1
7572 1
7573 1
7574 2
7575 0
7576 0
7577 1
7578 1
7579 0
7580 1
7581 1
7582 1
7583 1
7584 2
7585 2
7586 1
7587 1
7588 0
7589 0
7590 1
7591 2
7592 2
7593 2
7594 1
7595 1
7596 1
7597 2
7598 2
7599 1
7600 1
7601 1
7602 0
7603 1
7604 1
7605 1
7606 1
7607 1
7608 1
7609 1
7610 1
7611 1
7612 0
7613 1
7614 1
7615 1
7616 1
7617 1
7618 1
7619 1
7620 1
7621 0
7622 1
7623 0
7624 1
7625 0
7626 0
7627 1
7628 0
7629 1
7630 1
7631 0
7632 2
7633 1
7634 1
7635 0
7636 2
7637 1
7638 2
7639 0
7640 1
7641 1
7642 1
7643 0
7644 0
7645 1
7646 0
7647 1
7648 1
7649 1
7650 0
7651 0
7652 1
7653 1
7654 1
7655 0
7656 0
7657 0
7658 0
7659 1
7660 1
7661 1
7662 0
7663 1
7664 2
7665 1
7666 2
7667 1
7668 1
7669 1
7670 1
7671 0
7672 1
7673 1
7674 1
7675 1
7676 1
7677 1
7678 1
7679 1
7680 0
7681 0
7682 1
7683 1
7684 1
7685 1
7686 0
7687 0
7688 0
7689 0
7690 0
7691 1
7692 0
7693 1
7694 0
7695 1
7696 1
7697 1
7698 1
7699 1
7700 1
7701 1
7702 1
7703 0
7704 0
7705 0
7706 1
7707 0
7708 1
7709 2
7710 1
7711 1
7712 2
7713 0
7714 2
7715 2
7716 1
7717 1
7718 1
7719 1
7720 1
7721 1
7722 1
7723 1
7724 1
7725 1
7726 1
7727 1
7728 0
7729 0
7730 2
7731 0
7732 1
7733 2
7734 0
7735 0
7736 1
7737 0
7738 2
7739 1
7740 2
7741 1
7742 1
7743 0
7744 1
7745 1
7746 1
7747 1
7748 1
7749 2
7750 1
7751 1
7752 1
7753 1
7754 1
7755 1
7756 2
7757 1
7758 0
7759 2
7760 0
7761 1
7762 2
7763 1
7764 1
7765 2
7766 1
7767 0
7768 1
7769 1
7770 1
7771 0
7772 1
7773 0
7774 2
7775 0
7776 0
7777 1
7778 2
7779 1
7780 1
7781 1
7782 1
7783 2
7784 1
7785 0
7786 1
7787 1
7788 1
7789 1
7790 1
7791 1
7792 1
7793 1
7794 1
7795 1
7796 1
7797 1
7798 2
7799 2
7800 1
7801 1
7802 0
7803 0
7804 1
7805 0
7806 0
7807 0
7808 1
7809 1
7810 1
7811 0
7812 0
7813 1
7814 1
7815 0
7816 0
7817 1
7818 1
7819 1
7820 2
7821 1
7822 0
7823 1
7824 1
7825 0
7826 0
7827 0
7828 1
7829 1
7830 1
7831 1
7832 1
7833 1
7834 1
7835 1
7836 0
7837 1
7838 1
7839 0
7840 1
7841 1
7842 0
7843 1
7844 2
7845 1
7846 1
7847 1
7848 0
7849 1
7850 0
7851 1
7852 0
7853 0
7854 0
7855 2
7856 1
7857 0
7858 1
7859 1
7860 1
7861 1
7862 1
7863 0
7864 1
7865 0
7866 2
7867 1
7868 1
7869 2
7870 0
7871 1
7872 1
7873 2
7874 1
7875 0
7876 0
7877 1
7878 0
7879 1
7880 1
7881 0
7882 0
7883 1
7884 1
7885 1
7886 1
7887 1
7888 1
7889 1
7890 1
7891 1
7892 1
7893 1
7894 1
7895 0
7896 0
7897 2
7898 0
7899 0
7900 1
7901 1
7902 1
7903 1
7904 1
7905 1
7906 1
7907 0
7908 2
7909 1
7910 1
7911 1
7912 1
7913 1
7914 0
7915 0
7916 1
7917 1
7918 1
7919 1
7920 0
7921 2
7922 1
7923 2
7924 1
7925 0
7926 1
7927 2
7928 1
7929 2
7930 2
7931 2
7932 1
7933 1
7934 1
7935 0
7936 1
7937 1
7938 1
7939 1
7940 1
7941 0
7942 2
7943 1
7944 0
7945 0
7946 1
7947 1
7948 1
7949 1
7950 0
7951 1
7952 1
7953 1
7954 1
7955 0
7956 1
7957 1
7958 2
7959 1
7960 0
7961 1
7962 1
7963 1
7964 1
7965 1
7966 0
7967 1
7968 1
7969 1
7970 1
7971 1
7972 1
7973 1
7974 1
7975 0
7976 0
7977 0
7978 1
7979 1
7980 0
7981 2
7982 0
7983 0
7984 2
7985 1
7986 1
7987 1
7988 1
7989 1
7990 1
7991 1
7992 2
7993 0
7994 0
7995 1
7996 1
7997 0
7998 0
7999 2
8000 2
8001 1
8002 0
8003 1
8004 1
8005 1
8006 1
8007 1
8008 1
8009 0
8010 0
8011 1
8012 1
8013 1
8014 0
8015 0
8016 1
8017 1
8018 1
8019 1
8020 0
8021 1
8022 1
8023 1
8024 1
8025 0
8026 1
8027 0
8028 0
8029 0
8030 1
8031 1
8032 1
8033 1
8034 1
8035 1
8036 0
8037 1
8038 1
8039 1
8040 1
8041 0
8042 0
8043 0
8044 1
8045 1
8046 1
8047 0
8048 1
8049 0
8050 1
8051 1
8052 1
8053 1
8054 0
8055 1
8056 0
8057 0
8058 1
8059 0
8060 1
8061 1
8062 1
8063 1
8064 1
8065 1
8066 1
8067 1
8068 2
8069 0
8070 1
8071 1
8072 2
8073 1
8074 1
8075 0
8076 1
8077 1
8078 1
8079 1
8080 0
8081 0
8082 0
8083 2
8084 0
8085 0
8086 1
8087 1
8088 1
8089 1
8090 1
8091 1
8092 1
8093 1
8094 1
8095 1
8096 0
8097 1
8098 1
8099 1
8100 2
8101 0
8102 1
8103 1
8104 1
8105 1
8106 1
8107 1
8108 0
8109 0
8110 1
8111 0
8112 0
8113 0
8114 2
8115 1
8116 1
8117 1
8118 1
8119 0
8120 0
8121 2
8122 1
8123 1
8124 0
8125 2
8126 1
8127 0
8128 0
8129 1
8130 0
8131 0
8132 1
8133 1
8134 1
8135 0
8136 0
8137 1
8138 1
8139 0
8140 1
8141 1
8142 0
8143 1
8144 1
8145 0
8146 1
8147 1
8148 0
8149 1
8150 1
8151 1
8152 0
8153 1
8154 0
8155 2
8156 1
8157 1
8158 0
8159 1
8160 1
8161 2
8162 1
8163 0
8164 1
8165 1
8166 1
8167 1
8168 1
8169 0
8170 1
8171 0
8172 1
8173 2
8174 1
8175 1
8176 1
8177 0
8178 1
8179 1
8180 2
8181 0
8182 1
8183 0
8184 1
8185 1
8186 1
8187 0
8188 0
8189 0
8190 0
8191 1
8192 1
8193 0
8194 1
8195 0
8196 1
8197 1
8198 1
8199 0
8200 1
8201 0
8202 1
8203 1
8204 2
8205 1
8206 1
8207 1
8208 1
8209 1
8210 1
8211 0
8212 0
8213 1
8214 1
8215 2
8216 0
8217 2
8218 1
8219 1
8220 1
8221 1
8222 2
8223 0
8224 0
8225 0
8226 0
8227 1
8228 1
8229 0
8230 1
8231 1
8232 0
8233 1
8234 2
8235 1
8236 1
8237 0
8238 1
8239 2
8240 1
8241 0
8242 1
8243 1
8244 1
8245 1
8246 1
8247 1
8248 0
8249 1
8250 1
8251 1
8252 1
8253 1
8254 0
8255 0
8256 0
8257 0
8258 2
8259 1
8260 0
8261 1
8262 0
8263 1
8264 0
8265 1
8266 1
8267 1
8268 1
8269 1
8270 0
8271 0
8272 1
8273 1
8274 1
8275 1
8276 1
8277 0
8278 0
8279 1
8280 1
8281 1
8282 0
8283 1
8284 0
8285 1
8286 1
8287 1
8288 0
8289 1
8290 0
8291 1
8292 1
8293 0
8294 1
8295 2
8296 1
8297 1
8298 1
8299 1
8300 1
8301 1
8302 0
8303 0
8304 1
8305 1
8306 1
8307 1
8308 2
8309 1
8310 1
8311 1
8312 1
8313 0
8314 0
8315 0
8316 1
8317 1
8318 1
8319 0
8320 0
8321 1
8322 1
8323 1
8324 1
8325 1
8326 1
8327 1
8328 1
8329 1
8330 0
8331 0
8332 0
8333 1
8334 0
8335 1
8336 0
8337 1
8338 1
8339 1
8340 1
8341 1
8342 1
8343 1
8344 1
8345 0
8346 0
8347 0
8348 1
8349 1
8350 1
8351 1
8352 1
8353 1
8354 1
8355 1
8356 1
8357 1
8358 0
8359 1
8360 1
8361 1
8362 0
8363 0
8364 2
8365 1
8366 1
8367 0
8368 0
8369 1
8370 1
8371 0
8372 0
8373 1
8374 1
8375 0
8376 1
8377 1
8378 0
8379 1
8380 1
8381 1
8382 1
8383 0
8384 0
8385 1
8386 1
8387 1
8388 0
8389 1
8390 1
8391 1
8392 1
8393 1
8394 1
8395 0
8396 1
8397 1
8398 0
8399 1
8400 1
8401 1
8402 1
8403 1
8404 0
8405 0
8406 0
8407 1
8408 0
8409 1
8410 1
8411 0
8412 1
8413 1
8414 1
8415 1
8416 0
8417 1
8418 1
8419 0
8420 1
8421 0
8422 1
8423 1
8424 0
8425 1
8426 1
8427 1
8428 1
8429 0
8430 0
8431 0
8432 1
8433 0
8434 1
8435 0
8436 1
8437 1
8438 1
8439 1
8440 1
8441 0
8442 1
8443 1
8444 1
8445 1
8446 1
8447 1
8448 1
8449 1
8450 1
8451 1
8452 1
8453 1
8454 2
8455 1
8456 0
8457 2
8458 0
8459 2
8460 1
8461 1
8462 1
8463 1
8464 1
8465 0
8466 0
8467 1
8468 1
8469 1
8470 0
8471 0
8472 1
8473 1
8474 0
8475 1
8476 0
8477 2
8478 1
8479 0
8480 1
8481 1
8482 1
8483 1
8484 1
8485 1
8486 1
8487 1
8488 1
8489 1
8490 1
8491 1
8492 0
8493 1
8494 1
8495 0
8496 1
8497 1
8498 1
8499 1
8500 1
8501 0
8502 2
8503 1
8504 1
8505 1
8506 1
8507 1
8508 1
8509 1
8510 0
8511 1
8512 1
8513 1
8514 1
8515 1
8516 1
8517 1
8518 2
8519 1
8520 0
8521 1
8522 1
8523 1
8524 1
8525 2
8526 1
8527 1
8528 0
8529 1
8530 1
8531 1
8532 1
8533 1
8534 0
8535 1
8536 1
8537 0
8538 1
8539 0
8540 0
8541 1
8542 1
8543 1
8544 1
8545 0
8546 1
8547 0
8548 1
8549 1
8550 0
8551 1
8552 1
8553 0
8554 1
8555 1
8556 1
8557 0
8558 0
8559 1
8560 0
8561 1
8562 0
8563 1
8564 1
8565 1
8566 0
8567 1
8568 1
8569 0
8570 1
8571 1
8572 1
8573 1
8574 2
8575 2
8576 1
8577 1
8578 1
8579 1
8580 1
8581 1
8582 1
8583 1
8584 0
8585 1
8586 0
8587 0
8588 1
8589 1
8590 1
8591 0
8592 2
8593 2
8594 1
8595 0
8596 1
8597 2
8598 1
8599 1
8600 1
8601 1
8602 0
8603 0
8604 2
8605 1
8606 0
8607 1
8608 0
8609 0
8610 0
8611 2
8612 1
8613 2
8614 1
8615 0
8616 0
8617 0
8618 1
8619 0
8620 1
8621 0
8622 0
8623 1
8624 1
8625 1
8626 1
8627 1
8628 1
8629 1
8630 1
8631 1
8632 1
8633 1
8634 1
8635 1
8636 1
8637 2
8638 0
8639 1
8640 1
8641 1
8642 1
8643 0
8644 1
8645 1
8646 0
8647 1
8648 1
8649 1
8650 1
8651 0
8652 1
8653 1
8654 1
8655 1
8656 0
8657 1
8658 0
8659 1
8660 1
8661 2
8662 2
8663 1
8664 0
8665 1
8666 1
8667 1
8668 0
8669 0
8670 1
8671 2
8672 1
8673 2
8674 1
8675 0
8676 1
8677 1
8678 1
8679 1
8680 1
8681 1
8682 1
8683 0
8684 0
8685 1
8686 1
8687 1
8688 1
8689 1
8690 1
8691 1
8692 1
8693 0
8694 0
8695 1
8696 1
8697 1
8698 1
8699 0
8700 1
8701 1
8702 0
8703 0
8704 1
8705 1
8706 0
8707 1
8708 3
8709 1
8710 1
8711 1
8712 1
8713 2
8714 0
8715 0
8716 1
8717 2
8718 1
8719 2
8720 2
8721 1
8722 2
8723 0
8724 1
8725 2
8726 0
8727 2
8728 1
8729 0
8730 2
8731 0
8732 1
8733 0
8734 1
8735 1
8736 0
8737 2
8738 1
8739 1
8740 2
8741 0
8742 0
8743 0
8744 1
8745 2
8746 1
8747 1
8748 1
8749 2
8750 1
8751 0
8752 1
8753 1
8754 1
8755 1
8756 0
8757 1
8758 0
8759 0
8760 0
8761 0
8762 1
8763 0
8764 2
8765 2
8766 1
8767 1
8768 1
8769 1
8770 2
8771 2
8772 0
8773 0
8774 1
8775 1
8776 0
8777 0
8778 0
8779 1
8780 1
8781 0
8782 0
8783 1
8784 0
8785 2
8786 1
8787 0
8788 1
8789 1
8790 0
8791 0
8792 1
8793 0
8794 1
8795 1
8796 1
8797 1
8798 1
8799 1
8800 1
8801 2
8802 0
8803 1
8804 1
8805 1
8806 0
8807 1
8808 1
8809 1
8810 1
8811 1
8812 1
8813 1
8814 0
8815 0
8816 1
8817 2
8818 1
8819 2
8820 1
8821 2
8822 2
8823 0
8824 0
8825 0
8826 1
8827 1
8828 1
8829 0
8830 0
8831 1
8832 1
8833 0
8834 0
8835 1
8836 1
8837 1
8838 1
8839 1
8840 1
8841 1
8842 0
8843 1
8844 1
8845 0
8846 0
8847 0
8848 1
8849 1
8850 1
8851 1
8852 1
8853 1
8854 1
8855 0
8856 0
8857 1
8858 1
8859 0
8860 0
8861 0
8862 1
8863 1
8864 1
8865 1
8866 0
8867 0
8868 1
8869 0
8870 0
8871 1
8872 1
8873 1
8874 0
8875 1
8876 0
8877 0
8878 1
8879 1
8880 2
8881 1
8882 0
8883 2
8884 0
8885 2
8886 1
8887 1
8888 1
8889 0
8890 1
8891 2
8892 1
8893 1
8894 1
8895 1
8896 1
8897 1
8898 1
8899 1
8900 0
8901 0
8902 0
8903 1
8904 1
8905 1
8906 0
8907 0
8908 1
8909 1
8910 0
8911 0
8912 0
8913 1
8914 1
8915 0
8916 1
8917 1
8918 2
8919 1
8920 2
8921 0
8922 1
8923 1
8924 2
8925 1
8926 0
8927 0
8928 1
8929 1
8930 1
8931 0
8932 1
8933 1
8934 1
8935 0
8936 1
8937 0
8938 0
8939 0
8940 1
8941 1
8942 0
8943 0
8944 1
8945 0
8946 1
8947 1
8948 0
8949 1
8950 1
8951 1
8952 1
8953 1
8954 0
8955 1
8956 1
8957 1
8958 2
8959 1
8960 1
8961 2
8962 0
8963 1
8964 1
8965 0
8966 1
8967 0
8968 1
8969 1
8970 1
8971 1
8972 1
8973 1
8974 1
8975 1
8976 0
8977 0
8978 1
8979 1
8980 1
8981 0
8982 2
8983 1
8984 1
8985 0
8986 0
8987 0
8988 1
8989 1
8990 1
8991 2
8992 1
8993 1
8994 0
8995 1
8996 1
8997 1
8998 1
8999 1
9000 1
9001 1
9002 1
9003 0
9004 1
9005 1
9006 0
9007 1
9008 2
9009 0
9010 2
9011 1
9012 0
9013 2
9014 1
9015 1
9016 1
9017 1
9018 1
9019 1
9020 1
9021 0
9022 1
9023 1
9024 2
9025 1
9026 1
9027 1
9028 0
9029 2
9030 0
9031 0
9032 1
9033 1
9034 0
9035 1
9036 2
9037 1
9038 2
9039 1
9040 1
9041 0
9042 1
9043 0
9044 0
9045 1
9046 0
9047 0
9048 1
9049 1
9050 1
9051 1
9052 1
9053 1
9054 1
9055 1
9056 0
9057 1
9058 1
9059 2
9060 1
9061 2
9062 2
9063 1
9064 1
9065 1
9066 1
9067 1
9068 1
9069 2
9070 1
9071 1
9072 0
9073 1
9074 1
9075 0
9076 1
9077 1
9078 0
9079 2
9080 1
9081 1
9082 1
9083 0
9084 1
9085 0
9086 1
9087 0
9088 0
9089 1
9090 1
9091 1
9092 1
9093 2
9094 0
9095 0
9096 1
9097 1
9098 0
9099 0
9100 2
9101 0
9102 0
9103 0
9104 1
9105 1
9106 0
9107 1
9108 1
9109 1
9110 1
9111 1
9112 1
9113 1
9114 0
9115 1
9116 1
9117 2
9118 1
9119 1
9120 1
9121 2
9122 1
9123 1
9124 1
9125 1
9126 1
9127 1
9128 1
9129 1
9130 0
9131 0
9132 1
9133 1
9134 1
9135 0
9136 1
9137 0
9138 1
9139 1
9140 1
9141 1
9142 0
9143 0
9144 1
9145 0
9146 1
9147 1
9148 0
9149 1
9150 1
9151 1
9152 1
9153 0
9154 1
9155 1
9156 1
9157 1
9158 1
9159 1
9160 1
9161 2
9162 1
9163 1
9164 0
9165 2
9166 1
9167 1
9168 1
9169 1
9170 0
9171 1
9172 2
9173 1
9174 1
9175 1
9176 2
9177 0
9178 1
9179 2
9180 1
9181 1
9182 1
9183 2
9184 1
9185 0
9186 1
9187 1
9188 1
9189 1
9190 1
9191 1
9192 1
9193 1
9194 1
9195 0
9196 0
9197 1
9198 1
9199 1
9200 2
9201 2
9202 0
9203 1
9204 1
9205 1
9206 0
9207 0
9208 1
9209 1
9210 1
9211 0
9212 0
9213 2
9214 1
9215 2
9216 2
9217 1
9218 1
9219 1
9220 0
9221 1
9222 1
9223 1
9224 1
9225 1
9226 1
9227 1
9228 1
9229 1
9230 1
9231 2
9232 1
9233 1
9234 0
9235 2
9236 2
9237 1
9238 1
9239 1
9240 1
9241 1
9242 0
9243 1
9244 2
9245 1
9246 1
9247 0
9248 1
9249 1
9250 0
9251 0
9252 1
9253 0
9254 1
9255 1
9256 0
9257 0
9258 0
9259 0
9260 1
9261 1
9262 1
9263 0
9264 1
9265 0
9266 1
9267 0
9268 1
9269 1
9270 1
9271 2
9272 1
9273 2
9274 1
9275 1
9276 1
9277 1
9278 1
9279 1
9280 0
9281 1
9282 1
9283 1
9284 1
9285 1
9286 1
9287 0
9288 1
9289 1
9290 1
9291 1
9292 0
9293 1
9294 0
9295 1
9296 1
9297 0
9298 0
9299 0
9300 1
9301 1
9302 1
9303 1
9304 1
9305 1
9306 1
9307 1
9308 1
9309 1
9310 1
9311 0
9312 2
9313 1
9314 1
9315 0
9316 2
9317 1
9318 1
9319 0
9320 0
9321 1
9322 1
9323 1
9324 1
9325 0
9326 1
9327 1
9328 0
9329 1
9330 1
9331 1
9332 0
9333 1
9334 1
9335 1
9336 1
9337 1
9338 1
9339 1
9340 0
9341 1
9342 1
9343 1
9344 1
9345 1
9346 1
9347 1
9348 1
9349 2
9350 1
9351 1
9352 1
9353 1
9354 1
9355 1
9356 1
9357 1
9358 1
9359 1
9360 0
9361 0
9362 1
9363 0
9364 1
9365 1
9366 1
9367 0
9368 1
9369 1
9370 1
9371 1
9372 1
9373 0
9374 1
9375 2
9376 1
9377 1
9378 1
9379 1
9380 0
9381 1
9382 1
9383 0
9384 1
9385 1
9386 1
9387 2
9388 0
9389 1
9390 0
9391 1
9392 0
9393 1
9394 1
9395 1
9396 1
9397 2
9398 1
9399 1
9400 1
9401 2
9402 1
9403 1
9404 2
9405 0
9406 1
9407 1
9408 2
9409 1
9410 1
9411 1
9412 0
9413 0
9414 0
9415 0
9416 0
9417 1
9418 1
9419 2
9420 0
9421 1
9422 1
9423 0
9424 1
9425 1
9426 1
9427 1
9428 1
9429 1
9430 0
9431 1
9432 1
9433 1
9434 1
9435 1
9436 0
9437 0
9438 0
9439 1
9440 1
9441 1
9442 1
9443 0
9444 0
9445 0
9446 1
9447 1
9448 1
9449 0
9450 1
9451 1
9452 0
9453 1
9454 1
9455 0
9456 1
9457 1
9458 1
9459 1
9460 1
9461 0
9462 1
9463 1
9464 1
9465 1
9466 1
9467 1
9468 1
9469 1
9470 0
9471 1
9472 0
9473 2
9474 0
9475 1
9476 1
9477 1
9478 1
9479 1
9480 1
9481 0
9482 2
9483 0
9484 0
9485 0
9486 1
9487 1
9488 1
9489 1
9490 1
9491 1
9492 1
9493 0
9494 2
9495 1
9496 1
9497 0
9498 1
9499 1
9500 1
9501 1
9502 1
9503 1
9504 1
9505 0
9506 0
9507 0
9508 2
9509 1
9510 0
9511 1
9512 1
9513 0
9514 1
9515 0
9516 2
9517 2
9518 1
9519 1
9520 1
9521 0
9522 1
9523 0
9524 1
9525 1
9526 2
9527 0
9528 0
9529 0
9530 1
9531 0
9532 1
9533 2
9534 1
9535 1
9536 0
9537 1
9538 1
9539 1
9540 1
9541 1
9542 0
9543 1
9544 1
9545 1
9546 2
9547 1
9548 0
9549 0
9550 1
9551 0
9552 1
9553 1
9554 1
9555 1
9556 1
9557 0
9558 1
9559 0
9560 1
9561 0
9562 1
9563 2
9564 0
9565 1
9566 1
9567 0
9568 1
9569 2
9570 0
9571 1
9572 1
9573 1
9574 0
9575 1
9576 1
9577 0
9578 0
9579 1
9580 2
9581 1
9582 0
9583 1
9584 1
9585 0
9586 1
9587 0
9588 1
9589 1
9590 1
9591 0
9592 1
9593 1
9594 2
9595 1
9596 1
9597 1
9598 0
9599 0
9600 1
9601 0
9602 1
9603 0
9604 0
9605 1
9606 1
9607 1
9608 0
9609 0
9610 1
9611 1
9612 1
9613 0
9614 1
9615 1
9616 1
9617 1
9618 0
9619 1
9620 1
9621 0
9622 1
9623 1
9624 0
9625 1
9626 1
9627 1
9628 0
9629 1
9630 2
9631 0
9632 1
9633 2
9634 1
9635 2
9636 2
9637 1
9638 1
9639 0
9640 2
9641 1
9642 1
9643 1
9644 2
9645 1
9646 1
9647 0
9648 1
9649 0
9650 1
9651 0
9652 1
9653 0
9654 1
9655 1
9656 1
9657 0
9658 1
9659 1
9660 0
9661 0
9662 1
9663 0
9664 0
9665 1
9666 1
9667 1
9668 1
9669 0
9670 1
9671 1
9672 1
9673 1
9674 0
9675 1
9676 1
9677 1
9678 1
9679 1
9680 1
9681 0
9682 1
9683 1
9684 1
9685 0
9686 0
9687 0
9688 1
9689 1
9690 1
9691 1
9692 1
9693 0
9694 0
9695 0
9696 1
9697 1
9698 0
9699 1
9700 0
9701 1
9702 1
9703 0
9704 1
9705 0
9706 1
9707 1
9708 0
9709 1
9710 1
9711 1
9712 1
9713 1
9714 1
9715 1
9716 2
9717 1
9718 1
9719 1
9720 1
9721 1
9722 1
9723 0
9724 1
9725 2
9726 1
9727 1
9728 0
9729 1
9730 1
9731 1
9732 1
9733 1
9734 1
9735 1
9736 1
9737 1
9738 0
9739 0
9740 1
9741 2
9742 1
9743 1
9744 1
9745 0
9746 0
9747 0
9748 1
9749 1
9750 1
9751 1
9752 1
9753 1
9754 1
9755 1
9756 1
9757 1
9758 0
9759 1
9760 1
9761 0
9762 1
9763 0
9764 0
9765 1
9766 1
9767 1
9768 1
9769 0
9770 0
9771 0
9772 1
9773 1
9774 1
9775 1
9776 2
9777 1
9778 0
9779 1
9780 0
9781 0
9782 1
9783 0
9784 1
9785 0
9786 0
9787 1
9788 1
9789 1
9790 1
9791 0
9792 1
9793 0
9794 1
9795 0
9796 1
9797 1
9798 1
9799 1
9800 1
9801 1
9802 1
9803 1
9804 1
9805 1
9806 1
9807 1
9808 0
9809 1
9810 1
9811 1
9812 1
9813 1
9814 1
9815 1
9816 1
9817 0
9818 1
9819 1
9820 1
9821 1
9822 1
9823 1
9824 1
9825 1
9826 1
9827 0
9828 0
9829 0
9830 0
9831 1
9832 1
9833 0
9834 1
9835 0
9836 1
9837 0
9838 1
9839 1
9840 1
9841 1
9842 1
9843 1
9844 1
9845 1
9846 1
9847 1
9848 0
9849 0
9850 0
9851 1
9852 1
9853 0
9854 0
9855 1
9856 1
9857 2
9858 1
9859 1
9860 1
9861 1
9862 1
9863 1
9864 1
9865 1
9866 0
9867 1
9868 0
9869 1
9870 0
9871 0
9872 0
9873 0
9874 1
9875 0
9876 0
9877 1
9878 1
9879 0
9880 0
9881 1
9882 1
9883 1
9884 0
9885 0
9886 0
9887 0
9888 1
9889 1
9890 1
9891 0
9892 1
9893 1
9894 1
9895 1
9896 1
9897 1
9898 0
9899 1
9900 1
9901 1
9902 1
9903 1
9904 1
9905 1
9906 1
9907 1
9908 2
9909 1
9910 1
9911 1
9912 1
9913 1
9914 0
9915 0
9916 1
9917 1
9918 1
9919 0
9920 0
9921 1
9922 1
9923 1
9924 1
9925 1
9926 1
9927 1
9928 0
9929 0
9930 1
9931 0
9932 0
9933 1
9934 1
9935 1
9936 0
9937 1
9938 0
9939 1
9940 0
9941 0
9942 1
9943 0
9944 0
9945 0
9946 1
9947 0
9948 1
9949 1
9950 0
9951 1
9952 1
9953 1
9954 1
9955 0
9956 1
9957 1
9958 1
9959 0
9960 1
9961 0
9962 1
9963 1
9964 0
9965 1
9966 1
9967 1
9968 1
9969 1
9970 1
9971 0
9972 1
9973 1
9974 1
9975 0
9976 1
9977 1
9978 1
9979 1
9980 1
9981 0
9982 2
9983 1
9984 0
9985 0
9986 1
9987 1
9988 2
9989 1
9990 1
9991 1
9992 0
9993 0
9994 0
9995 1
9996 0
9997 1
9998 1
9999 0
10000 0
10001 1
