1 0
2 1
3 0
4 0
5 1
6 1
7 0
8 0
9 0
10 0
11 0
12 0
13 1
14 1
15 1
16 2
17 1
18 1
19 2
20 1
21 1
22 1
23 2
24 2
25 1
26 0
27 0
28 1
29 2
30 2
31 1
32 2
33 1
34 1
35 3
36 2
37 1
38 1
39 1
40 1
41 0
42 1
43 0
44 0
45 0
46 0
47 0
48 0
49 0
50 0
51 1
52 1
53 1
54 1
55 0
56 0
57 0
58 0
59 0
60 0
61 0
62 0
63 0
64 0
65 0
66 0
67 0
68 0
69 0
70 0
71 0
72 0
73 0
74 0
75 0
76 1
77 0
78 0
79 0
80 0
81 0
82 0
83 0
84 0
85 0
86 0
87 1
88 0
89 0
90 0
91 2
92 2
93 2
94 1
95 1
96 1
97 1
98 0
99 0
100 0
101 0
102 0
103 1
104 1
105 2
106 2
107 2
108 1
109 2
110 3
111 2
112 1
113 2
114 0
115 2
116 1
117 2
118 2
119 1
120 2
121 1
122 1
123 2
124 1
125 1
126 2
127 2
128 0
129 1
130 2
131 2
132 2
133 1
134 1
135 1
136 1
137 3
138 1
139 3
140 1
141 1
142 2
143 3
144 0
145 2
146 1
147 0
148 0
149 0
150 0
151 0
152 0
153 0
154 0
155 0
156 0
157 0
158 0
159 0
160 0
161 1
162 1
163 2
164 1
165 2
166 1
167 1
168 2
169 0
170 1
171 1
172 2
173 3
174 2
175 1
176 2
177 1
178 1
179 2
180 1
181 2
182 1
183 0
184 0
185 0
186 1
187 1
188 1
189 1
190 1
191 1
192 0
193 0
194 0
195 0
196 0
197 0
198 0
199 0
200 0
201 1
202 1
203 1
204 0
205 0
206 0
207 0
208 0
209 1
210 0
211 2
212 2
213 1
214 2
215 0
216 0
217 0
218 0
219 0
220 0
221 0
222 0
223 0
224 0
225 0
226 0
227 1
228 0
229 0
230 0
231 0
232 1
233 0
234 0
235 2
236 0
237 1
238 0
239 0
240 1
241 0
242 1
243 0
244 0
245 0
246 1
247 0
248 0
249 0
250 1
251 0
252 0
253 0
254 0
255 0
256 0
257 0
258 0
259 0
260 0
261 0
262 0
263 1
264 1
265 1
266 0
267 1
268 0
269 0
270 0
271 1
272 0
273 0
274 0
275 0
276 1
277 0
278 0
279 0
280 0
281 0
282 0
283 0
284 1
285 0
286 0
287 0
288 0
289 0
290 0
291 0
292 0
293 0
294 0
295 0
296 0
297 0
298 0
299 0
300 0
301 0
302 0
303 0
304 0
305 0
306 0
307 0
308 0
309 0
310 0
311 0
312 0
313 0
314 0
315 0
316 0
317 0
318 0
319 0
320 0
321 0
322 0
323 0
324 1
325 0
326 0
327 0
328 0
329 1
330 0
331 1
332 0
333 0
334 0
335 1
336 1
337 0
338 0
339 0
340 0
341 0
342 0
343 0
344 0
345 1
346 1
347 1
348 2
349 1
350 2
351 1
352 2
353 1
354 1
355 1
356 2
357 2
358 1
359 0
360 3
361 1
362 0
363 1
364 1
365 2
366 2
367 2
368 2
369 1
370 2
371 0
372 2
373 1
374 1
375 3
376 2
377 2
378 2
379 2
380 1
381 1
382 0
383 3
384 1
385 2
386 2
387 1
388 1
389 1
390 1
391 2
392 1
393 1
394 1
395 1
396 1
397 3
398 2
399 1
400 1
401 2
402 0
403 2
404 1
405 2
406 2
407 1
408 2
409 0
410 1
411 1
412 0
413 1
414 1
415 1
416 0
417 1
418 0
419 1
420 2
421 2
422 2
423 0
424 1
425 1
426 3
427 1
428 1
429 1
430 1
431 1
432 1
433 2
434 0
435 1
436 0
437 2
438 0
439 1
440 2
441 1
442 1
443 2
444 2
445 1
446 1
447 2
448 2
449 1
450 2
451 1
452 2
453 2
454 3
455 1
456 1
457 2
458 3
459 2
460 2
461 3
462 2
463 2
464 3
465 1
466 2
467 2
468 2
469 3
470 2
471 0
472 0
473 0
474 1
475 1
476 2
477 1
478 1
479 2
480 1
481 1
482 2
483 1
484 1
485 1
486 0
487 1
488 2
489 1
490 2
491 1
492 2
493 0
494 1
495 2
496 2
497 1
498 1
499 1
500 2
501 1
502 1
503 2
504 2
505 0
506 1
507 1
508 2
509 1
510 0
511 1
512 2
513 1
514 0
515 1
516 1
517 1
518 0
519 0
520 0
521 0
522 0
523 0
524 0
525 0
526 1
527 0
528 1
529 1
530 0
531 0
532 0
533 0
534 1
535 0
536 0
537 1
538 1
539 1
540 0
541 1
542 1
543 0
544 0
545 0
546 1
547 2
548 1
549 1
550 2
551 1
552 2
553 2
554 1
555 2
556 1
557 1
558 1
559 2
560 0
561 2
562 1
563 1
564 1
565 2
566 1
567 2
568 2
569 0
570 2
571 1
572 2
573 0
574 1
575 1
576 1
577 1
578 2
579 0
580 1
581 1
582 2
583 2
584 1
585 1
586 1
587 1
588 1
589 1
590 0
591 2
592 0
593 1
594 2
595 1
596 2
597 2
598 2
599 1
600 1
601 1
602 2
603 2
604 0
605 1
606 2
607 1
608 2
609 1
610 1
611 2
612 1
613 1
614 1
615 2
616 1
617 1
618 1
619 2
620 1
621 1
622 2
623 2
624 1
625 2
626 1
627 2
628 1
629 2
630 1
631 0
632 2
633 1
634 1
635 2
636 1
637 0
638 0
639 2
640 1
641 2
642 2
643 2
644 2
645 3
646 2
647 1
648 2
649 2
650 0
651 2
652 2
653 0
654 1
655 1
656 1
657 1
658 2
659 1
660 1
661 1
662 2
663 1
664 2
665 2
666 1
667 1
668 2
669 0
670 1
671 1
672 2
673 1
674 2
675 1
676 2
677 2
678 3
679 1
680 1
681 1
682 3
683 2
684 1
685 1
686 1
687 0
688 2
689 1
690 1
691 1
692 0
693 0
694 0
695 0
696 0
697 0
698 0
699 0
700 0
701 1
702 1
703 1
704 0
705 1
706 0
707 0
708 2
709 2
710 1
711 1
712 2
713 1
714 1
715 1
716 3
717 1
718 1
719 1
720 1
721 2
722 2
723 2
724 3
725 2
726 1
727 1
728 2
729 2
730 1
731 0
732 0
733 2
734 1
735 1
736 0
737 2
738 2
739 0
740 2
741 0
742 1
743 2
744 2
745 1
746 1
747 3
748 2
749 2
750 2
751 0
752 2
753 0
754 1
755 0
756 1
757 1
758 1
759 1
760 2
761 1
762 0
763 2
764 0
765 0
766 0
767 1
768 0
769 0
770 1
771 1
772 1
773 1
774 0
775 1
776 1
777 0
778 1
779 0
780 0
781 1
782 0
783 0
784 2
785 1
786 2
787 2
788 1
789 2
790 0
791 2
792 1
793 1
794 2
795 2
796 2
797 2
798 2
799 1
800 1
801 1
802 2
803 1
804 2
805 2
806 1
807 3
808 2
809 2
810 2
811 1
812 2
813 2
814 1
815 2
816 2
817 2
818 2
819 2
820 1
821 1
822 1
823 1
824 1
825 1
826 0
827 1
828 1
829 0
830 1
831 1
832 2
833 1
834 1
835 2
836 1
837 1
838 2
839 0
840 1
841 2
842 0
843 1
844 2
845 2
846 2
847 1
848 0
849 0
850 3
851 1
852 2
853 2
854 2
855 0
856 0
857 1
858 2
859 2
860 2
861 1
862 2
863 2
864 1
865 1
866 1
867 1
868 1
869 2
870 1
871 1
872 1
873 1
874 1
875 1
876 2
877 2
878 1
879 2
880 2
881 1
882 0
883 2
884 2
885 1
886 1
887 0
888 2
889 1
890 3
891 0
892 1
893 2
894 2
895 2
896 2
897 1
898 1
899 1
900 2
901 2
902 2
903 2
904 1
905 1
906 1
907 2
908 2
909 1
910 1
911 2
912 1
913 2
914 2
915 3
916 1
917 1
918 1
919 3
920 1
921 2
922 2
923 0
924 0
925 1
926 1
927 0
928 1
929 1
930 2
931 1
932 2
933 1
934 2
935 1
936 0
937 1
938 2
939 2
940 1
941 0
942 3
943 0
944 1
945 2
946 1
947 0
948 2
949 0
950 1
951 1
952 2
953 2
954 2
955 2
956 1
957 2
958 2
959 1
960 1
961 1
962 1
963 2
964 1
965 2
966 2
967 1
968 2
969 2
970 1
971 1
972 3
973 1
974 1
975 2
976 2
977 2
978 2
979 1
980 3
981 1
982 1
983 2
984 1
985 1
986 2
987 2
988 0
989 2
990 2
991 3
992 2
993 0
994 1
995 0
996 1
997 1
998 1
999 1
1000 2
1001 3
1002 1
1003 1
1004 2
1005 2
1006 1
1007 0
1008 0
1009 2
1010 1
1011 2
1012 0
1013 2
1014 0
1015 2
1016 1
1017 2
1018 2
1019 2
1020 2
1021 1
1022 1
1023 1
1024 2
1025 2
1026 2
1027 2
1028 1
1029 1
1030 2
1031 1
1032 2
1033 0
1034 0
1035 0
1036 0
1037 0
1038 0
1039 0
1040 0
1041 0
1042 0
1043 0
1044 1
1045 0
1046 0
1047 0
1048 0
1049 0
1050 1
1051 0
1052 1
1053 0
1054 0
1055 1
1056 1
1057 0
1058 1
1059 1
1060 0
1061 1
1062 0
1063 0
1064 0
1065 1
1066 1
1067 1
1068 0
1069 0
1070 1
1071 0
1072 0
1073 0
1074 1
1075 0
1076 0
1077 0
1078 0
1079 1
1080 1
1081 0
1082 0
1083 1
1084 1
1085 0
1086 1
1087 0
1088 1
1089 0
1090 0
1091 0
1092 0
1093 1
1094 0
1095 1
1096 1
1097 1
1098 0
1099 0
1100 0
1101 1
1102 2
1103 2
1104 1
1105 1
1106 2
1107 3
1108 1
1109 0
1110 1
1111 0
1112 1
1113 1
1114 0
1115 2
1116 1
1117 2
1118 1
1119 1
1120 2
1121 1
1122 1
1123 2
1124 1
1125 1
1126 2
1127 1
1128 1
1129 2
1130 0
1131 2
1132 2
1133 1
1134 2
1135 1
1136 1
1137 1
1138 2
1139 2
1140 3
1141 2
1142 2
1143 0
1144 1
1145 0
1146 2
1147 2
1148 1
1149 3
1150 2
1151 1
1152 2
1153 1
1154 1
1155 1
1156 1
1157 1
1158 2
1159 1
1160 2
1161 2
1162 1
1163 1
1164 1
1165 1
1166 1
1167 0
1168 0
1169 0
1170 1
1171 0
1172 2
1173 2
1174 0
1175 2
1176 1
1177 1
1178 1
1179 1
1180 1
1181 1
1182 1
1183 2
1184 1
1185 1
1186 2
1187 1
1188 1
1189 2
1190 1
1191 1
1192 0
1193 0
1194 1
1195 1
1196 0
1197 0
1198 0
1199 1
1200 1
1201 0
1202 0
1203 1
1204 0
1205 1
1206 1
1207 1
1208 1
1209 1
1210 1
1211 0
1212 0
1213 0
1214 1
1215 0
1216 0
1217 0
1218 1
1219 1
1220 1
1221 1
1222 0
1223 0
1224 1
1225 0
1226 1
1227 0
1228 1
1229 1
1230 1
1231 1
1232 0
1233 1
1234 0
1235 0
1236 0
1237 0
1238 0
1239 1
1240 0
1241 1
1242 1
1243 0
1244 0
1245 1
1246 0
1247 1
1248 0
1249 0
1250 1
1251 0
1252 0
1253 0
1254 1
1255 0
1256 1
1257 0
1258 0
1259 0
1260 0
1261 0
1262 0
1263 0
1264 0
1265 0
1266 0
1267 1
1268 1
1269 1
1270 1
1271 1
1272 1
1273 0
1274 1
1275 0
1276 1
1277 1
1278 0
1279 0
1280 0
1281 1
1282 1
1283 0
1284 0
1285 1
1286 1
1287 0
1288 0
1289 0
1290 1
1291 1
1292 0
1293 0
1294 0
1295 0
1296 0
1297 1
1298 1
1299 0
1300 0
1301 0
1302 0
1303 1
1304 1
1305 0
1306 0
1307 0
1308 0
1309 1
1310 1
1311 0
1312 0
1313 0
1314 1
1315 0
1316 1
1317 1
1318 1
1319 0
1320 1
1321 0
1322 0
1323 0
1324 1
1325 1
1326 1
1327 1
1328 1
1329 1
1330 0
1331 0
1332 0
1333 1
1334 0
1335 1
1336 1
1337 0
1338 0
1339 1
1340 1
1341 1
1342 1
1343 1
1344 0
1345 1
1346 0
1347 0
1348 1
1349 1
1350 0
1351 0
1352 1
1353 0
1354 1
1355 0
1356 1
1357 1
1358 1
1359 1
1360 1
1361 0
1362 1
1363 1
1364 0
1365 1
1366 1
1367 0
1368 0
1369 0
1370 1
1371 1
1372 1
1373 1
1374 1
1375 0
1376 2
1377 0
1378 1
1379 0
1380 0
1381 0
1382 0
1383 0
1384 0
1385 0
1386 0
1387 0
1388 0
1389 0
1390 0
1391 0
1392 0
1393 1
1394 1
1395 1
1396 0
1397 0
1398 0
1399 0
1400 1
1401 0
1402 0
1403 1
1404 0
1405 1
1406 2
1407 2
1408 2
1409 2
1410 2
1411 0
1412 2
1413 1
1414 2
1415 1
1416 2
1417 2
1418 2
1419 1
1420 2
1421 2
1422 2
1423 0
1424 1
1425 2
1426 1
1427 0
1428 1
1429 1
1430 1
1431 2
1432 0
1433 1
1434 1
1435 0
1436 0
1437 1
1438 1
1439 2
1440 1
1441 1
1442 1
1443 1
1444 1
1445 2
1446 1
1447 0
1448 2
1449 2
1450 0
1451 2
1452 2
1453 1
1454 2
1455 1
1456 0
1457 1
1458 0
1459 0
1460 0
1461 0
1462 0
1463 0
1464 0
1465 0
1466 0
1467 1
1468 0
1469 0
1470 1
1471 0
1472 0
1473 1
1474 0
1475 0
1476 0
1477 1
1478 1
1479 0
1480 1
1481 1
1482 0
1483 0
1484 0
1485 1
1486 0
1487 0
1488 0
1489 0
1490 0
1491 2
1492 0
1493 1
1494 0
1495 1
1496 1
1497 0
1498 0
1499 0
1500 0
1501 0
1502 0
1503 0
1504 1
1505 1
1506 0
1507 1
1508 0
1509 0
1510 0
1511 1
1512 0
1513 0
1514 1
1515 0
1516 0
1517 0
1518 0
1519 0
1520 0
1521 0
1522 0
1523 0
1524 0
1525 0
1526 0
1527 0
1528 0
1529 0
1530 1
1531 0
1532 1
1533 0
1534 0
1535 0
1536 0
1537 0
1538 0
1539 0
1540 1
1541 0
1542 1
1543 0
1544 1
1545 0
1546 0
1547 0
1548 0
1549 0
1550 0
1551 0
1552 1
1553 1
1554 1
1555 1
1556 0
1557 1
1558 2
1559 1
1560 0
1561 0
1562 0
1563 0
1564 0
1565 0
1566 0
1567 0
1568 2
1569 0
1570 0
1571 0
1572 1
1573 0
1574 0
1575 0
1576 0
1577 1
1578 1
1579 0
1580 0
1581 1
1582 0
1583 1
1584 0
1585 0
1586 0
1587 1
1588 0
1589 0
1590 0
1591 0
1592 0
1593 0
1594 0
1595 3
1596 0
1597 1
1598 2
1599 0
1600 1
1601 2
1602 0
1603 1
1604 1
1605 0
1606 2
1607 2
1608 1
1609 2
1610 1
1611 0
1612 0
1613 0
1614 0
1615 0
1616 0
1617 0
1618 0
1619 0
1620 0
1621 0
1622 0
1623 0
1624 0
1625 0
1626 0
1627 0
1628 1
1629 1
1630 0
1631 0
1632 0
1633 0
1634 0
1635 0
1636 0
1637 0
1638 1
1639 0
1640 0
1641 0
1642 0
1643 0
1644 0
1645 0
1646 1
1647 0
1648 0
1649 0
1650 2
1651 0
1652 1
1653 0
1654 1
1655 0
1656 0
1657 0
1658 0
1659 0
1660 0
1661 1
1662 1
1663 1
1664 1
1665 1
1666 1
1667 0
1668 0
1669 0
1670 0
1671 0
1672 0
1673 0
1674 0
1675 0
1676 1
1677 1
1678 1
1679 0
1680 2
1681 1
1682 1
1683 1
1684 2
1685 1
1686 1
1687 2
1688 1
1689 1
1690 2
1691 1
1692 2
1693 1
1694 2
1695 1
1696 0
1697 2
1698 1
1699 2
1700 1
1701 1
1702 2
1703 1
1704 2
1705 1
1706 2
1707 0
1708 2
1709 0
1710 0
1711 0
1712 1
1713 0
1714 1
1715 0
1716 1
1717 1
1718 0
1719 0
1720 0
1721 0
1722 1
1723 0
1724 0
1725 0
1726 0
1727 0
1728 0
1729 0
1730 1
1731 0
1732 1
1733 1
1734 0
1735 0
1736 0
1737 1
1738 0
1739 1
1740 1
1741 2
1742 1
1743 0
1744 2
1745 1
1746 2
1747 0
1748 1
1749 1
1750 1
1751 1
1752 2
1753 1
1754 1
1755 2
1756 0
1757 1
1758 1
1759 1
1760 1
1761 1
1762 1
1763 1
1764 0
1765 1
1766 1
1767 2
1768 1
1769 1
1770 1
1771 1
1772 2
1773 0
1774 1
1775 2
1776 1
1777 0
1778 2
1779 1
1780 3
1781 1
1782 2
1783 1
1784 1
1785 0
1786 1
1787 2
1788 2
1789 1
1790 1
1791 1
1792 1
1793 2
1794 2
1795 1
1796 2
1797 1
1798 1
1799 1
1800 0
1801 2
1802 2
1803 2
1804 2
1805 2
1806 2
1807 1
1808 0
1809 2
1810 2
1811 1
1812 1
1813 2
1814 1
1815 2
1816 0
1817 1
1818 1
1819 1
1820 2
1821 1
1822 0
1823 1
1824 1
1825 1
1826 2
1827 2
1828 1
1829 1
1830 1
1831 0
1832 2
1833 0
1834 2
1835 2
1836 2
1837 1
1838 2
1839 2
1840 0
1841 1
1842 1
1843 2
1844 0
1845 1
1846 2
1847 2
1848 1
1849 2
1850 1
1851 2
1852 1
1853 1
1854 1
1855 3
1856 2
1857 2
1858 1
1859 1
1860 2
1861 2
1862 1
1863 2
1864 1
1865 1
1866 1
1867 2
1868 1
1869 2
1870 1
1871 1
1872 1
1873 0
1874 2
1875 2
1876 1
1877 2
1878 2
1879 2
1880 2
1881 2
1882 1
1883 2
1884 1
1885 2
1886 1
1887 1
1888 1
1889 1
1890 1
1891 2
1892 0
1893 0
1894 2
1895 3
1896 0
1897 2
1898 1
1899 1
1900 1
1901 1
1902 3
1903 2
1904 2
1905 1
1906 1
1907 2
1908 2
1909 2
1910 2
1911 1
1912 2
1913 1
1914 1
1915 2
1916 1
1917 1
1918 1
1919 1
1920 1
1921 1
1922 0
1923 1
1924 1
1925 0
1926 2
1927 1
1928 1
1929 2
1930 1
1931 1
1932 2
1933 0
1934 0
1935 1
1936 1
1937 2
1938 1
1939 1
1940 1
1941 2
1942 2
1943 2
1944 3
1945 2
1946 1
1947 1
1948 1
1949 1
1950 2
1951 3
1952 1
1953 0
1954 1
1955 1
1956 0
1957 1
1958 2
1959 1
1960 2
1961 1
1962 1
1963 1
1964 1
1965 1
1966 2
1967 1
1968 1
1969 1
1970 0
1971 0
1972 1
1973 1
1974 0
1975 0
1976 0
1977 2
1978 1
1979 1
1980 2
1981 2
1982 1
1983 1
1984 1
1985 0
1986 2
1987 1
1988 1
1989 1
1990 1
1991 2
1992 1
1993 2
1994 1
1995 2
1996 2
1997 0
1998 2
1999 1
2000 1
2001 1
2002 1
2003 1
2004 0
2005 0
2006 1
2007 1
2008 1
2009 1
2010 1
2011 1
2012 1
2013 0
2014 0
2015 0
2016 0
2017 0
2018 1
2019 0
2020 1
2021 2
2022 0
2023 0
2024 0
2025 0
2026 1
2027 1
2028 0
2029 1
2030 1
2031 0
2032 0
2033 0
2034 0
2035 0
2036 0
2037 0
2038 0
2039 0
2040 0
2041 1
2042 0
2043 0
2044 1
2045 0
2046 1
2047 0
2048 1
2049 0
2050 1
2051 1
2052 0
2053 1
2054 0
2055 0
2056 1
2057 0
2058 1
2059 1
2060 0
2061 2
2062 2
2063 1
2064 1
2065 0
2066 1
2067 1
2068 1
2069 1
2070 1
2071 2
2072 2
2073 0
2074 2
2075 1
2076 2
2077 2
2078 0
2079 1
2080 1
2081 1
2082 2
2083 1
2084 2
2085 1
2086 0
2087 1
2088 1
2089 2
2090 1
2091 1
2092 2
2093 1
2094 1
2095 1
2096 2
2097 2
2098 1
2099 0
2100 1
2101 2
2102 1
2103 0
2104 0
2105 0
2106 0
2107 2
2108 0
2109 0
2110 0
2111 0
2112 0
2113 0
2114 0
2115 0
2116 0
2117 0
2118 0
2119 0
2120 0
2121 0
2122 2
2123 0
2124 0
2125 0
2126 0
2127 1
2128 0
2129 0
2130 0
2131 1
2132 1
2133 0
2134 0
2135 0
2136 0
2137 1
2138 0
2139 1
2140 0
2141 0
2142 2
2143 1
2144 2
2145 1
2146 1
2147 1
2148 0
2149 0
2150 0
2151 0
2152 0
2153 0
2154 0
2155 0
2156 0
2157 1
2158 1
2159 0
2160 0
2161 1
2162 0
2163 1
2164 0
2165 0
2166 1
2167 0
2168 1
2169 2
2170 2
2171 2
2172 2
2173 0
2174 2
2175 0
2176 2
2177 2
2178 1
2179 0
2180 1
2181 2
2182 1
2183 1
2184 1
2185 2
2186 1
2187 2
2188 1
2189 2
2190 1
2191 1
2192 1
2193 2
2194 2
2195 1
2196 1
2197 1
2198 1
2199 2
2200 0
2201 2
2202 1
2203 0
2204 1
2205 2
2206 3
2207 2
2208 2
2209 1
2210 1
2211 3
2212 1
2213 1
2214 0
2215 1
2216 1
2217 1
2218 2
2219 1
2220 1
2221 2
2222 2
2223 1
2224 3
2225 1
2226 1
2227 1
2228 2
2229 0
2230 2
2231 2
2232 2
2233 1
2234 1
2235 1
2236 1
2237 1
2238 2
2239 2
2240 1
2241 1
2242 1
2243 0
2244 1
2245 1
2246 2
2247 1
2248 2
2249 1
2250 1
2251 2
2252 2
2253 1
2254 2
2255 1
2256 2
2257 2
2258 2
2259 1
2260 0
2261 1
2262 3
2263 2
2264 1
2265 1
2266 1
2267 3
2268 1
2269 1
2270 1
2271 1
2272 2
2273 1
2274 2
2275 2
2276 1
2277 1
2278 2
2279 0
2280 1
2281 1
2282 1
2283 2
2284 1
2285 2
2286 1
2287 1
2288 0
2289 1
2290 0
2291 1
2292 1
2293 1
2294 2
2295 2
2296 1
2297 1
2298 2
2299 2
2300 2
2301 1
2302 2
2303 2
2304 1
2305 1
2306 0
2307 0
2308 1
2309 1
2310 2
2311 1
2312 1
2313 2
2314 2
2315 2
2316 1
2317 1
2318 1
2319 1
2320 1
2321 2
2322 1
2323 2
2324 2
2325 2
2326 1
2327 1
2328 1
2329 1
2330 1
2331 1
2332 2
2333 1
2334 1
2335 0
2336 3
2337 1
2338 1
2339 2
2340 1
2341 0
2342 0
2343 1
2344 0
2345 0
2346 0
2347 0
2348 1
2349 0
2350 0
2351 0
2352 0
2353 0
2354 0
2355 0
2356 0
2357 0
2358 0
2359 0
2360 1
2361 1
2362 1
2363 2
2364 2
2365 1
2366 1
2367 2
2368 0
2369 1
2370 1
2371 1
2372 1
2373 1
2374 1
2375 2
2376 1
2377 1
2378 1
2379 1
2380 2
2381 1
2382 1
2383 0
2384 0
2385 2
2386 1
2387 1
2388 1
2389 2
2390 2
2391 2
2392 1
2393 0
2394 2
2395 2
2396 2
2397 0
2398 1
2399 2
2400 2
2401 1
2402 0
2403 2
2404 2
2405 1
2406 0
2407 1
2408 2
2409 2
2410 1
2411 2
2412 2
2413 2
2414 1
2415 1
2416 2
2417 2
2418 2
2419 1
2420 1
2421 1
2422 2
2423 1
2424 1
2425 1
2426 2
2427 2
2428 2
2429 2
2430 1
2431 2
2432 1
2433 1
2434 1
2435 2
2436 1
2437 2
2438 1
2439 2
2440 1
2441 1
2442 2
2443 2
2444 2
2445 1
2446 2
2447 1
2448 1
2449 0
2450 1
2451 1
2452 2
2453 2
2454 2
2455 1
2456 0
2457 1
2458 1
2459 2
2460 0
2461 1
2462 0
2463 1
2464 1
2465 2
2466 1
2467 1
2468 1
2469 1
2470 2
2471 1
2472 0
2473 2
2474 0
2475 2
2476 1
2477 0
2478 1
2479 2
2480 1
2481 3
2482 1
2483 1
2484 0
2485 2
2486 2
2487 0
2488 0
2489 0
2490 0
2491 0
2492 0
2493 0
2494 0
2495 0
2496 0
2497 0
2498 0
2499 0
2500 1
2501 0
2502 0
2503 0
2504 0
2505 0
2506 0
2507 1
2508 0
2509 0
2510 0
2511 0
2512 1
2513 1
2514 0
2515 1
2516 0
2517 1
2518 0
2519 0
2520 0
2521 0
2522 0
2523 0
2524 0
2525 0
2526 0
2527 0
2528 0
2529 0
2530 0
2531 0
2532 0
2533 0
2534 0
2535 1
2536 0
2537 0
2538 1
2539 1
2540 1
2541 0
2542 1
2543 0
2544 0
2545 0
2546 1
2547 0
2548 1
2549 0
2550 0
2551 0
2552 1
2553 1
2554 1
2555 0
2556 1
2557 0
2558 2
2559 0
2560 0
2561 1
2562 0
2563 0
2564 1
2565 0
2566 0
2567 0
2568 0
2569 0
2570 1
2571 1
2572 1
2573 1
2574 1
2575 1
2576 0
2577 0
2578 0
2579 1
2580 0
2581 0
2582 0
2583 1
2584 2
2585 1
2586 1
2587 1
2588 2
2589 3
2590 2
2591 1
2592 2
2593 1
2594 2
2595 1
2596 0
2597 1
2598 0
2599 2
2600 1
2601 2
2602 1
2603 1
2604 1
2605 2
2606 1
2607 2
2608 1
2609 3
2610 1
2611 2
2612 1
2613 0
2614 1
2615 2
2616 1
2617 2
2618 1
2619 0
2620 1
2621 1
2622 1
2623 2
2624 1
2625 2
2626 1
2627 1
2628 3
2629 1
2630 1
2631 0
2632 1
2633 2
2634 1
2635 1
2636 1
2637 1
2638 0
2639 0
2640 0
2641 1
2642 2
2643 2
2644 2
2645 1
2646 1
2647 1
2648 2
2649 1
2650 2
2651 1
2652 1
2653 1
2654 1
2655 2
2656 2
2657 1
2658 0
2659 1
2660 1
2661 0
2662 0
2663 0
2664 0
2665 0
2666 0
2667 1
2668 0
2669 0
2670 0
2671 0
2672 1
2673 0
2674 0
2675 0
2676 0
2677 1
2678 0
2679 1
2680 0
2681 0
2682 0
2683 0
2684 1
2685 0
2686 0
2687 0
2688 1
2689 0
2690 1
2691 0
2692 0
2693 0
2694 0
2695 0
2696 0
2697 0
2698 0
2699 0
2700 0
2701 0
2702 0
2703 0
2704 0
2705 1
2706 0
2707 1
2708 0
2709 1
2710 1
2711 0
2712 0
2713 0
2714 0
2715 0
2716 1
2717 0
2718 0
2719 0
2720 0
2721 0
2722 0
2723 0
2724 1
2725 0
2726 0
2727 1
2728 0
2729 1
2730 0
2731 0
2732 0
2733 1
2734 1
2735 1
2736 1
2737 1
2738 0
2739 2
2740 0
2741 0
2742 0
2743 1
2744 0
2745 1
2746 0
2747 0
2748 0
2749 1
2750 0
2751 0
2752 0
2753 0
2754 1
2755 0
2756 0
2757 0
2758 1
2759 1
2760 0
2761 0
2762 0
2763 0
2764 0
2765 0
2766 0
2767 0
2768 0
2769 0
2770 0
2771 0
2772 0
2773 1
2774 1
2775 1
2776 0
2777 1
2778 0
2779 0
2780 1
2781 1
2782 0
2783 0
2784 0
2785 0
2786 0
2787 0
2788 0
2789 0
2790 0
2791 1
2792 0
2793 1
2794 0
2795 0
2796 1
2797 0
2798 0
2799 0
2800 0
2801 0
2802 1
2803 1
2804 0
2805 0
2806 0
2807 0
2808 0
2809 0
2810 2
2811 1
2812 2
2813 0
2814 1
2815 2
2816 4
2817 2
2818 0
2819 1
2820 1
2821 1
2822 2
2823 2
2824 2
2825 0
2826 1
2827 2
2828 0
2829 1
2830 1
2831 2
2832 2
2833 2
2834 2
2835 2
2836 2
2837 2
2838 2
2839 2
2840 2
2841 1
2842 1
2843 2
2844 0
2845 2
2846 0
2847 1
2848 2
2849 1
2850 2
2851 1
2852 2
2853 1
2854 2
2855 1
2856 2
2857 2
2858 2
2859 3
2860 2
2861 1
2862 1
2863 2
2864 0
2865 1
2866 2
2867 2
2868 1
2869 0
2870 2
2871 1
2872 1
2873 2
2874 2
2875 1
2876 2
2877 2
2878 3
2879 1
2880 0
2881 1
2882 2
2883 2
2884 3
2885 1
2886 2
2887 2
2888 3
2889 1
2890 1
2891 2
2892 2
2893 2
2894 1
2895 1
2896 2
2897 1
2898 1
2899 1
2900 2
2901 1
2902 0
2903 0
2904 1
2905 1
2906 0
2907 0
2908 0
2909 0
2910 0
2911 0
2912 0
2913 0
2914 0
2915 0
2916 0
2917 0
2918 0
2919 1
2920 0
2921 0
2922 0
2923 0
2924 0
2925 0
2926 0
2927 0
2928 0
2929 0
2930 0
2931 0
2932 0
2933 1
2934 1
2935 0
2936 0
2937 0
2938 0
2939 0
2940 0
2941 0
2942 0
2943 0
2944 0
2945 0
2946 0
2947 0
2948 0
2949 0
2950 0
2951 0
2952 0
2953 0
2954 0
2955 0
2956 0
2957 0
2958 1
2959 1
2960 0
2961 2
2962 1
2963 0
2964 2
2965 2
2966 1
2967 0
2968 2
2969 1
2970 1
2971 0
2972 2
2973 0
2974 0
2975 0
2976 0
2977 0
2978 0
2979 0
2980 0
2981 0
2982 0
2983 0
2984 1
2985 0
2986 0
2987 0
2988 0
2989 0
2990 0
2991 0
2992 0
2993 0
2994 0
2995 0
2996 0
2997 0
2998 1
2999 1
3000 0
3001 0
3002 0
3003 0
3004 1
3005 0
3006 0
3007 1
3008 1
3009 1
3010 0
3011 0
3012 0
3013 0
3014 0
3015 0
3016 0
3017 0
3018 0
3019 0
3020 0
3021 0
3022 0
3023 0
3024 0
3025 0
3026 0
3027 0
3028 1
3029 0
3030 0
3031 0
3032 0
3033 0
3034 0
3035 0
3036 0
3037 1
3038 0
3039 1
3040 0
3041 0
3042 0
3043 0
3044 1
3045 0
3046 0
3047 0
3048 0
3049 0
3050 0
3051 1
3052 1
3053 0
3054 0
3055 0
3056 0
3057 0
3058 0
3059 0
3060 1
3061 0
3062 0
3063 0
3064 1
3065 0
3066 0
3067 0
3068 1
3069 0
3070 0
3071 0
3072 0
3073 0
3074 0
3075 0
3076 0
3077 0
3078 0
3079 0
3080 0
3081 0
3082 0
3083 0
3084 0
3085 0
3086 0
3087 1
3088 2
3089 2
3090 1
3091 2
3092 1
3093 2
3094 2
3095 1
3096 0
3097 1
3098 2
3099 2
3100 0
3101 0
3102 1
3103 2
3104 1
3105 0
3106 2
3107 2
3108 1
3109 0
3110 2
3111 2
3112 2
3113 1
3114 1
3115 1
3116 2
3117 2
3118 1
3119 2
3120 1
3121 1
3122 1
3123 2
3124 1
3125 0
3126 1
3127 1
3128 2
3129 2
3130 1
3131 1
3132 0
3133 1
3134 0
3135 1
3136 1
3137 2
3138 0
3139 1
3140 1
3141 1
3142 1
3143 1
3144 0
3145 0
3146 1
3147 1
3148 1
3149 0
3150 1
3151 1
3152 1
3153 0
3154 0
3155 1
3156 1
3157 0
3158 1
3159 0
3160 1
3161 0
3162 0
3163 1
3164 0
3165 0
3166 2
3167 1
3168 1
3169 1
3170 1
3171 0
3172 0
3173 1
3174 1
3175 1
3176 1
3177 1
3178 1
3179 0
3180 1
3181 0
3182 0
3183 0
3184 0
3185 0
3186 0
3187 0
3188 0
3189 0
3190 0
3191 0
3192 0
3193 0
3194 0
3195 0
3196 0
3197 0
3198 2
3199 1
3200 2
3201 1
3202 1
3203 2
3204 2
3205 0
3206 2
3207 1
3208 1
3209 2
3210 2
3211 1
3212 2
3213 1
3214 1
3215 0
3216 0
3217 2
3218 1
3219 0
3220 1
3221 0
3222 0
3223 0
3224 0
3225 0
3226 0
3227 0
3228 0
3229 0
3230 0
3231 0
3232 0
3233 1
3234 1
3235 0
3236 2
3237 1
3238 0
3239 1
3240 0
3241 0
3242 0
3243 1
3244 0
3245 0
3246 0
3247 0
3248 0
3249 1
3250 1
3251 0
3252 1
3253 1
3254 0
3255 0
3256 0
3257 0
3258 1
3259 0
3260 0
3261 0
3262 0
3263 0
3264 0
3265 0
3266 0
3267 1
3268 0
3269 0
3270 1
3271 1
3272 0
3273 0
3274 0
3275 0
3276 0
3277 0
3278 0
3279 0
3280 0
3281 0
3282 0
3283 0
3284 0
3285 0
3286 0
3287 0
3288 0
3289 1
3290 1
3291 0
3292 2
3293 2
3294 0
3295 0
3296 0
3297 0
3298 1
3299 0
3300 0
3301 0
3302 0
3303 0
3304 0
3305 0
3306 1
3307 0
3308 0
3309 0
3310 0
3311 1
3312 1
3313 0
3314 0
3315 0
3316 0
3317 0
3318 0
3319 0
3320 0
3321 0
3322 0
3323 0
3324 0
3325 0
3326 0
3327 0
3328 2
3329 1
3330 2
3331 1
3332 0
3333 0
3334 0
3335 0
3336 0
3337 0
3338 0
3339 0
3340 0
3341 1
3342 0
3343 0
3344 0
3345 0
3346 1
3347 0
3348 1
3349 0
3350 0
3351 0
3352 0
3353 0
3354 0
3355 0
3356 0
3357 0
3358 0
3359 0
3360 0
3361 0
3362 0
3363 0
3364 1
3365 0
3366 1
3367 0
3368 1
3369 0
3370 0
3371 0
3372 0
3373 0
3374 0
3375 1
3376 0
3377 1
3378 0
3379 0
3380 0
3381 0
3382 0
3383 0
3384 0
3385 0
3386 0
3387 0
3388 1
3389 0
3390 1
3391 0
3392 0
3393 0
3394 0
3395 2
3396 1
3397 0
3398 1
3399 0
3400 2
3401 1
3402 0
3403 1
3404 0
3405 2
3406 1
3407 1
3408 1
3409 1
3410 1
3411 0
3412 2
3413 1
3414 0
3415 1
3416 0
3417 1
3418 1
3419 0
3420 0
3421 1
3422 1
3423 0
3424 1
3425 0
3426 0
3427 1
3428 1
3429 2
3430 0
3431 1
3432 2
3433 1
3434 2
3435 2
3436 1
3437 2
3438 3
3439 2
3440 1
3441 1
3442 1
3443 2
3444 1
3445 1
3446 2
3447 1
3448 1
3449 0
3450 1
3451 1
3452 0
3453 1
3454 2
3455 1
3456 1
3457 1
3458 2
3459 2
3460 2
3461 1
3462 1
3463 1
3464 0
3465 0
3466 0
3467 0
3468 1
3469 0
3470 0
3471 0
3472 0
3473 0
3474 0
3475 0
3476 0
3477 0
3478 0
3479 0
3480 0
3481 0
3482 0
3483 0
3484 0
3485 0
3486 0
3487 0
3488 0
3489 0
3490 0
3491 0
3492 0
3493 0
3494 0
3495 0
3496 0
3497 0
3498 1
3499 0
3500 0
3501 0
3502 0
3503 1
3504 1
3505 0
3506 0
3507 1
3508 0
3509 0
3510 0
3511 0
3512 0
3513 0
3514 0
3515 0
3516 0
3517 0
3518 0
3519 1
3520 0
3521 0
3522 0
3523 0
3524 0
3525 1
3526 0
3527 0
3528 1
3529 0
3530 0
3531 0
3532 1
3533 0
3534 1
3535 0
3536 1
3537 1
3538 0
3539 0
3540 0
3541 0
3542 0
3543 0
3544 0
3545 0
3546 0
3547 0
3548 0
3549 1
3550 1
3551 0
3552 0
3553 0
3554 0
3555 0
3556 0
3557 0
3558 0
3559 0
3560 0
3561 0
3562 0
3563 1
3564 1
3565 1
3566 2
3567 3
3568 2
3569 2
3570 1
3571 1
3572 1
3573 2
3574 1
3575 2
3576 0
3577 1
3578 0
3579 0
3580 0
3581 0
3582 0
3583 1
3584 0
3585 0
3586 0
3587 0
3588 0
3589 0
3590 0
3591 0
3592 1
3593 0
3594 0
3595 0
3596 0
3597 0
3598 0
3599 1
3600 0
3601 0
3602 0
3603 0
3604 0
3605 0
3606 0
3607 1
3608 0
3609 0
3610 0
3611 0
3612 0
3613 0
3614 0
3615 0
3616 0
3617 0
3618 0
3619 0
3620 0
3621 0
3622 1
3623 0
3624 0
3625 0
3626 0
3627 0
3628 0
3629 0
3630 0
3631 0
3632 0
3633 2
3634 0
3635 0
3636 0
3637 0
3638 1
3639 1
3640 1
3641 1
3642 0
3643 0
3644 1
3645 1
3646 1
3647 0
3648 1
3649 1
3650 0
3651 0
3652 1
3653 1
3654 0
3655 0
3656 0
3657 1
3658 0
3659 0
3660 0
3661 0
3662 0
3663 0
3664 0
3665 0
3666 0
3667 0
3668 0
3669 0
3670 1
3671 0
3672 0
3673 1
3674 1
3675 0
3676 1
3677 0
3678 0
3679 0
3680 1
3681 0
3682 0
3683 1
3684 1
3685 1
3686 1
3687 0
3688 0
3689 1
3690 1
3691 1
3692 1
3693 0
3694 2
3695 0
3696 0
3697 1
3698 1
3699 0
3700 0
3701 0
3702 1
3703 0
3704 1
3705 1
3706 1
3707 1
3708 1
3709 1
3710 0
3711 1
3712 0
3713 0
3714 1
3715 2
3716 2
3717 1
3718 2
3719 1
3720 2
3721 1
3722 2
3723 2
3724 1
3725 1
3726 2
3727 0
3728 0
3729 0
3730 0
3731 1
3732 0
3733 2
3734 2
3735 1
3736 1
3737 2
3738 2
3739 1
3740 1
3741 2
3742 1
3743 2
3744 2
3745 2
3746 2
3747 1
3748 1
3749 2
3750 0
3751 1
3752 2
3753 1
3754 0
3755 3
3756 1
3757 1
3758 2
3759 1
3760 1
3761 0
3762 0
3763 0
3764 0
3765 0
3766 0
3767 1
3768 1
3769 0
3770 1
3771 1
3772 0
3773 0
3774 1
3775 1
3776 0
3777 1
3778 0
3779 1
3780 0
3781 0
3782 1
3783 0
3784 0
3785 0
3786 0
3787 1
3788 0
3789 0
3790 0
3791 1
3792 0
3793 1
3794 1
3795 0
3796 1
3797 1
3798 1
3799 0
3800 0
3801 0
3802 1
3803 1
3804 0
3805 0
3806 1
3807 2
3808 0
3809 0
3810 0
3811 0
3812 1
3813 1
3814 2
3815 3
3816 2
3817 2
3818 1
3819 1
3820 0
3821 0
3822 2
3823 2
3824 3
3825 2
3826 1
3827 1
3828 1
3829 2
3830 1
3831 0
3832 1
3833 1
3834 1
3835 1
3836 2
3837 2
3838 1
3839 1
3840 2
3841 1
3842 3
3843 2
3844 2
3845 2
3846 0
3847 1
3848 1
3849 2
3850 1
3851 2
3852 2
3853 2
3854 1
3855 3
3856 1
3857 2
3858 1
3859 1
3860 0
3861 1
3862 2
3863 2
3864 1
3865 2
3866 1
3867 1
3868 0
3869 2
3870 0
3871 0
3872 2
3873 2
3874 1
3875 1
3876 2
3877 3
3878 2
3879 1
3880 0
3881 2
3882 2
3883 1
3884 2
3885 1
3886 2
3887 1
3888 1
3889 2
3890 2
3891 2
3892 1
3893 2
3894 2
3895 1
3896 3
3897 1
3898 1
3899 1
3900 1
3901 1
3902 0
3903 1
3904 1
3905 3
3906 0
3907 2
3908 3
3909 1
3910 1
3911 1
3912 2
3913 1
3914 0
3915 1
3916 2
3917 1
3918 2
3919 2
3920 1
3921 0
3922 2
3923 2
3924 1
3925 1
3926 2
3927 2
3928 1
3929 1
3930 1
3931 1
3932 1
3933 1
3934 1
3935 0
3936 2
3937 1
3938 1
3939 2
3940 1
3941 0
3942 2
3943 1
3944 2
3945 2
3946 0
3947 1
3948 1
3949 2
3950 2
3951 1
3952 2
3953 1
3954 1
3955 2
3956 2
3957 1
3958 0
3959 1
3960 1
3961 1
3962 1
3963 2
3964 1
3965 1
3966 0
3967 1
3968 1
3969 2
3970 1
3971 1
3972 2
3973 1
3974 2
3975 2
3976 1
3977 1
3978 1
3979 1
3980 1
3981 1
3982 1
3983 1
3984 1
3985 1
3986 2
3987 1
3988 1
3989 2
3990 0
3991 1
3992 0
3993 1
3994 2
3995 1
3996 2
3997 1
3998 2
3999 0
4000 1
4001 0
4002 1
4003 2
4004 2
4005 1
4006 2
4007 1
4008 1
4009 1
4010 2
4011 1
4012 1
4013 1
4014 2
4015 2
4016 1
4017 1
4018 2
4019 2
4020 2
4021 1
4022 2
4023 1
4024 1
4025 0
4026 0
4027 0
4028 1
4029 1
4030 0
4031 0
4032 0
4033 1
4034 1
4035 1
4036 0
4037 0
4038 0
4039 1
4040 2
4041 2
4042 0
4043 1
4044 1
4045 2
4046 1
4047 1
4048 2
4049 0
4050 0
4051 0
4052 0
4053 0
4054 0
4055 0
4056 1
4057 1
4058 2
4059 2
4060 1
4061 2
4062 2
4063 1
4064 1
4065 0
4066 0
4067 0
4068 1
4069 2
4070 1
4071 0
4072 0
4073 0
4074 0
4075 0
4076 0
4077 0
4078 0
4079 0
4080 0
4081 1
4082 0
4083 0
4084 0
4085 0
4086 0
4087 0
4088 1
4089 0
4090 0
4091 1
4092 1
4093 0
4094 1
4095 1
4096 0
4097 1
4098 1
4099 1
4100 0
4101 0
4102 1
4103 0
4104 0
4105 1
4106 1
4107 1
4108 1
4109 0
4110 1
4111 1
4112 1
4113 0
4114 0
4115 0
4116 0
4117 1
4118 1
4119 1
4120 1
4121 0
4122 2
4123 2
4124 1
4125 0
4126 1
4127 0
4128 2
4129 2
4130 2
4131 2
4132 0
4133 2
4134 0
4135 1
4136 2
4137 2
4138 1
4139 1
4140 2
4141 2
4142 0
4143 1
4144 2
4145 1
4146 3
4147 1
4148 1
4149 0
4150 2
4151 1
4152 1
4153 1
4154 2
4155 1
4156 2
4157 1
4158 2
4159 2
4160 2
4161 0
4162 2
4163 1
4164 0
4165 1
4166 2
4167 2
4168 1
4169 1
4170 1
4171 2
4172 2
4173 2
4174 0
4175 0
4176 0
4177 0
4178 0
4179 1
4180 0
4181 2
4182 1
4183 2
4184 2
4185 1
4186 2
4187 1
4188 2
4189 1
4190 1
4191 2
4192 0
4193 2
4194 2
4195 1
4196 2
4197 2
4198 1
4199 1
4200 2
4201 1
4202 2
4203 2
4204 0
4205 1
4206 1
4207 0
4208 1
4209 2
4210 1
4211 1
4212 0
4213 1
4214 2
4215 1
4216 2
4217 0
4218 1
4219 2
4220 0
4221 1
4222 1
4223 2
4224 1
4225 1
4226 1
4227 2
4228 1
4229 1
4230 1
4231 2
4232 0
4233 2
4234 1
4235 2
4236 2
4237 2
4238 2
4239 1
4240 1
4241 0
4242 1
4243 2
4244 0
4245 1
4246 1
4247 1
4248 1
4249 2
4250 1
4251 0
4252 1
4253 1
4254 2
4255 0
4256 1
4257 1
4258 1
4259 2
4260 1
4261 1
4262 1
4263 1
4264 3
4265 1
4266 1
4267 1
4268 2
4269 1
4270 2
4271 2
4272 2
4273 1
4274 2
4275 2
4276 2
4277 0
4278 1
4279 1
4280 1
4281 1
4282 2
4283 1
4284 1
4285 2
4286 3
4287 1
4288 1
4289 1
4290 1
4291 1
4292 2
4293 1
4294 0
4295 0
4296 1
4297 1
4298 1
4299 1
4300 1
4301 0
4302 0
4303 1
4304 3
4305 1
4306 2
4307 0
4308 2
4309 0
4310 1
4311 2
4312 2
4313 0
4314 2
4315 0
4316 2
4317 2
4318 2
4319 2
4320 2
4321 1
4322 2
4323 1
4324 0
4325 1
4326 2
4327 1
4328 0
4329 1
4330 1
4331 2
4332 1
4333 1
4334 1
4335 1
4336 0
4337 2
4338 2
4339 1
4340 1
4341 2
4342 0
4343 2
4344 1
4345 1
4346 1
4347 1
4348 2
4349 1
4350 2
4351 1
4352 1
4353 1
4354 2
4355 2
4356 2
4357 1
4358 2
4359 1
4360 1
4361 2
4362 1
4363 1
4364 0
4365 0
4366 2
4367 0
4368 0
4369 0
4370 1
4371 2
4372 2
4373 1
4374 1
4375 1
4376 1
4377 0
4378 1
4379 1
4380 1
4381 2
4382 2
4383 2
4384 3
4385 1
4386 1
4387 2
4388 1
4389 0
4390 1
4391 2
4392 0
4393 2
4394 0
4395 1
4396 1
4397 1
4398 1
4399 1
4400 0
4401 1
4402 2
4403 2
4404 1
4405 2
4406 2
4407 0
4408 2
4409 1
4410 2
4411 1
4412 1
4413 1
4414 1
4415 0
4416 2
4417 0
4418 1
4419 1
4420 1
4421 1
4422 2
4423 3
4424 0
4425 0
4426 2
4427 1
4428 1
4429 0
4430 2
4431 2
4432 2
4433 1
4434 2
4435 1
4436 1
4437 0
4438 0
4439 3
4440 2
4441 2
4442 1
4443 3
4444 2
4445 1
4446 1
4447 1
4448 1
4449 1
4450 2
4451 2
4452 1
4453 2
4454 0
4455 2
4456 2
4457 2
4458 1
4459 2
4460 2
4461 1
4462 1
4463 1
4464 1
4465 1
4466 1
4467 2
4468 1
4469 2
4470 1
4471 2
4472 2
4473 2
4474 1
4475 0
4476 1
4477 2
4478 3
4479 2
4480 2
4481 1
4482 2
4483 2
4484 2
4485 2
4486 1
4487 2
4488 1
4489 2
4490 1
4491 2
4492 1
4493 1
4494 1
4495 2
4496 2
4497 2
4498 1
4499 2
4500 1
4501 1
4502 1
4503 1
4504 2
4505 0
4506 2
4507 1
4508 2
4509 1
4510 1
4511 1
4512 1
4513 2
4514 2
4515 0
4516 1
4517 1
4518 1
4519 1
4520 0
4521 1
4522 2
4523 1
4524 1
4525 1
4526 1
4527 2
4528 2
4529 2
4530 1
4531 1
4532 0
4533 1
4534 1
4535 0
4536 0
4537 2
4538 1
4539 1
4540 2
4541 2
4542 1
4543 2
4544 1
4545 1
4546 2
4547 1
4548 1
4549 2
4550 1
4551 2
4552 0
4553 2
4554 2
4555 1
4556 0
4557 2
4558 1
4559 1
4560 2
4561 2
4562 1
4563 1
4564 2
4565 0
4566 1
4567 2
4568 2
4569 1
4570 2
4571 2
4572 1
4573 1
4574 1
4575 2
4576 2
4577 1
4578 1
4579 2
4580 1
4581 2
4582 1
4583 1
4584 2
4585 2
4586 3
4587 2
4588 2
4589 0
4590 1
4591 1
4592 2
4593 1
4594 1
4595 0
4596 1
4597 1
4598 2
4599 2
4600 1
4601 1
4602 1
4603 1
4604 1
4605 0
4606 1
4607 1
4608 2
4609 2
4610 0
4611 3
4612 3
4613 0
4614 1
4615 2
4616 2
4617 1
4618 1
4619 0
4620 1
4621 0
4622 2
4623 2
4624 2
4625 1
4626 1
4627 1
4628 1
4629 1
4630 1
4631 2
4632 1
4633 2
4634 3
4635 0
4636 1
4637 2
4638 1
4639 0
4640 3
4641 2
4642 2
4643 1
4644 1
4645 0
4646 1
4647 1
4648 1
4649 1
4650 1
4651 1
4652 2
4653 1
4654 1
4655 1
4656 2
4657 2
4658 2
4659 2
4660 1
4661 1
4662 1
4663 1
4664 2
4665 1
4666 2
4667 1
4668 1
4669 2
4670 1
4671 1
4672 1
4673 2
4674 1
4675 2
4676 2
4677 2
4678 2
4679 2
4680 1
4681 3
4682 1
4683 2
4684 1
4685 2
4686 0
4687 2
4688 2
4689 1
4690 1
4691 2
4692 2
4693 0
4694 1
4695 3
4696 2
4697 2
4698 1
4699 1
4700 1
4701 2
4702 2
4703 2
4704 2
4705 1
4706 1
4707 1
4708 3
4709 0
4710 2
4711 1
4712 0
4713 1
4714 0
4715 2
4716 0
4717 1
4718 2
4719 1
4720 2
4721 1
4722 2
4723 0
4724 1
4725 2
4726 1
4727 1
4728 1
4729 2
4730 3
4731 1
4732 2
4733 2
4734 2
4735 0
4736 1
4737 3
4738 0
4739 1
4740 3
4741 0
4742 0
4743 2
4744 2
4745 1
4746 0
4747 1
4748 2
4749 1
4750 1
4751 1
4752 3
4753 2
4754 0
4755 1
4756 1
4757 1
4758 0
4759 1
4760 1
4761 1
4762 2
4763 1
4764 2
4765 0
4766 1
4767 2
4768 1
4769 1
4770 2
4771 2
4772 1
4773 1
4774 1
4775 1
4776 0
4777 1
4778 0
4779 0
4780 0
4781 1
4782 1
4783 0
4784 2
4785 2
4786 2
4787 0
4788 1
4789 1
4790 2
4791 1
4792 0
4793 2
4794 1
4795 0
4796 1
4797 2
4798 2
4799 0
4800 1
4801 1
4802 2
4803 1
4804 0
4805 1
4806 2
4807 1
4808 2
4809 2
4810 1
4811 2
4812 2
4813 2
4814 1
4815 0
4816 1
4817 1
4818 1
4819 2
4820 3
4821 1
4822 2
4823 2
4824 2
4825 2
4826 2
4827 2
4828 1
4829 1
4830 1
4831 0
4832 0
4833 0
4834 0
4835 0
4836 0
4837 0
4838 0
4839 0
4840 0
4841 0
4842 0
4843 0
4844 0
4845 0
4846 0
4847 0
4848 0
4849 0
4850 0
4851 1
4852 1
4853 1
4854 1
4855 0
4856 1
4857 2
4858 2
4859 1
4860 0
4861 1
4862 1
4863 0
4864 2
4865 1
4866 2
4867 1
4868 1
4869 2
4870 2
4871 2
4872 1
4873 1
4874 1
4875 1
4876 2
4877 1
4878 0
4879 1
4880 3
4881 1
4882 2
4883 0
4884 1
4885 1
4886 1
4887 1
4888 1
4889 1
4890 0
4891 1
4892 2
4893 1
4894 2
4895 2
4896 2
4897 2
4898 1
4899 0
4900 2
4901 1
4902 2
4903 2
4904 1
4905 2
4906 1
4907 1
4908 2
4909 3
4910 3
4911 2
4912 0
4913 2
4914 1
4915 1
4916 2
4917 0
4918 1
4919 1
4920 2
4921 1
4922 2
4923 1
4924 1
4925 1
4926 2
4927 1
4928 1
4929 0
4930 1
4931 0
4932 1
4933 1
4934 1
4935 0
4936 0
4937 1
4938 2
4939 1
4940 1
4941 0
4942 2
4943 1
4944 0
4945 1
4946 1
4947 3
4948 1
4949 1
4950 1
4951 2
4952 1
4953 2
4954 1
4955 1
4956 1
4957 1
4958 1
4959 2
4960 1
4961 2
4962 1
4963 2
4964 1
4965 2
4966 2
4967 1
4968 1
4969 1
4970 0
4971 1
4972 2
4973 2
4974 1
4975 1
4976 1
4977 1
4978 1
4979 2
4980 1
4981 2
4982 1
4983 1
4984 1
4985 2
4986 1
4987 1
4988 2
4989 1
4990 1
4991 1
4992 1
4993 1
4994 1
4995 2
4996 1
4997 1
4998 2
4999 2
5000 0
5001 2
5002 1
5003 3
5004 1
5005 1
5006 2
5007 1
5008 2
5009 1
5010 1
5011 2
5012 2
5013 1
5014 0
5015 2
5016 2
5017 1
5018 1
5019 2
5020 2
5021 2
5022 1
5023 2
5024 2
5025 2
5026 2
5027 2
5028 1
5029 2
5030 2
5031 1
5032 2
5033 1
5034 2
5035 2
5036 2
5037 2
5038 1
5039 0
5040 0
5041 0
5042 0
5043 0
5044 0
5045 0
5046 0
5047 0
5048 0
5049 0
5050 0
5051 0
5052 0
5053 0
5054 0
5055 1
5056 1
5057 0
5058 0
5059 0
5060 0
5061 0
5062 0
5063 0
5064 0
5065 1
5066 0
5067 1
5068 0
5069 1
5070 0
5071 0
5072 0
5073 0
5074 0
5075 0
5076 0
5077 0
5078 0
5079 1
5080 1
5081 0
5082 1
5083 0
5084 1
5085 1
5086 1
5087 1
5088 1
5089 2
5090 0
5091 1
5092 2
5093 3
5094 1
5095 3
5096 2
5097 2
5098 2
5099 2
5100 0
5101 1
5102 1
5103 1
5104 1
5105 1
5106 2
5107 0
5108 1
5109 1
5110 1
5111 1
5112 1
5113 0
5114 1
5115 0
5116 0
5117 0
5118 0
5119 1
5120 0
5121 0
5122 2
5123 1
5124 0
5125 0
5126 0
5127 1
5128 1
5129 0
5130 1
5131 1
5132 0
5133 0
5134 0
5135 0
5136 0
5137 0
5138 0
5139 0
5140 0
5141 0
5142 0
5143 1
5144 1
5145 1
5146 3
5147 1
5148 2
5149 2
5150 0
5151 0
5152 1
5153 1
5154 1
5155 1
5156 2
5157 2
5158 0
5159 2
5160 1
5161 3
5162 1
5163 3
5164 2
5165 1
5166 0
5167 2
5168 1
5169 1
5170 2
5171 2
5172 1
5173 0
5174 1
5175 1
5176 2
5177 1
5178 0
5179 1
5180 0
5181 1
5182 1
5183 2
5184 1
5185 1
5186 1
5187 2
5188 1
5189 1
5190 2
5191 3
5192 1
5193 1
5194 2
5195 1
5196 1
5197 1
5198 2
5199 2
5200 2
5201 1
5202 0
5203 0
5204 1
5205 2
5206 2
5207 2
5208 1
5209 0
5210 0
5211 1
5212 1
5213 2
5214 0
5215 1
5216 1
5217 2
5218 0
5219 1
5220 1
5221 2
5222 2
5223 2
5224 2
5225 2
5226 2
5227 2
5228 1
5229 2
5230 1
5231 2
5232 2
5233 1
5234 1
5235 2
5236 2
5237 1
5238 2
5239 1
5240 2
5241 0
5242 1
5243 1
5244 1
5245 1
5246 2
5247 3
5248 2
5249 1
5250 2
5251 2
5252 1
5253 2
5254 2
5255 1
5256 2
5257 2
5258 1
5259 2
5260 1
5261 2
5262 1
5263 2
5264 1
5265 2
5266 1
5267 1
5268 3
5269 1
5270 2
5271 1
5272 1
5273 2
5274 2
5275 2
5276 1
5277 2
5278 2
5279 1
5280 0
5281 0
5282 3
5283 1
5284 2
5285 0
5286 1
5287 2
5288 1
5289 1
5290 0
5291 2
5292 1
5293 0
5294 2
5295 1
5296 1
5297 2
5298 2
5299 1
5300 1
5301 2
5302 1
5303 0
5304 2
5305 1
5306 0
5307 2
5308 1
5309 2
5310 1
5311 1
5312 0
5313 1
5314 1
5315 2
5316 1
5317 1
5318 2
5319 1
5320 2
5321 1
5322 1
5323 2
5324 1
5325 2
5326 1
5327 1
5328 1
5329 2
5330 1
5331 1
5332 1
5333 2
5334 1
5335 1
5336 2
5337 0
5338 2
5339 2
5340 0
5341 2
5342 1
5343 1
5344 2
5345 0
5346 1
5347 2
5348 1
5349 1
5350 2
5351 1
5352 3
5353 1
5354 1
5355 1
5356 0
5357 2
5358 0
5359 1
5360 0
5361 0
5362 1
5363 0
5364 1
5365 0
5366 0
5367 0
5368 0
5369 0
5370 1
5371 0
5372 0
5373 1
5374 0
5375 1
5376 1
5377 1
5378 1
5379 0
5380 0
5381 0
5382 0
5383 1
5384 1
5385 1
5386 0
5387 0
5388 0
5389 0
5390 0
5391 0
5392 0
5393 0
5394 0
5395 0
5396 0
5397 0
5398 0
5399 0
5400 0
5401 0
5402 0
5403 0
5404 0
5405 0
5406 0
5407 0
5408 0
5409 0
5410 0
5411 1
5412 0
5413 0
5414 0
5415 1
5416 0
5417 0
5418 0
5419 0
5420 0
5421 0
5422 0
5423 0
5424 1
5425 0
5426 0
5427 0
5428 0
5429 0
5430 0
5431 0
5432 0
5433 0
5434 0
5435 0
5436 0
5437 1
5438 0
5439 0
5440 1
5441 1
5442 0
5443 0
5444 1
5445 1
5446 1
5447 1
5448 1
5449 0
5450 1
5451 0
5452 0
5453 1
5454 1
5455 0
5456 1
5457 1
5458 1
5459 0
5460 1
5461 0
5462 1
5463 1
5464 1
5465 1
5466 0
5467 1
5468 1
5469 1
5470 1
5471 0
5472 0
5473 0
5474 0
5475 0
5476 0
5477 0
5478 0
5479 1
5480 1
5481 1
5482 0
5483 0
5484 1
5485 0
5486 1
5487 0
5488 1
5489 1
5490 1
5491 0
5492 0
5493 0
5494 0
5495 0
5496 0
5497 0
5498 0
5499 0
5500 0
5501 0
5502 0
5503 0
5504 0
5505 1
5506 0
5507 0
5508 1
5509 1
5510 0
5511 0
5512 0
5513 1
5514 0
5515 1
5516 1
5517 0
5518 0
5519 0
5520 0
5521 0
5522 0
5523 0
5524 0
5525 1
5526 0
5527 1
5528 0
5529 1
5530 1
5531 0
5532 0
5533 0
5534 0
5535 0
5536 0
5537 0
5538 0
5539 0
5540 0
5541 1
5542 0
5543 0
5544 0
5545 1
5546 0
5547 1
5548 0
5549 0
5550 0
5551 0
5552 0
5553 1
5554 0
5555 0
5556 1
5557 1
5558 1
5559 0
5560 1
5561 1
5562 0
5563 0
5564 0
5565 0
5566 1
5567 0
5568 0
5569 0
5570 0
5571 1
5572 0
5573 0
5574 0
5575 0
5576 0
5577 1
5578 1
5579 0
5580 1
5581 0
5582 2
5583 1
5584 1
5585 2
5586 1
5587 1
5588 2
5589 2
5590 2
5591 0
5592 1
5593 0
5594 0
5595 0
5596 0
5597 0
5598 0
5599 0
5600 0
5601 0
5602 0
5603 1
5604 1
5605 0
5606 0
5607 0
5608 1
5609 1
5610 0
5611 0
5612 0
5613 0
5614 0
5615 0
5616 0
5617 0
5618 0
5619 0
5620 0
5621 1
5622 0
5623 0
5624 0
5625 0
5626 0
5627 0
5628 0
5629 1
5630 0
5631 0
5632 0
5633 0
5634 0
5635 0
5636 0
5637 1
5638 0
5639 0
5640 0
5641 0
5642 0
5643 0
5644 0
5645 0
5646 0
5647 0
5648 0
5649 0
5650 0
5651 0
5652 0
5653 1
5654 0
5655 0
5656 0
5657 0
5658 0
5659 1
5660 1
5661 0
5662 1
5663 0
5664 1
5665 0
5666 1
5667 0
5668 0
5669 1
5670 0
5671 0
5672 0
5673 1
5674 0
5675 1
5676 2
5677 1
5678 2
5679 1
5680 1
5681 0
5682 0
5683 1
5684 1
5685 1
5686 0
5687 1
5688 1
5689 1
5690 1
5691 1
5692 0
5693 0
5694 0
5695 0
5696 0
5697 0
5698 1
5699 0
5700 0
5701 0
5702 0
5703 0
5704 0
5705 0
5706 0
5707 0
5708 0
5709 1
5710 0
5711 1
5712 1
5713 1
5714 0
5715 1
5716 0
5717 0
5718 0
5719 1
5720 0
5721 0
5722 0
5723 1
5724 1
5725 1
5726 1
5727 0
5728 1
5729 1
5730 1
5731 1
5732 1
5733 1
5734 0
5735 1
5736 1
5737 1
5738 0
5739 1
5740 1
5741 1
5742 1
5743 2
5744 2
5745 0
5746 2
5747 2
5748 1
5749 0
5750 2
5751 1
5752 1
5753 0
5754 0
5755 0
5756 2
5757 0
5758 1
5759 1
5760 1
5761 0
5762 1
5763 0
5764 0
5765 1
5766 1
5767 0
5768 0
5769 1
5770 1
5771 1
5772 0
5773 0
5774 0
5775 0
5776 1
5777 0
5778 0
5779 1
5780 0
5781 0
5782 0
5783 0
5784 1
5785 1
5786 1
5787 1
5788 0
5789 1
5790 1
5791 1
5792 1
5793 1
5794 1
5795 0
5796 1
5797 1
5798 1
5799 0
5800 0
5801 0
5802 0
5803 0
5804 0
5805 0
5806 0
5807 0
5808 0
5809 0
5810 0
5811 0
5812 0
5813 0
5814 0
5815 0
5816 0
5817 0
5818 0
5819 0
5820 0
5821 1
5822 0
5823 0
5824 1
5825 1
5826 0
5827 0
5828 0
5829 0
5830 0
5831 0
5832 0
5833 0
5834 0
5835 1
5836 0
5837 0
5838 0
5839 0
5840 0
5841 0
5842 0
5843 0
5844 0
5845 1
5846 0
5847 1
5848 1
5849 1
5850 1
5851 1
5852 0
5853 1
5854 0
5855 0
5856 0
5857 1
5858 0
5859 0
5860 0
5861 0
5862 0
5863 1
5864 0
5865 1
5866 0
5867 0
5868 0
5869 0
5870 0
5871 0
5872 0
5873 0
5874 0
5875 0
5876 1
5877 1
5878 1
5879 0
5880 0
5881 0
5882 0
5883 1
5884 2
5885 1
5886 0
5887 0
5888 1
5889 1
5890 0
5891 0
5892 0
5893 0
5894 0
5895 0
5896 0
5897 0
5898 0
5899 0
5900 0
5901 0
5902 0
5903 0
5904 0
5905 0
5906 0
5907 0
5908 0
5909 0
5910 1
5911 0
5912 0
5913 0
5914 0
5915 0
5916 0
5917 0
5918 0
5919 1
5920 0
5921 0
5922 0
5923 0
5924 0
5925 0
5926 0
5927 1
5928 0
5929 1
5930 0
5931 0
5932 0
5933 0
5934 0
5935 0
5936 1
5937 0
5938 0
5939 0
5940 0
5941 0
5942 0
5943 0
5944 0
5945 1
5946 1
5947 0
5948 0
5949 0
5950 0
5951 0
5952 1
5953 0
5954 1
5955 0
5956 0
5957 0
5958 0
5959 0
5960 0
5961 0
5962 0
5963 0
5964 0
5965 0
5966 0
5967 0
5968 0
5969 0
5970 0
5971 0
5972 0
5973 1
5974 0
5975 0
5976 0
5977 0
5978 0
5979 0
5980 0
5981 0
5982 0
5983 1
5984 0
5985 0
5986 1
5987 1
5988 0
5989 0
5990 0
5991 1
5992 1
5993 0
5994 0
5995 0
5996 0
5997 0
5998 0
5999 0
6000 0
6001 0
6002 0
6003 0
6004 0
6005 0
6006 0
6007 0
6008 0
6009 0
6010 0
6011 0
6012 1
6013 1
6014 0
6015 0
6016 0
6017 1
6018 0
6019 0
6020 1
6021 1
6022 0
6023 0
6024 0
6025 0
6026 0
6027 0
6028 1
6029 2
6030 1
6031 1
6032 1
6033 2
6034 0
6035 2
6036 2
6037 0
6038 3
6039 2
6040 2
6041 2
6042 0
6043 2
6044 2
6045 1
6046 2
6047 2
6048 3
6049 3
6050 1
6051 1
6052 3
6053 2
6054 1
6055 1
6056 0
6057 0
6058 2
6059 1
6060 2
6061 1
6062 2
6063 1
6064 0
6065 2
6066 0
6067 2
6068 0
6069 1
6070 0
6071 0
6072 1
6073 2
6074 1
6075 2
6076 2
6077 0
6078 2
6079 1
6080 1
6081 2
6082 0
6083 2
6084 2
6085 2
6086 1
6087 2
6088 1
6089 1
6090 2
6091 2
6092 3
6093 1
6094 0
6095 0
6096 2
6097 2
6098 1
6099 1
6100 0
6101 1
6102 2
6103 2
6104 2
6105 2
6106 1
6107 2
6108 2
6109 2
6110 2
6111 1
6112 1
6113 2
6114 0
6115 2
6116 0
6117 1
6118 1
6119 2
6120 0
6121 1
6122 1
6123 2
6124 1
6125 1
6126 1
6127 2
6128 1
6129 2
6130 2
6131 2
6132 1
6133 1
6134 1
6135 1
6136 2
6137 0
6138 2
6139 2
6140 1
6141 1
6142 2
6143 1
6144 1
6145 1
6146 2
6147 0
6148 1
6149 1
6150 1
6151 0
6152 2
6153 2
6154 2
6155 1
6156 2
6157 2
6158 2
6159 1
6160 0
6161 2
6162 1
6163 0
6164 1
6165 2
6166 1
6167 2
6168 1
6169 1
6170 2
6171 1
6172 1
6173 2
6174 2
6175 2
6176 1
6177 1
6178 2
6179 1
6180 2
6181 2
6182 1
6183 1
6184 2
6185 0
6186 1
6187 1
6188 1
6189 0
6190 2
6191 1
6192 1
6193 0
6194 2
6195 1
6196 1
6197 2
6198 1
6199 2
6200 1
6201 1
6202 1
6203 0
6204 0
6205 1
6206 2
6207 2
6208 0
6209 1
6210 1
6211 2
6212 1
6213 1
6214 0
6215 1
6216 1
6217 0
6218 1
6219 1
6220 0
6221 1
6222 2
6223 1
6224 1
6225 0
6226 1
6227 1
6228 0
6229 2
6230 1
6231 2
6232 2
6233 1
6234 0
6235 2
6236 2
6237 2
6238 0
6239 1
6240 2
6241 2
6242 1
6243 2
6244 2
6245 1
6246 3
6247 1
6248 2
6249 1
6250 1
6251 3
6252 1
6253 2
6254 1
6255 1
6256 1
6257 0
6258 1
6259 0
6260 1
6261 2
6262 0
6263 2
6264 2
6265 1
6266 2
6267 1
6268 1
6269 1
6270 1
6271 3
6272 1
6273 3
6274 2
6275 2
6276 0
6277 1
6278 1
6279 1
6280 1
6281 2
6282 2
6283 2
6284 1
6285 1
6286 3
6287 2
6288 3
6289 2
6290 0
6291 0
6292 1
6293 2
6294 1
6295 0
6296 1
6297 2
6298 1
6299 2
6300 2
6301 2
6302 2
6303 2
6304 1
6305 1
6306 2
6307 0
6308 2
6309 1
6310 1
6311 2
6312 3
6313 2
6314 2
6315 1
6316 2
6317 1
6318 1
6319 1
6320 2
6321 2
6322 2
6323 2
6324 2
6325 2
6326 0
6327 3
6328 1
6329 2
6330 1
6331 2
6332 0
6333 1
6334 2
6335 2
6336 1
6337 1
6338 2
6339 2
6340 1
6341 0
6342 1
6343 1
6344 1
6345 1
6346 1
6347 1
6348 2
6349 1
6350 1
6351 2
6352 0
6353 1
6354 0
6355 1
6356 0
6357 1
6358 1
6359 0
6360 0
6361 0
6362 0
6363 0
6364 1
6365 2
6366 2
6367 2
6368 0
6369 0
6370 2
6371 1
6372 1
6373 1
6374 0
6375 0
6376 0
6377 0
6378 0
6379 0
6380 0
6381 0
6382 0
6383 1
6384 1
6385 0
6386 1
6387 0
6388 1
6389 0
6390 0
6391 0
6392 1
6393 0
6394 2
6395 0
6396 1
6397 1
6398 2
6399 2
6400 1
6401 1
6402 1
6403 1
6404 2
6405 2
6406 1
6407 2
6408 1
6409 1
6410 1
6411 2
6412 2
6413 1
6414 2
6415 2
6416 1
6417 2
6418 0
6419 1
6420 2
6421 2
6422 2
6423 1
6424 2
6425 2
6426 1
6427 0
6428 2
6429 2
6430 1
6431 2
6432 1
6433 1
6434 0
6435 1
6436 0
6437 0
6438 1
6439 1
6440 1
6441 1
6442 0
6443 1
6444 0
6445 0
6446 1
6447 2
6448 3
6449 3
6450 3
6451 2
6452 2
6453 2
6454 2
6455 1
6456 2
6457 0
6458 1
6459 2
6460 1
6461 2
6462 2
6463 2
6464 1
6465 2
6466 2
6467 2
6468 2
6469 2
6470 0
6471 1
6472 1
6473 1
6474 1
6475 1
6476 2
6477 2
6478 1
6479 1
6480 0
6481 1
6482 1
6483 2
6484 1
6485 1
6486 1
6487 2
6488 2
6489 2
6490 1
6491 1
6492 0
6493 3
6494 2
6495 2
6496 2
6497 1
6498 0
6499 2
6500 0
6501 1
6502 1
6503 1
6504 1
6505 1
6506 1
6507 2
6508 2
6509 1
6510 1
6511 1
6512 1
6513 0
6514 2
6515 3
6516 0
6517 1
6518 2
6519 1
6520 2
6521 0
6522 1
6523 1
6524 1
6525 2
6526 2
6527 1
6528 0
6529 0
6530 0
6531 0
6532 0
6533 0
6534 0
6535 1
6536 0
6537 0
6538 1
6539 1
6540 1
6541 1
6542 0
6543 0
6544 1
6545 1
6546 0
6547 1
6548 1
6549 1
6550 1
6551 1
6552 1
6553 0
6554 0
6555 0
6556 0
6557 0
6558 1
6559 0
6560 1
6561 0
6562 1
6563 0
6564 0
6565 1
6566 0
6567 0
6568 0
6569 1
6570 0
6571 0
6572 0
6573 1
6574 0
6575 0
6576 0
6577 0
6578 0
6579 0
6580 1
6581 1
6582 1
6583 1
6584 0
6585 1
6586 0
6587 1
6588 2
6589 0
6590 2
6591 2
6592 2
6593 1
6594 1
6595 0
6596 1
6597 1
6598 1
6599 1
6600 2
6601 2
6602 1
6603 1
6604 2
6605 2
6606 1
6607 1
6608 1
6609 3
6610 1
6611 2
6612 0
6613 1
6614 2
6615 1
6616 1
6617 1
6618 1
6619 1
6620 1
6621 2
6622 1
6623 1
6624 3
6625 1
6626 1
6627 1
6628 3
6629 1
6630 2
6631 2
6632 2
6633 1
6634 1
6635 0
6636 1
6637 1
6638 2
6639 1
6640 2
6641 2
6642 0
6643 1
6644 1
6645 0
6646 0
6647 0
6648 0
6649 0
6650 0
6651 0
6652 2
6653 1
6654 0
6655 0
6656 0
6657 0
6658 0
6659 0
6660 0
6661 1
6662 1
6663 0
6664 1
6665 1
6666 0
6667 0
6668 0
6669 1
6670 0
6671 0
6672 0
6673 0
6674 0
6675 0
6676 1
6677 0
6678 0
6679 1
6680 0
6681 0
6682 0
6683 0
6684 0
6685 0
6686 0
6687 0
6688 1
6689 0
6690 0
6691 0
6692 0
6693 0
6694 0
6695 0
6696 0
6697 0
6698 0
6699 0
6700 1
6701 0
6702 1
6703 0
6704 0
6705 1
6706 0
6707 0
6708 0
6709 0
6710 0
6711 0
6712 0
6713 0
6714 0
6715 1
6716 0
6717 0
6718 0
6719 0
6720 1
6721 1
6722 2
6723 3
6724 2
6725 1
6726 0
6727 1
6728 1
6729 0
6730 0
6731 0
6732 0
6733 0
6734 1
6735 0
6736 0
6737 1
6738 0
6739 0
6740 0
6741 0
6742 0
6743 1
6744 0
6745 0
6746 0
6747 0
6748 0
6749 0
6750 0
6751 0
6752 0
6753 0
6754 1
6755 0
6756 0
6757 0
6758 0
6759 1
6760 1
6761 0
6762 0
6763 0
6764 0
6765 0
6766 0
6767 0
6768 0
6769 0
6770 0
6771 0
6772 0
6773 0
6774 1
6775 1
6776 1
6777 0
6778 2
6779 0
6780 1
6781 0
6782 1
6783 0
6784 0
6785 0
6786 0
6787 0
6788 0
6789 0
6790 0
6791 0
6792 0
6793 1
6794 1
6795 0
6796 0
6797 0
6798 0
6799 0
6800 0
6801 0
6802 0
6803 0
6804 0
6805 1
6806 0
6807 0
6808 2
6809 1
6810 1
6811 1
6812 0
6813 2
6814 2
6815 2
6816 1
6817 1
6818 0
6819 2
6820 2
6821 1
6822 3
6823 2
6824 1
6825 1
6826 2
6827 1
6828 2
6829 1
6830 1
6831 1
6832 2
6833 1
6834 2
6835 1
6836 2
6837 1
6838 0
6839 1
6840 1
6841 1
6842 1
6843 0
6844 2
6845 2
6846 1
6847 1
6848 2
6849 2
6850 1
6851 1
6852 2
6853 2
6854 1
6855 3
6856 1
6857 2
6858 2
6859 2
6860 1
6861 2
6862 2
6863 0
6864 2
6865 1
6866 0
6867 1
6868 2
6869 0
6870 2
6871 2
6872 1
6873 1
6874 1
6875 2
6876 0
6877 1
6878 2
6879 3
6880 1
6881 2
6882 2
6883 1
6884 1
6885 2
6886 1
6887 1
6888 1
6889 0
6890 1
6891 0
6892 2
6893 1
6894 1
6895 1
6896 0
6897 2
6898 2
6899 0
6900 0
6901 1
6902 1
6903 2
6904 1
6905 3
6906 1
6907 1
6908 1
6909 1
6910 1
6911 1
6912 1
6913 2
6914 1
6915 1
6916 1
6917 1
6918 0
6919 2
6920 2
6921 1
6922 1
6923 1
6924 2
6925 1
6926 1
6927 1
6928 1
6929 2
6930 2
6931 1
6932 1
6933 1
6934 2
6935 2
6936 1
6937 1
6938 1
6939 1
6940 2
6941 3
6942 1
6943 1
6944 1
6945 2
6946 1
6947 1
6948 1
6949 1
6950 1
6951 2
6952 1
6953 1
6954 1
6955 2
6956 1
6957 1
6958 0
6959 0
6960 0
6961 0
6962 0
6963 0
6964 0
6965 0
6966 0
6967 0
6968 1
6969 0
6970 0
6971 0
6972 0
6973 0
6974 0
6975 0
6976 0
6977 0
6978 1
6979 0
6980 0
6981 0
6982 1
6983 1
6984 0
6985 0
6986 0
6987 0
6988 0
6989 1
6990 2
6991 1
6992 1
6993 0
6994 1
6995 1
6996 2
6997 1
6998 1
6999 1
7000 0
7001 1
7002 1
7003 2
7004 1
7005 1
7006 1
7007 1
7008 0
7009 1
7010 0
7011 0
7012 1
7013 2
7014 2
7015 0
7016 1
7017 1
7018 1
7019 2
7020 3
7021 2
7022 2
7023 3
7024 1
7025 2
7026 2
7027 0
7028 0
7029 1
7030 0
7031 2
7032 0
7033 0
7034 0
7035 1
7036 0
7037 1
7038 0
7039 0
7040 1
7041 1
7042 0
7043 0
7044 0
7045 0
7046 2
7047 2
7048 0
7049 0
7050 0
7051 0
7052 0
7053 0
7054 1
7055 0
7056 0
7057 0
7058 1
7059 1
7060 0
7061 0
7062 1
7063 1
7064 0
7065 0
7066 1
7067 1
7068 1
7069 1
7070 1
7071 1
7072 0
7073 1
7074 1
7075 0
7076 0
7077 1
7078 0
7079 0
7080 0
7081 0
7082 0
7083 1
7084 0
7085 0
7086 0
7087 0
7088 0
7089 1
7090 1
7091 1
7092 1
7093 0
7094 0
7095 0
7096 0
7097 0
7098 0
7099 0
7100 0
7101 0
7102 0
7103 0
7104 0
7105 1
7106 1
7107 1
7108 0
7109 1
7110 1
7111 3
7112 2
7113 1
7114 1
7115 1
7116 1
7117 1
7118 1
7119 1
7120 0
7121 0
7122 0
7123 0
7124 0
7125 0
7126 0
7127 0
7128 0
7129 1
7130 0
7131 1
7132 1
7133 0
7134 0
7135 0
7136 0
7137 0
7138 0
7139 0
7140 0
7141 2
7142 1
7143 1
7144 1
7145 0
7146 0
7147 1
7148 0
7149 0
7150 0
7151 0
7152 1
7153 0
7154 0
7155 0
7156 0
7157 0
7158 1
7159 1
7160 2
7161 1
7162 0
7163 1
7164 0
7165 2
7166 0
7167 0
7168 1
7169 0
7170 1
7171 0
7172 1
7173 1
7174 0
7175 0
7176 1
7177 1
7178 2
7179 1
7180 1
7181 1
7182 2
7183 2
7184 1
7185 1
7186 1
7187 3
7188 2
7189 2
7190 3
7191 1
7192 1
7193 2
7194 1
7195 1
7196 1
7197 1
7198 0
7199 2
7200 0
7201 1
7202 1
7203 2
7204 2
7205 2
7206 1
7207 0
7208 1
7209 1
7210 2
7211 1
7212 1
7213 1
7214 2
7215 2
7216 1
7217 2
7218 0
7219 1
7220 1
7221 1
7222 1
7223 2
7224 1
7225 2
7226 1
7227 2
7228 1
7229 2
7230 2
7231 0
7232 0
7233 1
7234 1
7235 1
7236 1
7237 3
7238 2
7239 1
7240 1
7241 0
7242 1
7243 3
7244 0
7245 2
7246 1
7247 2
7248 2
7249 2
7250 3
7251 1
7252 0
7253 1
7254 2
7255 0
7256 3
7257 1
7258 0
7259 1
7260 1
7261 1
7262 0
7263 1
7264 0
7265 1
7266 3
7267 0
7268 0
7269 1
7270 0
7271 0
7272 0
7273 0
7274 1
7275 1
7276 1
7277 1
7278 3
7279 1
7280 1
7281 1
7282 1
7283 1
7284 1
7285 1
7286 2
7287 1
7288 2
7289 1
7290 1
7291 1
7292 1
7293 2
7294 3
7295 1
7296 2
7297 0
7298 1
7299 0
7300 2
7301 2
7302 1
7303 1
7304 2
7305 2
7306 2
7307 3
7308 3
7309 2
7310 1
7311 1
7312 1
7313 0
7314 1
7315 1
7316 1
7317 2
7318 2
7319 0
7320 0
7321 1
7322 2
7323 1
7324 1
7325 2
7326 2
7327 2
7328 2
7329 1
7330 1
7331 2
7332 2
7333 2
7334 1
7335 1
7336 1
7337 0
7338 2
7339 1
7340 0
7341 2
7342 0
7343 1
7344 2
7345 1
7346 1
7347 1
7348 1
7349 1
7350 1
7351 1
7352 1
7353 0
7354 1
7355 2
7356 0
7357 0
7358 0
7359 0
7360 1
7361 0
7362 0
7363 0
7364 0
7365 1
7366 1
7367 0
7368 1
7369 1
7370 0
7371 1
7372 2
7373 0
7374 1
7375 0
7376 0
7377 1
7378 0
7379 0
7380 0
7381 0
7382 0
7383 1
7384 1
7385 0
7386 1
7387 1
7388 1
7389 1
7390 1
7391 2
7392 1
7393 0
7394 1
7395 1
7396 1
7397 0
7398 1
7399 1
7400 1
7401 0
7402 0
7403 0
7404 0
7405 1
7406 0
7407 0
7408 0
7409 0
7410 0
7411 0
7412 0
7413 0
7414 0
7415 1
7416 0
7417 2
7418 0
7419 1
7420 0
7421 1
7422 0
7423 1
7424 1
7425 0
7426 0
7427 0
7428 1
7429 0
7430 1
7431 1
7432 0
7433 0
7434 0
7435 0
7436 0
7437 0
7438 0
7439 1
7440 1
7441 0
7442 0
7443 0
7444 1
7445 0
7446 0
7447 0
7448 0
7449 0
7450 0
7451 0
7452 1
7453 0
7454 0
7455 0
7456 0
7457 1
7458 0
7459 1
7460 0
7461 1
7462 0
7463 0
7464 1
7465 0
7466 0
7467 1
7468 1
7469 2
7470 2
7471 0
7472 2
7473 1
7474 1
7475 2
7476 2
7477 2
7478 2
7479 3
7480 1
7481 1
7482 1
7483 0
7484 1
7485 1
7486 2
7487 2
7488 1
7489 3
7490 2
7491 1
7492 1
7493 1
7494 2
7495 1
7496 1
7497 1
7498 2
7499 1
7500 0
7501 1
7502 0
7503 1
7504 0
7505 1
7506 0
7507 1
7508 2
7509 1
7510 2
7511 2
7512 1
7513 1
7514 2
7515 3
7516 2
7517 2
7518 1
7519 2
7520 2
7521 1
7522 2
7523 1
7524 1
7525 0
7526 2
7527 3
7528 2
7529 1
7530 2
7531 1
7532 2
7533 1
7534 2
7535 1
7536 2
7537 2
7538 1
7539 0
7540 2
7541 1
7542 1
7543 2
7544 1
7545 2
7546 1
7547 1
7548 3
7549 0
7550 1
7551 0
7552 1
7553 1
7554 2
7555 0
7556 1
7557 0
7558 2
7559 1
7560 2
7561 2
7562 2
7563 1
7564 1
7565 0
7566 2
7567 1
7568 0
7569 1
7570 2
7571 2
7572 1
7573 1
7574 0
7575 1
7576 1
7577 1
7578 0
7579 1
7580 2
7581 1
7582 2
7583 2
7584 2
7585 2
7586 1
7587 1
7588 2
7589 2
7590 1
7591 1
7592 2
7593 1
7594 1
7595 1
7596 2
7597 1
7598 1
7599 3
7600 1
7601 1
7602 2
7603 2
7604 2
7605 0
7606 2
7607 2
7608 1
7609 1
7610 1
7611 2
7612 1
7613 1
7614 0
7615 1
7616 1
7617 1
7618 2
7619 1
7620 1
7621 2
7622 1
7623 2
7624 3
7625 2
7626 1
7627 1
7628 1
7629 1
7630 1
7631 2
7632 1
7633 2
7634 0
7635 1
7636 2
7637 1
7638 2
7639 2
7640 1
7641 1
7642 2
7643 1
7644 0
7645 1
7646 1
7647 2
7648 2
7649 1
7650 1
7651 1
7652 0
7653 2
7654 1
7655 1
7656 1
7657 2
7658 1
7659 2
7660 0
7661 2
7662 1
7663 1
7664 1
7665 1
7666 2
7667 1
7668 2
7669 2
7670 1
7671 3
7672 2
7673 1
7674 1
7675 1
7676 2
7677 1
7678 1
7679 0
7680 1
7681 0
7682 0
7683 1
7684 0
7685 3
7686 2
7687 2
7688 2
7689 2
7690 3
7691 2
7692 2
7693 2
7694 1
7695 2
7696 2
7697 2
7698 1
7699 2
7700 1
7701 2
7702 2
7703 2
7704 2
7705 1
7706 1
7707 2
7708 1
7709 2
7710 1
7711 2
7712 1
7713 1
7714 1
7715 0
7716 1
7717 1
7718 3
7719 1
7720 1
7721 1
7722 0
7723 2
7724 1
7725 2
7726 1
7727 2
7728 1
7729 1
7730 1
7731 2
7732 3
7733 1
7734 2
7735 2
7736 2
7737 2
7738 0
7739 2
7740 2
7741 1
7742 0
7743 1
7744 2
7745 2
7746 1
7747 1
7748 0
7749 1
7750 1
7751 0
7752 0
7753 1
7754 1
7755 0
7756 1
7757 0
7758 0
7759 0
7760 0
7761 0
7762 0
7763 1
7764 1
7765 1
7766 2
7767 1
7768 1
7769 1
7770 1
7771 1
7772 1
7773 1
7774 1
7775 2
7776 1
7777 1
7778 0
7779 1
7780 0
7781 2
7782 1
7783 1
7784 1
7785 0
7786 1
7787 0
7788 0
7789 0
7790 0
7791 0
7792 0
7793 1
7794 0
7795 0
7796 1
7797 1
7798 0
7799 1
7800 1
7801 1
7802 0
7803 0
7804 0
7805 1
7806 0
7807 0
7808 0
7809 0
7810 0
7811 0
7812 0
7813 0
7814 0
7815 0
7816 0
7817 1
7818 0
7819 1
7820 0
7821 0
7822 0
7823 0
7824 0
7825 0
7826 0
7827 0
7828 0
7829 0
7830 0
7831 0
7832 0
7833 0
7834 0
7835 0
7836 0
7837 0
7838 0
7839 0
7840 0
7841 0
7842 0
7843 0
7844 0
7845 0
7846 0
7847 0
7848 0
7849 0
7850 0
7851 0
7852 0
7853 0
7854 0
7855 0
7856 0
7857 0
7858 0
7859 0
7860 0
7861 0
7862 0
7863 0
7864 0
7865 0
7866 0
7867 0
7868 0
7869 0
7870 0
7871 0
7872 0
7873 0
7874 0
7875 0
7876 0
7877 0
7878 0
7879 0
7880 0
7881 0
7882 0
7883 0
7884 0
7885 0
7886 0
7887 0
7888 0
7889 0
7890 0
7891 0
7892 0
7893 0
7894 0
7895 0
7896 0
7897 0
7898 0
7899 1
7900 1
7901 1
7902 1
7903 1
7904 1
7905 1
7906 0
7907 0
7908 0
7909 0
7910 0
7911 1
7912 0
7913 0
7914 0
7915 0
7916 0
7917 0
7918 0
7919 0
7920 0
7921 0
7922 0
7923 0
7924 0
7925 0
7926 0
7927 0
7928 0
7929 0
7930 0
7931 0
7932 0
7933 0
7934 0
7935 1
7936 1
7937 0
7938 1
7939 0
7940 1
7941 0
7942 0
7943 1
7944 0
7945 1
7946 0
7947 0
7948 1
7949 0
7950 0
7951 0
7952 1
7953 1
7954 1
7955 1
7956 1
7957 1
7958 1
7959 1
7960 1
7961 1
7962 0
7963 1
7964 1
7965 0
7966 1
7967 0
7968 1
7969 1
7970 0
7971 0
7972 3
7973 1
7974 1
7975 2
7976 3
7977 2
7978 2
7979 2
7980 2
7981 2
7982 1
7983 1
7984 1
7985 0
7986 0
7987 1
7988 1
7989 0
7990 1
7991 0
7992 1
7993 0
7994 0
7995 1
7996 0
7997 0
7998 1
7999 0
8000 0
8001 0
8002 0
8003 0
8004 0
8005 0
8006 0
8007 0
8008 0
8009 0
8010 0
8011 0
8012 0
8013 0
8014 0
8015 0
8016 0
8017 0
8018 0
8019 0
8020 0
8021 0
8022 0
8023 0
8024 1
8025 1
8026 0
8027 1
8028 1
8029 0
8030 0
8031 0
8032 0
8033 0
8034 0
8035 0
8036 0
8037 0
8038 0
8039 0
8040 0
8041 0
8042 0
8043 1
8044 0
8045 0
8046 0
8047 0
8048 0
8049 0
8050 1
8051 0
8052 0
8053 0
8054 0
8055 0
8056 0
8057 0
8058 1
8059 0
8060 0
8061 0
8062 1
8063 0
8064 1
8065 0
8066 0
8067 0
8068 0
8069 0
8070 0
8071 0
8072 0
8073 0
8074 0
8075 2
8076 1
8077 0
8078 1
8079 2
8080 2
8081 1
8082 0
8083 0
8084 0
8085 0
8086 1
8087 0
8088 0
8089 0
8090 1
8091 0
8092 1
8093 2
8094 2
8095 2
8096 0
8097 0
8098 0
8099 1
8100 0
8101 0
8102 0
8103 1
8104 0
8105 0
8106 0
8107 0
8108 0
8109 0
8110 0
8111 0
8112 0
8113 0
8114 0
8115 0
8116 0
8117 0
8118 0
8119 1
8120 1
8121 0
8122 0
8123 1
8124 1
8125 0
8126 0
8127 0
8128 0
8129 0
8130 0
8131 0
8132 0
8133 0
8134 0
8135 0
8136 0
8137 0
8138 0
8139 0
8140 0
8141 0
8142 0
8143 0
8144 0
8145 0
8146 0
8147 0
8148 0
8149 0
8150 0
8151 1
8152 0
8153 1
8154 1
8155 1
8156 0
8157 1
8158 0
8159 1
8160 0
8161 1
8162 0
8163 2
8164 0
8165 1
8166 0
8167 1
8168 1
8169 1
8170 1
8171 2
8172 0
8173 2
8174 1
8175 1
8176 1
8177 1
8178 1
8179 1
8180 1
8181 1
8182 1
8183 1
8184 0
8185 1
8186 1
8187 2
8188 2
8189 1
8190 2
8191 0
8192 1
8193 1
8194 1
8195 1
8196 2
8197 1
8198 2
8199 0
8200 1
8201 1
8202 1
8203 0
8204 2
8205 2
8206 2
8207 1
8208 1
8209 2
8210 2
8211 1
8212 2
8213 2
8214 3
8215 2
8216 2
8217 0
8218 0
8219 2
8220 2
8221 2
8222 2
8223 1
8224 0
8225 2
8226 2
8227 1
8228 0
8229 0
8230 0
8231 1
8232 1
8233 2
8234 1
8235 1
8236 2
8237 1
8238 1
8239 2
8240 1
8241 1
8242 0
8243 1
8244 1
8245 2
8246 1
8247 1
8248 1
8249 2
8250 1
8251 2
8252 0
8253 1
8254 2
8255 2
8256 1
8257 1
8258 1
8259 1
8260 0
8261 0
8262 2
8263 1
8264 2
8265 1
8266 1
8267 0
8268 1
8269 0
8270 0
8271 0
8272 0
8273 0
8274 0
8275 0
8276 0
8277 0
8278 2
8279 1
8280 1
8281 2
8282 0
8283 1
8284 1
8285 2
8286 0
8287 1
8288 0
8289 1
8290 1
8291 2
8292 1
8293 2
8294 1
8295 1
8296 0
8297 1
8298 2
8299 2
8300 2
8301 2
8302 1
8303 2
8304 0
8305 1
8306 1
8307 1
8308 2
8309 0
8310 0
8311 0
8312 1
8313 0
8314 0
8315 0
8316 2
8317 0
8318 1
8319 0
8320 1
8321 1
8322 2
8323 0
8324 1
8325 0
8326 1
8327 0
8328 0
8329 0
8330 3
8331 1
8332 2
8333 2
8334 1
8335 1
8336 1
8337 1
8338 1
8339 1
8340 1
8341 2
8342 1
8343 1
8344 1
8345 1
8346 1
8347 1
8348 1
8349 0
8350 0
8351 2
8352 1
8353 1
8354 1
8355 1
8356 2
8357 2
8358 2
8359 2
8360 2
8361 2
8362 1
8363 2
8364 2
8365 0
8366 2
8367 1
8368 2
8369 2
8370 0
8371 1
8372 2
8373 2
8374 1
8375 1
8376 1
8377 1
8378 0
8379 1
8380 2
8381 2
8382 0
8383 1
8384 1
8385 3
8386 1
8387 1
8388 2
8389 2
8390 0
8391 2
8392 1
8393 1
8394 2
8395 2
8396 0
8397 2
8398 0
8399 2
8400 1
8401 1
8402 1
8403 2
8404 2
8405 1
8406 1
8407 2
8408 1
8409 1
8410 2
8411 1
8412 1
8413 1
8414 2
8415 2
8416 1
8417 1
8418 1
8419 1
8420 1
8421 2
8422 1
8423 1
8424 1
8425 0
8426 1
8427 1
8428 1
8429 2
8430 1
8431 2
8432 1
8433 1
8434 1
8435 2
8436 2
8437 1
8438 1
8439 1
8440 1
8441 2
8442 1
8443 0
8444 2
8445 1
8446 1
8447 1
8448 1
8449 0
8450 1
8451 1
8452 1
8453 2
8454 1
8455 2
8456 0
8457 0
8458 0
8459 0
8460 0
8461 0
8462 0
8463 1
8464 0
8465 0
8466 0
8467 0
8468 2
8469 1
8470 1
8471 0
8472 2
8473 1
8474 3
8475 3
8476 0
8477 2
8478 2
8479 0
8480 1
8481 2
8482 2
8483 1
8484 2
8485 0
8486 1
8487 1
8488 2
8489 1
8490 1
8491 1
8492 1
8493 1
8494 1
8495 1
8496 2
8497 1
8498 1
8499 2
8500 0
8501 1
8502 0
8503 1
8504 1
8505 0
8506 3
8507 1
8508 2
8509 1
8510 1
8511 1
8512 1
8513 3
8514 2
8515 2
8516 2
8517 1
8518 1
8519 1
8520 1
8521 2
8522 1
8523 2
8524 3
8525 3
8526 1
8527 1
8528 0
8529 1
8530 2
8531 2
8532 1
8533 0
8534 1
8535 2
8536 1
8537 0
8538 1
8539 2
8540 1
8541 2
8542 1
8543 0
8544 1
8545 1
8546 0
8547 0
8548 1
8549 1
8550 2
8551 3
8552 1
8553 1
8554 1
8555 1
8556 0
8557 0
8558 2
8559 1
8560 1
8561 1
8562 1
8563 1
8564 1
8565 0
8566 0
8567 0
8568 1
8569 0
8570 0
8571 0
8572 0
8573 0
8574 0
8575 0
8576 0
8577 0
8578 1
8579 0
8580 1
8581 1
8582 0
8583 0
8584 0
8585 1
8586 1
8587 0
8588 0
8589 0
8590 0
8591 0
8592 2
8593 2
8594 1
8595 0
8596 1
8597 0
8598 1
8599 1
8600 0
8601 0
8602 0
8603 0
8604 0
8605 0
8606 0
8607 1
8608 0
8609 0
8610 0
8611 0
8612 0
8613 0
8614 0
8615 0
8616 1
8617 0
8618 1
8619 0
8620 0
8621 1
8622 0
8623 0
8624 1
8625 0
8626 0
8627 1
8628 2
8629 1
8630 1
8631 1
8632 2
8633 0
8634 1
8635 0
8636 2
8637 1
8638 1
8639 1
8640 1
8641 2
8642 1
8643 1
8644 2
8645 2
8646 2
8647 1
8648 1
8649 2
8650 2
8651 1
8652 1
8653 1
8654 1
8655 0
8656 2
8657 1
8658 2
8659 2
8660 1
8661 1
8662 1
8663 1
8664 1
8665 1
8666 1
8667 1
8668 1
8669 1
8670 1
8671 1
8672 2
8673 1
8674 2
8675 1
8676 2
8677 1
8678 2
8679 0
8680 2
8681 2
8682 2
8683 2
8684 0
8685 1
8686 0
8687 1
8688 1
8689 1
8690 0
8691 0
8692 0
8693 0
8694 0
8695 1
8696 0
8697 1
8698 1
8699 2
8700 1
8701 1
8702 0
8703 0
8704 0
8705 0
8706 0
8707 1
8708 0
8709 0
8710 1
8711 0
8712 1
8713 0
8714 1
8715 0
8716 1
8717 0
8718 0
8719 1
8720 0
8721 1
8722 0
8723 1
8724 1
8725 0
8726 0
8727 0
8728 1
8729 1
8730 1
8731 0
8732 0
8733 0
8734 0
8735 0
8736 0
8737 0
8738 0
8739 1
8740 1
8741 0
8742 0
8743 0
8744 0
8745 0
8746 1
8747 0
8748 0
8749 1
8750 0
8751 0
8752 1
8753 0
8754 0
8755 0
8756 0
8757 0
8758 0
8759 0
8760 0
8761 0
8762 0
8763 0
8764 1
8765 1
8766 0
8767 0
8768 0
8769 0
8770 0
8771 0
8772 1
8773 1
8774 1
8775 0
8776 1
8777 1
8778 2
8779 1
8780 1
8781 2
8782 1
8783 2
8784 2
8785 2
8786 0
8787 2
8788 2
8789 2
8790 3
8791 2
8792 2
8793 1
8794 1
8795 0
8796 1
8797 2
8798 2
8799 1
8800 1
8801 1
8802 1
8803 1
8804 2
8805 2
8806 2
8807 1
8808 1
8809 0
8810 2
8811 1
8812 2
8813 0
8814 2
8815 2
8816 2
8817 1
8818 2
8819 1
8820 2
8821 1
8822 1
8823 2
8824 1
8825 2
8826 1
8827 0
8828 2
8829 2
8830 0
8831 1
8832 1
8833 1
8834 1
8835 1
8836 1
8837 1
8838 2
8839 1
8840 1
8841 1
8842 2
8843 1
8844 1
8845 1
8846 1
8847 1
8848 2
8849 0
8850 0
8851 1
8852 1
8853 2
8854 1
8855 1
8856 1
8857 2
8858 2
8859 0
8860 2
8861 1
8862 1
8863 1
8864 1
8865 2
8866 1
8867 1
8868 0
8869 2
8870 1
8871 2
8872 2
8873 1
8874 1
8875 0
8876 0
8877 0
8878 2
8879 2
8880 2
8881 1
8882 2
8883 1
8884 0
8885 2
8886 1
8887 1
8888 1
8889 1
8890 1
8891 1
8892 2
8893 1
8894 1
8895 2
8896 0
8897 1
8898 1
8899 3
8900 2
8901 0
8902 1
8903 1
8904 0
8905 0
8906 2
8907 1
8908 1
8909 0
8910 1
8911 1
8912 1
8913 2
8914 0
8915 1
8916 1
8917 2
8918 1
8919 2
8920 0
8921 1
8922 0
8923 1
8924 1
8925 2
8926 2
8927 2
8928 1
8929 0
8930 0
8931 1
8932 0
8933 0
8934 2
8935 1
8936 2
8937 1
8938 2
8939 1
8940 0
8941 2
8942 2
8943 1
8944 0
8945 3
8946 2
8947 2
8948 1
8949 1
8950 1
8951 2
8952 1
8953 0
8954 1
8955 2
8956 1
8957 2
8958 1
8959 0
8960 2
8961 1
8962 2
8963 2
8964 1
8965 0
8966 1
8967 1
8968 1
8969 1
8970 1
8971 0
8972 1
8973 1
8974 1
8975 1
8976 1
8977 0
8978 1
8979 0
8980 1
8981 1
8982 1
8983 1
8984 0
8985 2
8986 0
8987 1
8988 0
8989 0
8990 1
8991 1
8992 1
8993 2
8994 2
8995 1
8996 0
8997 0
8998 1
8999 0
9000 1
9001 0
9002 1
9003 2
9004 1
9005 1
9006 2
9007 1
9008 2
9009 1
9010 0
9011 3
9012 1
9013 1
9014 1
9015 1
9016 1
9017 1
9018 1
9019 1
9020 1
9021 2
9022 3
9023 1
9024 2
9025 2
9026 0
9027 0
9028 1
9029 0
9030 0
9031 0
9032 0
9033 0
9034 0
9035 0
9036 0
9037 0
9038 0
9039 0
9040 0
9041 0
9042 0
9043 0
9044 0
9045 0
9046 0
9047 0
9048 0
9049 0
9050 0
9051 1
9052 1
9053 0
9054 0
9055 0
9056 0
9057 1
9058 0
9059 0
9060 1
9061 0
9062 1
9063 1
9064 0
9065 0
9066 0
9067 0
9068 0
9069 0
9070 0
9071 0
9072 0
9073 0
9074 1
9075 0
9076 2
9077 1
9078 1
9079 2
9080 1
9081 2
9082 1
9083 1
9084 2
9085 1
9086 0
9087 1
9088 1
9089 1
9090 0
9091 1
9092 1
9093 1
9094 2
9095 1
9096 1
9097 1
9098 2
9099 1
9100 1
9101 1
9102 1
9103 2
9104 0
9105 0
9106 0
9107 2
9108 1
9109 1
9110 2
9111 1
9112 1
9113 2
9114 2
9115 1
9116 0
9117 0
9118 0
9119 1
9120 0
9121 0
9122 0
9123 0
9124 1
9125 1
9126 0
9127 0
9128 0
9129 0
9130 1
9131 0
9132 2
9133 1
9134 2
9135 2
9136 1
9137 1
9138 2
9139 2
9140 1
9141 2
9142 3
9143 1
9144 2
9145 1
9146 1
9147 2
9148 1
9149 1
9150 3
9151 1
9152 1
9153 2
9154 0
9155 1
9156 1
9157 1
9158 3
9159 3
9160 2
9161 2
9162 0
9163 0
9164 1
9165 0
9166 1
9167 1
9168 1
9169 1
9170 0
9171 0
9172 2
9173 0
9174 0
9175 1
9176 1
9177 0
9178 1
9179 1
9180 0
9181 0
9182 1
9183 1
9184 0
9185 0
9186 1
9187 0
9188 1
9189 1
9190 0
9191 1
9192 1
9193 0
9194 1
9195 1
9196 2
9197 0
9198 2
9199 1
9200 3
9201 2
9202 1
9203 2
9204 2
9205 1
9206 2
9207 2
9208 2
9209 1
9210 1
9211 2
9212 2
9213 1
9214 2
9215 1
9216 2
9217 1
9218 1
9219 3
9220 0
9221 2
9222 1
9223 0
9224 0
9225 0
9226 2
9227 0
9228 1
9229 0
9230 0
9231 0
9232 0
9233 0
9234 1
9235 0
9236 0
9237 0
9238 0
9239 0
9240 0
9241 0
9242 0
9243 0
9244 1
9245 1
9246 0
9247 0
9248 0
9249 0
9250 0
9251 1
9252 1
9253 0
9254 0
9255 0
9256 1
9257 0
9258 0
9259 0
9260 0
9261 0
9262 2
9263 0
9264 2
9265 3
9266 1
9267 1
9268 2
9269 0
9270 2
9271 1
9272 1
9273 0
9274 0
9275 1
9276 0
9277 0
9278 0
9279 1
9280 0
9281 2
9282 3
9283 1
9284 0
9285 2
9286 1
9287 1
9288 2
9289 1
9290 0
9291 1
9292 1
9293 2
9294 1
9295 1
9296 1
9297 2
9298 2
9299 1
9300 1
9301 0
9302 0
9303 0
9304 0
9305 1
9306 0
9307 0
9308 1
9309 1
9310 2
9311 1
9312 1
9313 0
9314 2
9315 1
9316 2
9317 1
9318 1
9319 0
9320 2
9321 1
9322 2
9323 1
9324 2
9325 2
9326 2
9327 1
9328 2
9329 0
9330 1
9331 1
9332 1
9333 2
9334 1
9335 1
9336 1
9337 1
9338 1
9339 1
9340 1
9341 2
9342 2
9343 1
9344 2
9345 2
9346 1
9347 1
9348 1
9349 2
9350 1
9351 1
9352 2
9353 1
9354 0
9355 2
9356 2
9357 1
9358 2
9359 1
9360 1
9361 2
9362 2
9363 1
9364 1
9365 2
9366 2
9367 1
9368 2
9369 1
9370 2
9371 0
9372 1
9373 1
9374 1
9375 2
9376 3
9377 1
9378 2
9379 1
9380 1
9381 1
9382 1
9383 1
9384 1
9385 2
9386 1
9387 1
9388 2
9389 2
9390 1
9391 1
9392 1
9393 1
9394 2
9395 1
9396 1
9397 2
9398 1
9399 1
9400 2
9401 1
9402 0
9403 1
9404 1
9405 2
9406 1
9407 1
9408 1
9409 1
9410 1
9411 1
9412 1
9413 1
9414 2
9415 2
9416 2
9417 1
9418 1
9419 1
9420 2
9421 2
9422 1
9423 2
9424 2
9425 1
9426 1
9427 2
9428 1
9429 2
9430 2
9431 1
9432 1
9433 1
9434 0
9435 1
9436 1
9437 2
9438 1
9439 1
9440 1
9441 0
9442 1
9443 1
9444 1
9445 1
9446 1
9447 2
9448 2
9449 2
9450 1
9451 2
9452 1
9453 0
9454 0
9455 1
9456 1
9457 1
9458 1
9459 1
9460 0
9461 0
9462 2
9463 0
9464 2
9465 1
9466 2
9467 2
9468 0
9469 2
9470 0
9471 1
9472 2
9473 2
9474 2
9475 1
9476 1
9477 1
9478 1
9479 1
9480 1
9481 1
9482 1
9483 1
9484 1
9485 2
9486 0
9487 1
9488 0
9489 0
9490 1
9491 2
9492 2
9493 2
9494 1
9495 1
9496 2
9497 0
9498 1
9499 0
9500 1
9501 1
9502 2
9503 1
9504 1
9505 1
9506 2
9507 1
9508 2
9509 2
9510 2
9511 1
9512 1
9513 0
9514 0
9515 2
9516 1
9517 1
9518 0
9519 1
9520 1
9521 0
9522 1
9523 1
9524 1
9525 1
9526 1
9527 1
9528 0
9529 1
9530 0
9531 0
9532 0
9533 2
9534 1
9535 0
9536 2
9537 1
9538 1
9539 1
9540 0
9541 0
9542 0
9543 0
9544 2
9545 1
9546 1
9547 2
9548 1
9549 2
9550 2
9551 1
9552 2
9553 1
9554 2
9555 0
9556 1
9557 0
9558 2
9559 1
9560 2
9561 1
9562 1
9563 1
9564 2
9565 2
9566 1
9567 2
9568 2
9569 1
9570 1
9571 1
9572 1
9573 1
9574 1
9575 1
9576 1
9577 2
9578 2
9579 2
9580 2
9581 1
9582 1
9583 1
9584 2
9585 0
9586 1
9587 1
9588 1
9589 2
9590 1
9591 1
9592 1
9593 1
9594 1
9595 1
9596 1
9597 0
9598 2
9599 1
9600 1
9601 1
9602 1
9603 1
9604 1
9605 1
9606 2
9607 1
9608 1
9609 0
9610 1
9611 0
9612 0
9613 1
9614 0
9615 0
9616 0
9617 0
9618 2
9619 1
9620 1
9621 2
9622 0
9623 2
9624 2
9625 0
9626 2
9627 1
9628 1
9629 1
9630 1
9631 2
9632 2
9633 1
9634 1
9635 0
9636 1
9637 0
9638 0
9639 2
9640 1
9641 1
9642 0
9643 2
9644 2
9645 1
9646 1
9647 1
9648 2
9649 1
9650 2
9651 1
9652 2
9653 2
9654 1
9655 1
9656 1
9657 1
9658 2
9659 1
9660 1
9661 1
9662 0
9663 2
9664 1
9665 2
9666 1
9667 0
9668 1
9669 2
9670 1
9671 1
9672 2
9673 1
9674 1
9675 2
9676 1
9677 1
9678 1
9679 1
9680 0
9681 1
9682 1
9683 1
9684 1
9685 1
9686 1
9687 2
9688 2
9689 2
9690 2
9691 1
9692 1
9693 1
9694 1
9695 2
9696 1
9697 1
9698 2
9699 1
9700 1
9701 2
9702 0
9703 0
9704 1
9705 1
9706 1
9707 0
9708 0
9709 1
9710 1
9711 1
9712 2
9713 1
9714 1
9715 1
9716 2
9717 1
9718 1
9719 2
9720 1
9721 1
9722 0
9723 1
9724 2
9725 1
9726 0
9727 2
9728 1
9729 2
9730 1
9731 2
9732 1
9733 2
9734 1
9735 2
9736 1
9737 0
9738 1
9739 2
9740 0
9741 1
9742 0
9743 0
9744 1
9745 2
9746 1
9747 2
9748 2
9749 1
9750 0
9751 1
9752 1
9753 1
9754 1
9755 0
9756 0
9757 0
9758 1
9759 1
9760 1
9761 0
9762 1
9763 0
9764 1
9765 0
9766 2
9767 1
9768 2
9769 1
9770 1
9771 1
9772 2
9773 1
9774 1
9775 2
9776 1
9777 2
9778 2
9779 1
9780 1
9781 2
9782 2
9783 1
9784 1
9785 1
9786 2
9787 1
9788 2
9789 0
9790 1
9791 1
9792 2
9793 2
9794 1
9795 2
9796 2
9797 0
9798 1
9799 2
9800 1
9801 1
9802 0
9803 2
9804 1
9805 2
9806 0
9807 2
9808 0
9809 2
9810 1
9811 1
9812 2
9813 1
9814 1
9815 1
9816 1
9817 1
9818 1
9819 1
9820 2
9821 1
9822 1
9823 1
9824 2
9825 1
9826 2
9827 1
9828 1
9829 2
9830 1
9831 0
9832 3
9833 1
9834 2
9835 0
9836 0
9837 0
9838 2
9839 1
9840 2
9841 2
9842 2
9843 0
9844 0
9845 1
9846 2
9847 1
9848 2
9849 2
9850 0
9851 2
9852 1
9853 2
9854 2
9855 1
9856 2
9857 1
9858 1
9859 1
9860 1
9861 1
9862 2
9863 1
9864 2
9865 2
9866 1
9867 2
9868 1
9869 0
9870 2
9871 0
9872 0
9873 1
9874 1
9875 2
9876 1
9877 2
9878 2
9879 1
9880 0
9881 2
9882 1
9883 2
9884 1
9885 2
9886 1
9887 0
9888 2
9889 0
9890 1
9891 1
9892 1
9893 1
9894 0
9895 2
9896 2
9897 0
9898 1
9899 1
9900 1
9901 2
9902 1
9903 1
9904 2
9905 2
9906 1
9907 1
9908 2
9909 1
9910 0
9911 1
9912 1
9913 1
9914 1
9915 1
9916 1
9917 2
9918 1
9919 3
9920 1
9921 0
9922 2
9923 1
9924 1
9925 0
9926 1
9927 1
9928 2
9929 1
9930 2
9931 1
9932 1
9933 1
9934 2
9935 2
9936 1
9937 0
9938 1
9939 1
9940 0
9941 0
9942 0
9943 0
9944 0
9945 0
9946 1
9947 1
9948 0
9949 0
9950 0
9951 0
9952 1
9953 0
9954 0
9955 1
9956 1
9957 0
9958 0
9959 0
9960 0
9961 0
9962 0
9963 0
9964 0
9965 0
9966 1
9967 0
9968 0
9969 0
9970 0
9971 0
9972 1
9973 0
9974 0
9975 0
9976 0
9977 0
9978 0
9979 0
9980 0
9981 0
9982 0
9983 0
9984 0
9985 0
9986 0
9987 0
9988 0
9989 0
9990 0
9991 0
9992 0
9993 0
9994 0
9995 0
9996 0
9997 0
9998 0
9999 0
10000 0
10001 0
